time	V(n001)
0.000000000000000e+00	3.299984e+00
9.999999939225290e-09	3.299984e+00
1.015624993827569e-08	3.299984e+00
1.109374993257806e-08	3.299984e+00
1.205431650675559e-08	3.299984e+00
1.310998562654656e-08	3.299984e+00
1.488232472164329e-08	3.299984e+00
1.829128519957915e-08	3.299984e+00
2.159305022760429e-08	3.299984e+00
2.427225746823962e-08	3.299984e+00
2.657853337276497e-08	3.299984e+00
2.912009098941099e-08	3.299984e+00
3.215647779216308e-08	3.299984e+00
3.542973472423602e-08	3.299984e+00
3.788010998399733e-08	3.299984e+00
4.024089301011057e-08	3.299984e+00
4.309786231832071e-08	3.299984e+00
4.622193498947214e-08	3.299984e+00
5.033882649143640e-08	3.299984e+00
5.280998741787404e-08	3.299984e+00
5.522288999876101e-08	3.299984e+00
5.843005066167109e-08	3.299984e+00
6.153947468267845e-08	3.299984e+00
6.417157414935364e-08	3.299984e+00
6.658249255547926e-08	3.299984e+00
6.942387781316932e-08	3.299984e+00
7.258021395830095e-08	3.299984e+00
7.662275497609695e-08	3.299984e+00
7.898376244388076e-08	3.299984e+00
8.137078722612556e-08	3.299984e+00
8.465221625470753e-08	3.299984e+00
8.772527766280223e-08	3.299984e+00
9.050514972043211e-08	3.299984e+00
9.294406282810896e-08	3.299984e+00
9.577207112564758e-08	3.299984e+00
9.896563556965896e-08	3.299984e+00
1.029651447854918e-07	3.299984e+00
1.052447040016396e-07	3.299984e+00
1.076798880657217e-07	3.299984e+00
1.109813936244866e-07	3.299984e+00
1.140830204594794e-07	3.299984e+00
1.169392492759777e-07	3.299984e+00
1.193986272040364e-07	3.299984e+00
1.222405937793033e-07	3.299984e+00
1.254710770971147e-07	3.299984e+00
1.295067439609427e-07	3.299984e+00
1.318320006600681e-07	3.299984e+00
1.342896809144014e-07	3.299984e+00
1.376276743194698e-07	3.299984e+00
1.407992014268557e-07	3.299984e+00
1.436029616915874e-07	3.299984e+00
1.460897962876795e-07	3.299984e+00
1.490137631854473e-07	3.299984e+00
1.522762854310520e-07	3.299984e+00
1.565507640136446e-07	3.299984e+00
1.592060211284986e-07	3.299984e+00
1.618045781925699e-07	3.299984e+00
1.651129462659294e-07	3.299984e+00
1.686408007824997e-07	3.299984e+00
1.711162365907855e-07	3.299984e+00
1.736557695030198e-07	3.299984e+00
1.771688071774374e-07	3.299984e+00
1.804517227790916e-07	3.299984e+00
1.834565051506294e-07	3.299984e+00
1.859720819748103e-07	3.299984e+00
1.887706261246904e-07	3.299984e+00
1.920075609581477e-07	3.299984e+00
1.959628531670380e-07	3.299984e+00
1.984771896054049e-07	3.299984e+00
2.011398467844400e-07	3.299984e+00
2.045940985767366e-07	3.299984e+00
2.082904057597152e-07	3.299984e+00
2.108399061310043e-07	3.299984e+00
2.133643678959402e-07	3.299984e+00
2.164528816688980e-07	3.299984e+00
2.197340684553357e-07	3.299984e+00
2.234313016109545e-07	3.299984e+00
2.262477659082723e-07	3.299984e+00
2.292953670735428e-07	3.299984e+00
2.326996597351141e-07	3.299984e+00
2.374883115305000e-07	3.299984e+00
2.407055491272818e-07	3.299984e+00
2.437328652776002e-07	3.299984e+00
2.470938946197350e-07	3.299984e+00
2.504060763830163e-07	3.299984e+00
2.531790401838179e-07	3.299984e+00
2.563307097979198e-07	3.299984e+00
2.597607031584010e-07	3.299984e+00
2.638600139579182e-07	3.299984e+00
2.668101797770843e-07	3.299984e+00
2.697818243966653e-07	3.299984e+00
2.731549613465724e-07	3.299984e+00
2.773489908080203e-07	3.299984e+00
2.804265044051182e-07	3.299984e+00
2.836543915358808e-07	3.299984e+00
2.871660526213846e-07	3.299984e+00
2.906268809662489e-07	3.299984e+00
2.934236756480184e-07	3.299984e+00
2.964614462917730e-07	3.299984e+00
2.998506372451276e-07	3.299984e+00
3.041155029316683e-07	3.299984e+00
3.072206214334407e-07	3.299984e+00
3.104849700372798e-07	3.299984e+00
3.140381212186178e-07	3.299984e+00
3.174315832971775e-07	3.299984e+00
3.202322139727208e-07	3.299984e+00
3.233268545957492e-07	3.299984e+00
3.267535947121010e-07	3.299984e+00
3.308343420858276e-07	3.299984e+00
3.338919899824565e-07	3.299984e+00
3.371870099326780e-07	3.299984e+00
3.407682946025918e-07	3.299984e+00
3.470337991178926e-07	3.299984e+00
3.501766582262186e-07	3.299984e+00
3.536444712616428e-07	3.299984e+00
3.605961166975197e-07	3.299984e+00
3.639333811290022e-07	3.299984e+00
3.675469080766060e-07	3.299984e+00
3.709682316011109e-07	3.299984e+00
3.738162791914598e-07	3.299984e+00
3.770121847845665e-07	3.299984e+00
3.805209170311490e-07	3.299984e+00
3.843081620142008e-07	3.299984e+00
3.873118926878356e-07	3.299984e+00
3.906964746032050e-07	3.299984e+00
3.943450481126904e-07	3.299984e+00
3.977326489859368e-07	3.299984e+00
4.005925044612468e-07	3.299984e+00
4.038452820688475e-07	3.299984e+00
4.073958618170341e-07	3.299984e+00
4.110527614698745e-07	3.299984e+00
4.140377333290611e-07	3.299984e+00
4.174749094706039e-07	3.299984e+00
4.211610728841611e-07	3.299984e+00
4.244989468474493e-07	3.299984e+00
4.273672276459877e-07	3.299984e+00
4.306809937733341e-07	3.299984e+00
4.342748435068382e-07	3.299984e+00
4.378054212070767e-07	3.299984e+00
4.407749930747320e-07	3.299984e+00
4.442703480370723e-07	3.299984e+00
4.479968911276418e-07	3.299984e+00
4.512712082000891e-07	3.299984e+00
4.541453139267833e-07	3.299984e+00
4.575249296557764e-07	3.299984e+00
4.611640450455284e-07	3.299984e+00
4.645691112940608e-07	3.299984e+00
4.675256450840856e-07	3.299984e+00
4.710853399353499e-07	3.299984e+00
4.748554668002255e-07	3.299984e+00
4.780538662715521e-07	3.299984e+00
4.809317722230883e-07	3.299984e+00
4.843830423143755e-07	3.299984e+00
4.880701468903836e-07	3.299984e+00
4.913478021522292e-07	3.299984e+00
4.942929271921186e-07	3.299984e+00
4.979240934322442e-07	3.299984e+00
5.017417003491253e-07	3.299984e+00
5.048728001387748e-07	3.299984e+00
5.077618423245416e-07	3.299984e+00
5.112982306383903e-07	3.299984e+00
5.150393536220919e-07	3.299984e+00
5.182053295821169e-07	3.299984e+00
5.211576285884972e-07	3.299984e+00
5.248937781540302e-07	3.299984e+00
5.287740033765337e-07	3.299984e+00
5.318804383255702e-07	3.299984e+00
5.348190774155801e-07	3.299984e+00
5.389189237739028e-07	3.299984e+00
5.426134436951160e-07	3.299984e+00
5.457186886329977e-07	3.299984e+00
5.487998298641924e-07	3.299984e+00
5.528303241221228e-07	3.299984e+00
5.569970271120662e-07	3.299984e+00
5.599058409434085e-07	3.299984e+00
5.629652916625308e-07	3.299984e+00
5.668729985697027e-07	3.299984e+00
5.713516842154288e-07	3.299984e+00
5.743990852956953e-07	3.299984e+00
5.777907137874615e-07	3.299984e+00
5.817331504641198e-07	3.299984e+00
5.857758141730020e-07	3.299984e+00
5.890217302855659e-07	3.299984e+00
5.927394719428401e-07	3.299984e+00
5.966570092413639e-07	3.299984e+00
5.997465410163366e-07	3.299984e+00
6.028908456869968e-07	3.299984e+00
6.069887219271532e-07	3.299984e+00
6.113302767486238e-07	3.299984e+00
6.142774162705040e-07	3.299984e+00
6.174551690140221e-07	3.299984e+00
6.214121909379993e-07	3.299984e+00
6.264419836882662e-07	3.299984e+00
6.300365352288620e-07	3.299984e+00
6.340036498055265e-07	3.299984e+00
6.381639053347826e-07	3.299984e+00
6.411965342588556e-07	3.299984e+00
6.443979645612396e-07	3.299984e+00
6.484216708382828e-07	3.299984e+00
6.531963731417915e-07	3.299984e+00
6.565550453435394e-07	3.299984e+00
6.603194431078717e-07	3.299984e+00
6.644359824783154e-07	3.299984e+00
6.676387959942874e-07	3.299984e+00
6.708009013464694e-07	3.299984e+00
6.750062299338061e-07	3.299984e+00
6.792519301819525e-07	3.299984e+00
6.823147859653934e-07	3.299984e+00
6.857375656855939e-07	3.299984e+00
6.898465457946299e-07	3.299984e+00
6.946971217559112e-07	3.299984e+00
6.983142971882479e-07	3.299984e+00
7.028626609975260e-07	3.299984e+00
7.069571230435711e-07	3.299984e+00
7.100688133767825e-07	3.299984e+00
7.136632000572680e-07	3.299984e+00
7.177994690795040e-07	3.299984e+00
7.218258872512885e-07	3.299984e+00
7.252169046171127e-07	3.299984e+00
7.297039609426526e-07	3.299984e+00
7.338411935549826e-07	3.299984e+00
7.370138295035072e-07	3.299984e+00
7.405871340132108e-07	3.299984e+00
7.447743998091043e-07	3.299984e+00
7.492005805233331e-07	3.299984e+00
7.527475393282453e-07	3.299984e+00
7.573112085268461e-07	3.299984e+00
7.615718624119708e-07	3.299984e+00
7.647465428242650e-07	3.299984e+00
7.684630070837263e-07	3.299984e+00
7.726938298417500e-07	3.299984e+00
7.764211735939551e-07	3.299984e+00
7.797990722383875e-07	3.299984e+00
7.842969039313784e-07	3.299984e+00
7.886701208815923e-07	3.299984e+00
7.918834110322218e-07	3.299984e+00
7.956086276797615e-07	3.299984e+00
7.998867293282747e-07	3.299984e+00
8.037300908733521e-07	3.299984e+00
8.071779805187499e-07	3.299984e+00
8.117217262416474e-07	3.299984e+00
8.162088849028296e-07	3.299984e+00
8.194457716562407e-07	3.299984e+00
8.232893642844216e-07	3.299984e+00
8.276227846642079e-07	3.299984e+00
8.311326637987978e-07	3.299984e+00
8.345425300527595e-07	3.299984e+00
8.390445931450872e-07	3.299984e+00
8.437567671909933e-07	3.299984e+00
8.471040022617031e-07	3.299984e+00
8.511058990292855e-07	3.299984e+00
8.555187861195460e-07	3.299984e+00
8.589631429450059e-07	3.299984e+00
8.624803612707551e-07	3.299984e+00
8.669177987071458e-07	3.299984e+00
8.722244121272352e-07	3.299984e+00
8.761575813020280e-07	3.299984e+00
8.811365937851992e-07	3.299984e+00
8.858885337716822e-07	3.299984e+00
8.893919713368275e-07	3.299984e+00
8.937222394435680e-07	3.299984e+00
8.982416334413101e-07	3.299984e+00
9.016134553657174e-07	3.299984e+00
9.055410547350409e-07	3.299984e+00
9.100048673880553e-07	3.299984e+00
9.137511303684475e-07	3.299984e+00
9.173362185053874e-07	3.299984e+00
9.219761869736821e-07	3.299984e+00
9.270630563568610e-07	3.299984e+00
9.308434309364079e-07	3.299984e+00
9.354959515151194e-07	3.299984e+00
9.436853443715895e-07	3.299984e+00
9.477749946444674e-07	3.299984e+00
9.522758219410874e-07	3.299984e+00
9.558280663473269e-07	3.299984e+00
9.596583807289226e-07	3.299984e+00
9.642527213559598e-07	3.299984e+00
9.692127155766834e-07	3.299984e+00
9.732333706309455e-07	3.299984e+00
9.781171202385411e-07	3.299984e+00
9.835016758135834e-07	3.299984e+00
9.877080178062194e-07	3.299984e+00
9.927372334980548e-07	3.299984e+00
9.984959363106446e-07	3.299984e+00
1.002942846084557e-06	3.299984e+00
1.007859150403247e-06	3.299984e+00
1.012381724209896e-06	3.299984e+00
1.016590441039953e-06	3.299984e+00
1.021409652237461e-06	3.299984e+00
1.025816117406666e-06	3.299984e+00
1.029834565516510e-06	3.299984e+00
1.034643054297311e-06	3.299984e+00
1.039783249213173e-06	3.299984e+00
1.044111538666503e-06	3.299984e+00
1.049102010837857e-06	3.299984e+00
1.054169617795057e-06	3.299984e+00
1.058451033342972e-06	3.299984e+00
1.063381122199019e-06	3.299984e+00
1.068082821239669e-06	3.299984e+00
1.072379250066807e-06	3.299984e+00
1.077324754423556e-06	3.299984e+00
1.081944670527858e-06	3.299984e+00
1.086124977246124e-06	3.299984e+00
1.091041130422702e-06	3.299984e+00
1.095862730421340e-06	3.299984e+00
1.100201746406276e-06	3.299984e+00
1.105221652011585e-06	3.299984e+00
1.110015269870238e-06	3.299984e+00
1.114298330845072e-06	3.299984e+00
1.119280951776767e-06	3.299984e+00
1.123959354455568e-06	3.299984e+00
1.128324241974389e-06	3.299984e+00
1.133359980639456e-06	3.299984e+00
1.137957638803206e-06	3.299984e+00
1.142231254437412e-06	3.299984e+00
1.147229166364960e-06	3.299984e+00
1.151863751546517e-06	3.299984e+00
1.156249333059843e-06	3.299984e+00
1.161327036116977e-06	3.299984e+00
1.165944867863076e-06	3.299984e+00
1.170272097887021e-06	3.299984e+00
1.175318447515737e-06	3.299984e+00
1.179891926225907e-06	3.299984e+00
1.184317447902256e-06	3.299984e+00
1.189429324932686e-06	3.299984e+00
1.193940430301908e-06	3.299984e+00
1.198292114106458e-06	3.299984e+00
1.203366343001555e-06	3.299984e+00
1.207857176627277e-06	3.299984e+00
1.212306284273291e-06	3.299984e+00
1.217452023470423e-06	3.299984e+00
1.221921498549673e-06	3.299984e+00
1.226312241689427e-06	3.299984e+00
1.231426645877989e-06	3.299984e+00
1.235864948919183e-06	3.299984e+00
1.240354741504949e-06	3.299984e+00
1.245538601681289e-06	3.299984e+00
1.249934696533147e-06	3.299984e+00
1.254363594078194e-06	3.299984e+00
1.259512459423601e-06	3.299984e+00
1.263868318565923e-06	3.299984e+00
1.268391163442501e-06	3.299984e+00
1.273609266467182e-06	3.299984e+00
1.277938525553435e-06	3.299984e+00
1.282406047247396e-06	3.299984e+00
1.287591931950410e-06	3.299984e+00
1.291884105156001e-06	3.299984e+00
1.296447843950975e-06	3.299984e+00
1.301703996047189e-06	3.299984e+00
1.305966523131158e-06	3.299984e+00
1.310478143903150e-06	3.299984e+00
1.315701503794547e-06	3.299984e+00
1.319921347680184e-06	3.299984e+00
1.324529423394240e-06	3.299984e+00
1.329822895850677e-06	3.299984e+00
1.334062620726981e-06	3.299984e+00
1.338647728929018e-06	3.299984e+00
1.343914324894870e-06	3.299984e+00
1.348160756907503e-06	3.299984e+00
1.352897786801399e-06	3.299984e+00
1.358244275943610e-06	3.299984e+00
1.362493968167081e-06	3.299984e+00
1.367257920394964e-06	3.299984e+00
1.372578731378569e-06	3.299984e+00
1.376820644516024e-06	3.299984e+00
1.381825760532281e-06	3.299984e+00
1.387258521217054e-06	3.299984e+00
1.391502086086316e-06	3.299984e+00
1.396698055461501e-06	3.299984e+00
1.402170130231286e-06	3.299984e+00
1.406444425612191e-06	3.299984e+00
1.412822363951100e-06	3.299984e+00
1.418605109200649e-06	3.299984e+00
1.423419197404712e-06	3.299984e+00
1.429335232655573e-06	3.299984e+00
1.434304598850831e-06	3.299984e+00
1.439588957220627e-06	3.299984e+00
1.445276770210150e-06	3.299984e+00
1.449623528958041e-06	3.299984e+00
1.455369543042153e-06	3.299984e+00
1.461222044807682e-06	3.299984e+00
1.466080611007989e-06	3.299984e+00
1.472158878821896e-06	3.299984e+00
1.477620885206152e-06	3.299984e+00
1.483035763109106e-06	3.299984e+00
1.488818277746692e-06	3.299984e+00
1.493283336334404e-06	3.299984e+00
1.499884977815731e-06	3.299984e+00
1.506075945906290e-06	3.299984e+00
1.511384130660553e-06	3.299984e+00
1.517420608894815e-06	3.299984e+00
1.521945896958577e-06	3.299984e+00
1.527757256093241e-06	3.299984e+00
1.533757223450710e-06	3.299984e+00
1.538650104248483e-06	3.299984e+00
1.544892124139914e-06	3.299984e+00
1.550489692317016e-06	3.299984e+00
1.556234550461353e-06	3.299984e+00
1.562291543627188e-06	3.299984e+00
1.566928171676081e-06	3.299984e+00
1.573547630370165e-06	3.299984e+00
1.580657865297297e-06	3.299984e+00
1.587226888999933e-06	3.299984e+00
1.593644988797946e-06	3.299984e+00
1.598627008215650e-06	3.299984e+00
1.605148977957024e-06	3.299984e+00
1.610157741672801e-06	3.299984e+00
1.616160538106542e-06	3.299984e+00
1.622378324919646e-06	3.299984e+00
1.627476830313993e-06	3.299984e+00
1.633903760889402e-06	3.299984e+00
1.639270635798800e-06	3.299984e+00
1.645314137320321e-06	3.299984e+00
1.651595451823317e-06	3.299984e+00
1.656649234976485e-06	3.299984e+00
1.663221750414559e-06	3.299984e+00
1.668752312968226e-06	3.299984e+00
1.674930314253958e-06	3.299984e+00
1.681324082782051e-06	3.299984e+00
1.686543450347804e-06	3.299984e+00
1.693133690643558e-06	3.299984e+00
1.698415370532490e-06	3.299984e+00
1.704743394151009e-06	3.299984e+00
1.711241197816224e-06	3.299984e+00
1.716749433719126e-06	3.299984e+00
1.723306476259800e-06	3.299984e+00
1.728275118353098e-06	3.299984e+00
1.734890460410188e-06	3.299984e+00
1.741593502231155e-06	3.299984e+00
1.747544323127679e-06	3.299984e+00
1.754115862112729e-06	3.299984e+00
1.759208214438654e-06	3.299984e+00
1.766390067084801e-06	3.299984e+00
1.773126462293448e-06	3.299984e+00
1.780526327364617e-06	3.299984e+00
1.787298270216180e-06	3.299984e+00
1.793329626977761e-06	3.299984e+00
1.800213677599548e-06	3.299984e+00
1.805451121954857e-06	3.299984e+00
1.812618541417762e-06	3.299984e+00
1.818696409503010e-06	3.299984e+00
1.826244385144469e-06	3.299984e+00
1.833198898416585e-06	3.299984e+00
1.839637334918357e-06	3.299984e+00
1.846584492068040e-06	3.299984e+00
1.852150934386618e-06	3.299984e+00
1.859305620290452e-06	3.299984e+00
1.864660584199049e-06	3.299984e+00
1.872400854088569e-06	3.299984e+00
1.879810903839417e-06	3.299984e+00
1.887684711215179e-06	3.299984e+00
1.894960267489628e-06	3.299984e+00
1.901697734358136e-06	3.299984e+00
1.908938917317182e-06	3.299984e+00
1.915036181249173e-06	3.299984e+00
1.922257623816147e-06	3.299984e+00
1.927749107717629e-06	3.299984e+00
1.935289427424059e-06	3.299984e+00
1.941702277170417e-06	3.299984e+00
1.949512408152321e-06	3.299984e+00
1.957135019964301e-06	3.299984e+00
1.964625474962859e-06	3.299984e+00
1.972260715964273e-06	3.299984e+00
1.979350399002547e-06	3.299984e+00
1.986889883196990e-06	3.299984e+00
1.993434599928007e-06	3.299984e+00
2.000808510288129e-06	3.299984e+00
2.006722858118679e-06	3.299984e+00
2.014283497671987e-06	3.299984e+00
2.019959858828434e-06	3.299984e+00
2.027998364616026e-06	3.299984e+00
2.035337044741175e-06	3.299984e+00
2.043345357593504e-06	3.299984e+00
2.051564216975372e-06	3.299984e+00
2.068543374402967e-06	3.299984e+00
2.077452289905944e-06	3.299984e+00
2.086355567608697e-06	3.299984e+00
2.094788785171649e-06	3.299984e+00
2.102332556389202e-06	3.299984e+00
2.110964418317618e-06	3.299984e+00
2.118242395898882e-06	3.299984e+00
2.126695441477810e-06	3.299984e+00
2.134045954852088e-06	3.299984e+00
2.142469687836878e-06	3.299984e+00
2.150004205208191e-06	3.299984e+00
2.158476940678084e-06	3.299984e+00
2.166208070985480e-06	3.299984e+00
2.174768690525364e-06	3.299984e+00
2.182541587880935e-06	3.299984e+00
2.191167466175422e-06	3.299984e+00
2.198900634270279e-06	3.299984e+00
2.207568458058911e-06	3.299984e+00
2.215187469155467e-06	3.299984e+00
2.223857747311220e-06	3.299984e+00
2.231422466972756e-06	3.299984e+00
2.240107334917859e-06	3.299984e+00
2.247614999488039e-06	3.299984e+00
2.256304393907153e-06	3.299984e+00
2.263826894795412e-06	3.299984e+00
2.272549386009570e-06	3.299984e+00
2.280052234627353e-06	3.299984e+00
2.288794585248776e-06	3.299984e+00
2.296317011554133e-06	3.299984e+00
2.305100752754243e-06	3.299984e+00
2.312586163955673e-06	3.299984e+00
2.321388353338297e-06	3.299984e+00
2.328877497943520e-06	3.299984e+00
2.337718737993834e-06	3.299984e+00
2.345158880531794e-06	3.299984e+00
2.354013857988608e-06	3.299984e+00
2.361458089547741e-06	3.299984e+00
2.370352465418436e-06	3.299984e+00
2.377749496947715e-06	3.299984e+00
2.386656980977805e-06	3.299984e+00
2.394064299400106e-06	3.299984e+00
2.403014378521164e-06	3.299984e+00
2.410376128636267e-06	3.299984e+00
2.419339707192135e-06	3.299984e+00
2.426715020002334e-06	3.299984e+00
2.435724332820997e-06	3.299984e+00
2.443052935891822e-06	3.299984e+00
2.452075468760955e-06	3.299984e+00
2.459419702436891e-06	3.299984e+00
2.468490910286282e-06	3.299984e+00
2.475792181160938e-06	3.299984e+00
2.484873484068079e-06	3.299984e+00
2.492187927339834e-06	3.299984e+00
2.501323716632828e-06	3.299984e+00
2.508609159451419e-06	3.299984e+00
2.517747522342200e-06	3.299984e+00
2.525036702914693e-06	3.299984e+00
2.534239945509891e-06	3.299984e+00
2.541518970732756e-06	3.299984e+00
2.550716743943760e-06	3.299984e+00
2.558035225461126e-06	3.299984e+00
2.567287436280468e-06	3.299984e+00
2.574699436314513e-06	3.299984e+00
2.583895198252384e-06	3.299984e+00
2.591410460577777e-06	3.299984e+00
2.600638028290852e-06	3.299984e+00
2.608307295826945e-06	3.299984e+00
2.617472343648989e-06	3.299984e+00
2.625329173576593e-06	3.299984e+00
2.634545670496549e-06	3.299984e+00
2.642719109218062e-06	3.299984e+00
2.651950793363884e-06	3.299984e+00
2.660669630527431e-06	3.299984e+00
2.670088807867433e-06	3.299984e+00
2.679890990706407e-06	3.299984e+00
2.689879914290215e-06	3.299984e+00
2.701001586676284e-06	3.299984e+00
2.710558492940270e-06	3.299984e+00
2.721060087702221e-06	3.299984e+00
2.729762912028107e-06	3.299984e+00
2.739898159449287e-06	3.299984e+00
2.749509668617271e-06	3.299984e+00
2.759606493817459e-06	3.299984e+00
2.772002759140960e-06	3.299984e+00
2.782593529347330e-06	3.299984e+00
2.793644253943367e-06	3.299984e+00
2.803064792244018e-06	3.299984e+00
2.813667351777773e-06	3.299984e+00
2.824903363594253e-06	3.299984e+00
2.836138196131370e-06	3.299984e+00
2.847304902631591e-06	3.299984e+00
2.856744809797492e-06	3.299984e+00
2.867573229554054e-06	3.299984e+00
2.878177411790093e-06	3.299984e+00
2.889055137499808e-06	3.299984e+00
2.901117491618461e-06	3.299984e+00
2.911192718512603e-06	3.299984e+00
2.922441907173930e-06	3.299984e+00
2.932979802663316e-06	3.299984e+00
2.944029315103116e-06	3.299984e+00
2.956758315909497e-06	3.299984e+00
2.967329573738010e-06	3.299984e+00
2.978898693964747e-06	3.299984e+00
2.990041941267385e-06	3.299984e+00
3.001522964205130e-06	3.299984e+00
3.014014279056290e-06	3.299984e+00
3.024439608055610e-06	3.299984e+00
3.036118240920021e-06	3.299984e+00
3.048299081849378e-06	3.299984e+00
3.060426682373186e-06	3.299984e+00
3.072545493797469e-06	3.299984e+00
3.083220658187615e-06	3.299984e+00
3.095003940416326e-06	3.299984e+00
3.109750254704283e-06	3.299984e+00
3.121836229678708e-06	3.299984e+00
3.134539374442823e-06	3.299984e+00
3.148292030567430e-06	3.299984e+00
3.161665067893747e-06	3.299984e+00
3.174226347602107e-06	3.299984e+00
3.186923353906822e-06	3.299984e+00
3.199816614894569e-06	3.299984e+00
3.212593750684921e-06	3.299984e+00
3.224222883450129e-06	3.299984e+00
3.236724844697965e-06	3.299984e+00
3.250884392893305e-06	3.299984e+00
3.262696926762060e-06	3.299984e+00
3.275599219737197e-06	3.299984e+00
3.291776938861167e-06	3.299984e+00
3.305008878328371e-06	3.299984e+00
3.318812423000198e-06	3.299984e+00
3.336563209316940e-06	3.299984e+00
3.350701979350472e-06	3.299984e+00
3.365395352379737e-06	3.299984e+00
3.384788021701548e-06	3.299984e+00
3.399966348410194e-06	3.299984e+00
3.415931086651103e-06	3.299984e+00
3.432602182244915e-06	3.299984e+00
3.449074767190516e-06	3.299984e+00
3.465449967982814e-06	3.299984e+00
3.480346710879118e-06	3.299984e+00
3.501158149464753e-06	3.299984e+00
3.517242191586145e-06	3.299984e+00
3.533855203033280e-06	3.299984e+00
3.552188389701587e-06	3.299984e+00
3.570288840325932e-06	3.299984e+00
3.602711837723784e-06	3.299984e+00
3.624298449404320e-06	3.299984e+00
3.641689813336608e-06	3.299984e+00
3.659724310074348e-06	3.299984e+00
3.677291408102896e-06	3.299984e+00
3.700965337107815e-06	3.299984e+00
3.719584353594194e-06	3.299984e+00
3.738641234082741e-06	3.299984e+00
3.757855634567328e-06	3.299984e+00
3.784446014330525e-06	3.299984e+00
3.805384368205446e-06	3.299984e+00
3.826713418151714e-06	3.299984e+00
3.847058035209344e-06	3.299984e+00
3.872538091668245e-06	3.299984e+00
3.896014700688181e-06	3.299984e+00
3.916687493910947e-06	3.299984e+00
3.937710377524022e-06	3.299984e+00
3.958957263376814e-06	3.299984e+00
3.987869306973061e-06	3.299984e+00
4.010999326669295e-06	3.299984e+00
4.034445675838616e-06	3.299984e+00
4.056438185350041e-06	3.299984e+00
4.081718761287087e-06	3.299984e+00
4.110833197114336e-06	3.299984e+00
4.135134897009129e-06	3.299984e+00
4.159713868084117e-06	3.299984e+00
4.182535550356495e-06	3.299984e+00
4.209218510904108e-06	3.299984e+00
4.241394936437148e-06	3.299984e+00
4.268320080698701e-06	3.299984e+00
4.295483385560998e-06	3.299984e+00
4.320245548930797e-06	3.299984e+00
4.346929069255555e-06	3.299984e+00
4.387407690447238e-06	3.299984e+00
4.422994085203623e-06	3.299984e+00
4.458812306056362e-06	3.299984e+00
4.491140005530216e-06	3.299984e+00
4.553020270902356e-06	3.299984e+00
4.590751792169681e-06	3.299984e+00
4.640668458632701e-06	3.299984e+00
4.688889903762776e-06	3.299984e+00
4.733288287738390e-06	3.299984e+00
4.776041511518432e-06	3.299984e+00
4.814551789940996e-06	3.299984e+00
4.891054097264720e-06	3.299984e+00
4.938277897206576e-06	3.299984e+00
5.015844914819174e-06	3.299984e+00
5.232896197557586e-06	3.299984e+00
5.292541462642272e-06	3.299984e+00
5.344730472912765e-06	3.299984e+00
5.391375845176367e-06	3.299984e+00
5.438632976665080e-06	3.299984e+00
5.532800421014673e-06	3.299984e+00
5.596719424661756e-06	3.299984e+00
5.704073612103585e-06	3.299984e+00
5.886221192158030e-06	3.299984e+00
6.068368772212475e-06	3.299984e+00
6.250516352266919e-06	3.299984e+00
6.432663932321365e-06	3.299984e+00
6.614811512375810e-06	3.299984e+00
6.796959092430254e-06	3.299984e+00
6.979106672484699e-06	3.299984e+00
7.077080342905392e-06	3.299984e+00
7.226142970047458e-06	3.299984e+00
8.201557494364183e-06	3.299984e+00
8.664333365404296e-06	3.299984e+00
9.221166841384629e-06	3.299984e+00
9.943537720799229e-06	3.299984e+00
1.087509682720549e-05	3.299984e+00
1.215952475533265e-05	3.299984e+00
1.404713047281784e-05	3.299984e+00
1.584809414872885e-05	3.299984e+00
1.729545287873262e-05	3.299984e+00
1.892249105156440e-05	3.299984e+00
2.150976404191988e-05	3.299984e+00
2.426984458740743e-05	3.299984e+00
2.621528199773703e-05	3.299984e+00
2.839188602130938e-05	3.299984e+00
3.065696150210283e-05	3.299984e+00
5.292066625018053e-05	3.299985e+00
7.518437099825824e-05	3.299986e+00
9.744807574633594e-05	3.299987e+00
1.197117804944136e-04	3.299987e+00
1.419754852424913e-04	3.299988e+00
1.642391899905691e-04	3.299988e+00
1.865028947386467e-04	3.299988e+00
3.354863629450461e-04	3.299990e+00
6.139349485114087e-04	3.299991e+00
9.216251646640157e-04	3.299991e+00
1.314482464725932e-03	3.299991e+00
1.766963362733840e-03	3.299991e+00
2.433263090644825e-03	3.299991e+00
3.344749088867174e-03	3.299990e+00
4.344749088867173e-03	3.299984e+00
5.344749088867173e-03	3.299971e+00
6.344749088867173e-03	3.299953e+00
7.344749088867173e-03	3.299937e+00
8.344749088867174e-03	3.299925e+00
9.344749088867173e-03	3.299917e+00
1.000000000000000e-02	3.299913e+00
1.000000000100000e-02	3.299913e+00
1.000000000200000e-02	3.299913e+00
1.000000000286331e-02	3.299913e+00
1.000000000867533e-02	3.299913e+00
1.000000001448735e-02	3.299913e+00
1.000000002029937e-02	3.299913e+00
1.000000002611139e-02	3.299913e+00
1.000000003192341e-02	3.299913e+00
1.000000003773543e-02	3.299913e+00
1.000000004354745e-02	3.299913e+00
1.000000008120876e-02	3.299913e+00
1.000000015653136e-02	3.299913e+00
1.000000030717658e-02	3.299913e+00
1.000000037594193e-02	3.299913e+00
1.000000042366839e-02	3.299913e+00
1.000000044464988e-02	3.299913e+00
1.000000047155733e-02	3.299913e+00
1.000000050120701e-02	3.299913e+00
1.000000055842166e-02	3.299913e+00
1.000000121940967e-02	3.299913e+00
1.000000188039769e-02	3.299913e+00
1.000000254138570e-02	3.299913e+00
1.000000320237371e-02	3.299913e+00
1.000000386336172e-02	3.299913e+00
1.000000452434974e-02	3.299913e+00
1.000000518533775e-02	3.299913e+00
1.000000830181956e-02	3.299913e+00
1.000001453478318e-02	3.299913e+00
1.000002700071042e-02	3.299913e+00
1.000005193256491e-02	3.299913e+00
1.000008968340284e-02	3.299913e+00
1.000014941776071e-02	3.299913e+00
1.000021462090834e-02	3.299913e+00
1.000027225601163e-02	3.299913e+00
1.000032347614538e-02	3.299913e+00
1.000037101993608e-02	3.299913e+00
1.000041580528249e-02	3.299913e+00
1.000045844890264e-02	3.299913e+00
1.000049967985358e-02	3.299913e+00
1.000054328462760e-02	3.299913e+00
1.000058363745342e-02	3.299913e+00
1.000062433787062e-02	3.299913e+00
1.000066324997090e-02	3.299913e+00
1.000070312907349e-02	3.299913e+00
1.000074217139198e-02	3.299913e+00
1.000078099867135e-02	3.299913e+00
1.000082041220776e-02	3.299913e+00
1.000085834490818e-02	3.299913e+00
1.000090153337777e-02	3.299913e+00
1.000094353340474e-02	3.299913e+00
1.000098953667437e-02	3.299913e+00
1.000103593998057e-02	3.299913e+00
1.000108810124244e-02	3.299913e+00
1.000114355042449e-02	3.299913e+00
1.000120801581391e-02	3.299913e+00
1.000128056396581e-02	3.299913e+00
1.000136930564486e-02	3.299913e+00
1.000147655731329e-02	3.299913e+00
1.000161719967614e-02	3.299913e+00
1.000180211916993e-02	3.299913e+00
1.000206603716867e-02	3.299913e+00
1.000234235342145e-02	3.299913e+00
1.000265907871252e-02	3.299913e+00
1.000294981019360e-02	3.299913e+00
1.000333867590692e-02	3.299912e+00
1.000375934392294e-02	3.299912e+00
1.000430395470668e-02	3.299912e+00
1.000490252543228e-02	3.299913e+00
1.000585796953308e-02	3.299915e+00
1.000702583566101e-02	3.299925e+00
1.000814591197714e-02	3.299941e+00
1.000880752885523e-02	3.299951e+00
1.000964958899635e-02	3.299963e+00
1.001059778445602e-02	3.299973e+00
1.001183831932269e-02	3.299981e+00
1.001262620071463e-02	3.299984e+00
1.001334369773797e-02	3.299987e+00
1.001415940463611e-02	3.299988e+00
1.001499724467547e-02	3.299989e+00
1.001581120690080e-02	3.299990e+00
1.001684765436247e-02	3.299990e+00
1.001794980699848e-02	3.299991e+00
1.001949664340608e-02	3.299991e+00
1.002130009416957e-02	3.299991e+00
1.002419764227839e-02	3.299991e+00
1.002728079024314e-02	3.299991e+00
1.003015210414900e-02	3.299991e+00
1.003323833500879e-02	3.299991e+00
1.003610368911119e-02	3.299991e+00
1.003914684299019e-02	3.299991e+00
1.004207749093902e-02	3.299991e+00
1.004519640205185e-02	3.299991e+00
1.004827712424657e-02	3.299991e+00
1.005155628729794e-02	3.299991e+00
1.005503422390396e-02	3.299991e+00
1.005927549619573e-02	3.299991e+00
1.006227997286414e-02	3.299991e+00
1.006484584502641e-02	3.299991e+00
1.006751640746327e-02	3.299991e+00
1.007044300009511e-02	3.299991e+00
1.007312869091707e-02	3.299991e+00
1.007579975232590e-02	3.299991e+00
1.007833690981141e-02	3.299991e+00
1.008093267135353e-02	3.299991e+00
1.008346130501700e-02	3.299991e+00
1.008603101333892e-02	3.299991e+00
1.008854928205148e-02	3.299991e+00
1.009110006061312e-02	3.299991e+00
1.009361487014389e-02	3.299991e+00
1.009615825647289e-02	3.299991e+00
1.009873046363355e-02	3.299991e+00
1.010187392855078e-02	3.299991e+00
1.010539463219606e-02	3.299991e+00
1.010991953542038e-02	3.299991e+00
1.011537236471699e-02	3.299991e+00
1.012294941541521e-02	3.299991e+00
1.013361580687965e-02	3.299991e+00
1.015153012403408e-02	3.299991e+00
1.018650017657430e-02	3.299991e+00
1.023190002437960e-02	3.299990e+00
1.027882825677437e-02	3.299990e+00
1.032532347296895e-02	3.299990e+00
1.039039247236919e-02	3.299990e+00
1.049437592877382e-02	3.299989e+00
1.064007484529685e-02	3.299988e+00
1.084866252816623e-02	3.299985e+00
1.113874466893135e-02	3.299978e+00
1.146726205803382e-02	3.299946e+00
1.164097845840899e-02	3.299878e+00
1.175698136831304e-02	3.299767e+00
1.184293549745774e-02	3.299611e+00
1.191762418856793e-02	3.299374e+00
1.197450254795940e-02	3.299061e+00
1.200466800809726e-02	3.298784e+00
1.202197722795107e-02	3.298537e+00
1.203213415127563e-02	3.298315e+00
1.203807777533292e-02	3.298117e+00
1.204156331264782e-02	3.297925e+00
1.204322057392626e-02	3.297765e+00
1.204424281460316e-02	3.297044e+00
1.204477616014772e-02	3.296040e+00
1.204530815850759e-02	3.294485e+00
1.204581767377834e-02	3.292706e+00
1.204642146546119e-02	3.290401e+00
1.204730993197679e-02	3.286819e+00
1.204858342204863e-02	3.281538e+00
1.205033410691327e-02	3.274222e+00
1.205316262141904e-02	3.262453e+00
1.205662538050137e-02	3.248178e+00
1.206041206289393e-02	3.232735e+00
1.206474156462932e-02	3.215288e+00
1.207008639302273e-02	3.194056e+00
1.207686726377777e-02	3.167595e+00
1.208580088569588e-02	3.133530e+00
1.209830985102061e-02	3.087307e+00
1.211788745977287e-02	3.018269e+00
1.215704267727740e-02	2.891387e+00
1.223535311228645e-02	2.676583e+00
1.232708546994309e-02	2.480446e+00
1.240490057390425e-02	2.352298e+00
1.247686597245812e-02	2.258854e+00
1.254919007390625e-02	2.184688e+00
1.262388720848518e-02	2.124929e+00
1.272127897789796e-02	2.066910e+00
1.282417653576393e-02	2.024114e+00
1.293359159918063e-02	1.993307e+00
1.303505722940564e-02	1.974149e+00
1.314010107034990e-02	1.960739e+00
1.324317272631852e-02	1.951917e+00
1.335168029139470e-02	1.945729e+00
1.346078596679456e-02	1.941647e+00
1.357659377519776e-02	1.938843e+00
1.369704676284006e-02	1.937001e+00
1.384282641755535e-02	1.935666e+00
1.401519818316332e-02	1.934815e+00
1.424288939643551e-02	1.934298e+00
1.454254601657229e-02	1.934060e+00
1.497769547247666e-02	1.933989e+00
1.542642149713054e-02	1.933987e+00
1.595637544041168e-02	1.933991e+00
1.659225336234846e-02	1.933993e+00
1.749386309017482e-02	1.933994e+00
1.849386309017482e-02	1.933994e+00
1.949386309017482e-02	1.933994e+00
2.000000000000000e-02	1.933994e+00
