time	I(Vcell12)
0.000000000000000e+00	-2.619906e-07
9.999999439624929e-11	-2.610327e-07
1.999999887924986e-10	-2.601277e-07
1.599999910339989e-09	-2.475216e-07
3.199999820679977e-09	-2.332545e-07
6.399999641359955e-09	-2.051628e-07
1.279999928271991e-08	-1.507111e-07
2.559999856543982e-08	-4.844218e-08
4.832762248055117e-08	1.128481e-07
7.266233476010906e-08	2.218883e-07
8.545364133411044e-08	1.411699e-07
9.471314450455050e-08	-5.605906e-08
1.053633344944031e-07	-3.638499e-07
1.177885194445864e-07	-7.312591e-07
1.350593063517968e-07	-1.214181e-06
1.685472973986284e-07	-2.046786e-06
2.001577569938030e-07	-2.686327e-06
2.437039874538279e-07	-3.230316e-06
2.872580127097989e-07	-3.380692e-06
3.416129060107935e-07	-3.352810e-06
4.110387802748076e-07	-3.300428e-06
5.310920901559100e-07	-3.216132e-06
7.711987099181145e-07	-3.087730e-06
1.000884393053851e-06	-3.007059e-06
1.304539394485799e-06	-2.939602e-06
1.610378459708635e-06	-2.899339e-06
2.037550221251969e-06	-2.866311e-06
2.515340814455212e-06	-2.844688e-06
3.205669592397171e-06	-2.822754e-06
4.077778942200160e-06	-2.798997e-06
5.523588444146936e-06	-2.760935e-06
7.274467476110601e-06	-2.724680e-06
9.397924472506016e-06	-2.843370e-06
1.045518903784630e-05	-3.201226e-06
1.120565040988593e-05	-3.783223e-06
1.194192253058082e-05	-4.658345e-06
1.280746540607965e-05	-5.944244e-06
1.374117680249439e-05	-7.454393e-06
1.471412999933136e-05	-9.030701e-06
1.583182056574315e-05	-1.076413e-05
1.731762742510445e-05	-1.285501e-05
1.916673260202381e-05	-1.499907e-05
2.143976378434191e-05	-1.688707e-05
2.431303540923535e-05	-1.829806e-05
2.632408235851935e-05	-1.827727e-05
2.866972900530070e-05	-1.776392e-05
3.036746684432743e-05	-1.735216e-05
3.591709643491568e-05	-1.606329e-05
4.098989933310222e-05	-1.498502e-05
4.731636904027140e-05	-1.377357e-05
4.909568860187774e-05	-7.173151e-05
5.011176691693626e-05	-1.536854e-04
5.086218517494508e-05	-1.902003e-04
5.142839352688116e-05	-2.377520e-04
5.206290275184801e-05	-2.712079e-04
5.251080989561218e-05	-3.067388e-04
5.285345221736423e-05	-3.160745e-04
5.318565773515045e-05	-3.428457e-04
5.356384890063261e-05	-3.593922e-04
5.397770141428529e-05	-3.912072e-04
5.480540644159066e-05	-4.376717e-04
5.559556114491591e-05	-4.938924e-04
5.671765693336324e-05	-5.598102e-04
5.800633430145273e-05	-6.477778e-04
5.983439825049958e-05	-7.580980e-04
6.182139673859749e-05	-8.889587e-04
6.257937260215665e-05	-9.307094e-04
6.298616029433261e-05	-9.616926e-04
6.322206268628097e-05	-9.708341e-04
6.344704769648476e-05	-9.902342e-04
6.368472872139240e-05	-9.995705e-04
6.390307403631761e-05	-1.018315e-03
6.413600282047463e-05	-1.027293e-03
6.436079081379353e-05	-1.046090e-03
6.459837233369604e-05	-1.054992e-03
6.483688620293432e-05	-1.073891e-03
6.509553176552101e-05	-1.082963e-03
6.537365912019423e-05	-1.102342e-03
6.571065039117540e-05	-1.112778e-03
6.616256809696439e-05	-1.135894e-03
6.692386629126158e-05	-1.155504e-03
6.772094051418275e-05	-1.182098e-03
6.862932477145510e-05	-1.198215e-03
6.997176886606787e-05	-1.231614e-03
7.200350900375662e-05	-1.265362e-03
7.404449283101535e-05	-1.307252e-03
7.657739400592273e-05	-1.345802e-03
7.913064593937993e-05	-1.393840e-03
8.299339415983369e-05	-1.452049e-03
8.799603975373904e-05	-1.537761e-03
9.652055473131164e-05	-1.667458e-03
1.065205547313116e-04	-1.828777e-03
1.165205547313116e-04	-1.978402e-03
1.265205547313116e-04	-2.137551e-03
1.465205547313116e-04	-2.443822e-03
1.765205547313116e-04	-2.895480e-03
2.013516474943778e-04	-3.277325e-03
2.035338183971294e-04	-3.304968e-03
2.042704498176790e-04	-3.312736e-03
2.049894382000813e-04	-3.309793e-03
2.053559488283856e-04	-3.314318e-03
2.057005210705602e-04	-3.310380e-03
2.063896655549095e-04	-3.314897e-03
2.071475929284588e-04	-3.310926e-03
2.086634476755576e-04	-3.315314e-03
2.103739254955065e-04	-3.311173e-03
2.121662192509415e-04	-3.315312e-03
2.141840774079816e-04	-3.311012e-03
2.167526797658281e-04	-3.315009e-03
2.201965447830765e-04	-3.310529e-03
2.250480901909293e-04	-3.314275e-03
2.324014575385292e-04	-3.309417e-03
2.424014575385292e-04	-3.312736e-03
2.524014575385292e-04	-3.307754e-03
2.624014575385292e-04	-3.311218e-03
2.724014575385292e-04	-3.306381e-03
2.824014575385292e-04	-3.309981e-03
2.924014575385292e-04	-3.305268e-03
3.024014575385292e-04	-3.308980e-03
3.124014575385292e-04	-3.304368e-03
3.224014575385292e-04	-3.308172e-03
3.324014575385292e-04	-3.303643e-03
3.424014575385292e-04	-3.307520e-03
3.524014575385292e-04	-3.303058e-03
3.624014575385292e-04	-3.306995e-03
3.724014575385292e-04	-3.302586e-03
3.824014575385292e-04	-3.306572e-03
3.924014575385292e-04	-3.302206e-03
4.024014575385292e-04	-3.306230e-03
4.124014575385292e-04	-3.301899e-03
4.224014575385292e-04	-3.305955e-03
4.324014575385292e-04	-3.301652e-03
4.424014575385292e-04	-3.305733e-03
4.524014575385292e-04	-3.301452e-03
4.624014575385292e-04	-3.305553e-03
4.724014575385292e-04	-3.301291e-03
4.824014575385292e-04	-3.305409e-03
4.924014575385291e-04	-3.301161e-03
5.024014575385292e-04	-3.305292e-03
5.124014575385292e-04	-3.301056e-03
5.224014575385292e-04	-3.305198e-03
5.324014575385291e-04	-3.300972e-03
5.424014575385292e-04	-3.305122e-03
5.624014575385292e-04	-3.305060e-03
5.824014575385292e-04	-3.305011e-03
6.024014575385292e-04	-3.304971e-03
6.224014575385292e-04	-3.304938e-03
6.424014575385292e-04	-3.304912e-03
6.724014575385292e-04	-3.300696e-03
7.024014575385292e-04	-3.304860e-03
7.238300289671006e-04	-3.304251e-03
7.452586003956720e-04	-3.303643e-03
7.666871718242435e-04	-3.303037e-03
7.881157432528149e-04	-3.302433e-03
8.095443146813863e-04	-3.301829e-03
8.309728861099577e-04	-3.301228e-03
8.524014575385291e-04	-3.300627e-03
8.995443146813863e-04	-3.301221e-03
9.466871718242435e-04	-3.301816e-03
9.938300289671007e-04	-3.302412e-03
1.040972886109958e-03	-3.303008e-03
1.088115743252815e-03	-3.303605e-03
1.135258600395672e-03	-3.304203e-03
1.182401457538529e-03	-3.304801e-03
1.353830028967101e-03	-3.303519e-03
1.525258600395672e-03	-3.302664e-03
1.696687171824244e-03	-3.302236e-03
1.868115743252815e-03	-3.302236e-03
2.039544314681387e-03	-3.302663e-03
2.210972886109958e-03	-3.303518e-03
2.382401457538529e-03	-3.304800e-03
2.693830028967100e-03	-3.303517e-03
3.005258600395672e-03	-3.302662e-03
3.316687171824244e-03	-3.302235e-03
3.628115743252815e-03	-3.302235e-03
3.939544314681387e-03	-3.302663e-03
4.250972886109958e-03	-3.303518e-03
4.562401457538529e-03	-3.304800e-03
9.272401457538529e-03	-3.300607e-03
9.992401457538528e-03	-3.300607e-03
1.000000000000000e-02	-3.304804e-03
1.000000000100000e-02	-3.300656e-03
1.000000000200000e-02	-3.303504e-03
1.000000000347517e-02	-3.301341e-03
1.000000000560198e-02	-3.303138e-03
1.000000000985561e-02	-3.301607e-03
1.000000003537736e-02	-3.301842e-03
1.000000006940637e-02	-3.303373e-03
1.000000013746440e-02	-3.302000e-03
1.000000027358044e-02	-3.303411e-03
1.000000054581253e-02	-3.302003e-03
1.000000109027671e-02	-3.303412e-03
1.000000217920506e-02	-3.302006e-03
1.000000435706178e-02	-3.303415e-03
1.000000871277520e-02	-3.302009e-03
1.000001493772448e-02	-3.303416e-03
1.000002566750753e-02	-3.302008e-03
1.000004712707362e-02	-3.303415e-03
1.000007002806088e-02	-3.302008e-03
1.000008616603948e-02	-3.303414e-03
1.000010788702696e-02	-3.302008e-03
1.000012571946637e-02	-3.303416e-03
1.000014522529124e-02	-3.302010e-03
1.000016720689174e-02	-3.303418e-03
1.000020362258235e-02	-3.302015e-03
1.000026047468927e-02	-3.303428e-03
1.000033044861116e-02	-3.302030e-03
1.000040239007214e-02	-3.303445e-03
1.000053931123349e-02	-3.302055e-03
1.000073246471062e-02	-3.303487e-03
1.000093991489280e-02	-3.302111e-03
1.000113528772032e-02	-3.303558e-03
1.000132082092568e-02	-3.302206e-03
1.000147534439347e-02	-3.303669e-03
1.000165194373237e-02	-3.302325e-03
1.000182561735814e-02	-3.303784e-03
1.000211574048583e-02	-3.302443e-03
1.000240579865672e-02	-3.303892e-03
1.000267193555899e-02	-3.302508e-03
1.000297153467962e-02	-3.303927e-03
1.000326191036390e-02	-3.302524e-03
1.000361319490264e-02	-3.303927e-03
1.000398079520368e-02	-3.302507e-03
1.000444376200051e-02	-3.303887e-03
1.000497190167841e-02	-3.302440e-03
1.000569043096106e-02	-3.303783e-03
1.000662298776132e-02	-3.302284e-03
1.000812279417810e-02	-3.303538e-03
1.001104778961199e-02	-3.301871e-03
1.001499666941458e-02	-3.303060e-03
1.001877490965676e-02	-3.301574e-03
1.002165623057672e-02	-3.302974e-03
1.002433835713492e-02	-3.301581e-03
1.002723584860280e-02	-3.303011e-03
1.003038841723918e-02	-3.301626e-03
1.003334200331663e-02	-3.303044e-03
1.003627594883192e-02	-3.301639e-03
1.003911794312572e-02	-3.303037e-03
1.004201587795294e-02	-3.301613e-03
1.004487183214576e-02	-3.302995e-03
1.004776654837848e-02	-3.301556e-03
1.005063596629120e-02	-3.302925e-03
1.005405405178910e-02	-3.301468e-03
1.005783723410132e-02	-3.302813e-03
1.006760915669084e-02	-3.302627e-03
1.008218218544179e-02	-3.302294e-03
1.009218218544179e-02	-3.300630e-03
1.010218218544179e-02	-3.301770e-03
1.011218218544179e-02	-3.300074e-03
1.012218218544179e-02	-3.301095e-03
1.013218218544179e-02	-3.298727e-03
1.013619903428666e-02	-3.298436e-03
1.013790257182940e-02	-3.294070e-03
1.013870568460145e-02	-3.290215e-03
1.013954257998794e-02	-3.280269e-03
1.014080936024027e-02	-3.267512e-03
1.014213770212866e-02	-3.255609e-03
1.014471991649516e-02	-3.227780e-03
1.014892514280606e-02	-3.186092e-03
1.015380297931244e-02	-3.133891e-03
1.016110936596681e-02	-3.058716e-03
1.016890437764090e-02	-2.974514e-03
1.017890437764090e-02	-2.869110e-03
1.018890437764090e-02	-2.759911e-03
1.019890437764090e-02	-2.653250e-03
1.020890437764090e-02	-2.543111e-03
1.021890437764090e-02	-2.435697e-03
1.022890437764090e-02	-2.324912e-03
1.023890437764090e-02	-2.216897e-03
1.025890437764090e-02	-1.996839e-03
1.027890437764090e-02	-1.775067e-03
1.028890437764090e-02	-1.661640e-03
1.029890437764090e-02	-1.550145e-03
1.030890437764090e-02	-1.433652e-03
1.031890437764090e-02	-1.316023e-03
1.032890437764090e-02	-1.179204e-03
1.033229670574595e-02	-1.110738e-03
1.033348493610323e-02	-1.069302e-03
1.033413079498133e-02	-1.045254e-03
1.033439435854325e-02	-1.032395e-03
1.033462134469537e-02	-1.024322e-03
1.033510934803070e-02	-1.002989e-03
1.033553747788793e-02	-9.835845e-04
1.033596560774516e-02	-9.642726e-04
1.033639373760239e-02	-9.450534e-04
1.033682186745961e-02	-9.259270e-04
1.033724999731684e-02	-9.068933e-04
1.033767812717407e-02	-8.879523e-04
1.033810625703130e-02	-8.691040e-04
1.034003775346239e-02	-7.818826e-04
1.034200919699039e-02	-6.908935e-04
1.034530436021990e-02	-5.409415e-04
1.034944044053106e-02	-3.473218e-04
1.035281948234599e-02	-1.896663e-04
1.035502464798239e-02	-8.319596e-05
1.035621284910075e-02	-2.743444e-05
1.035674900917251e-02	-1.767537e-05
1.035715101086288e-02	-1.134039e-05
1.035754628049865e-02	-9.362842e-06
1.035797333892285e-02	-5.634387e-06
1.035838055020652e-02	-5.460546e-06
1.035881191077065e-02	-3.063157e-06
1.035923929618903e-02	-3.709516e-06
1.035969983465006e-02	-1.890407e-06
1.036017282061394e-02	-2.912009e-06
1.036069516027834e-02	-1.360066e-06
1.036125641341669e-02	-2.558921e-06
1.036190353507640e-02	-1.132012e-06
1.036263977809700e-02	-2.414354e-06
1.036354166329689e-02	-1.044396e-06
1.036464681478592e-02	-2.362302e-06
1.036613091437616e-02	-1.012481e-06
1.036780512915579e-02	-2.340018e-06
1.036986060813778e-02	-9.928939e-07
1.037235903105133e-02	-2.318432e-06
1.037584356611635e-02	-9.658896e-07
1.038080586433304e-02	-2.281859e-06
1.038923372266352e-02	-9.105755e-07
1.039855853999922e-02	-2.212182e-06
1.040855853999922e-02	-8.392147e-07
1.041855853999922e-02	-2.142724e-06
1.042855853999922e-02	-7.737912e-07
1.043855853999922e-02	-2.080772e-06
1.044855853999922e-02	-7.146600e-07
1.045855853999922e-02	-2.023840e-06
1.046855853999922e-02	-6.593090e-07
1.047855853999922e-02	-1.969584e-06
1.048855853999922e-02	-6.057263e-07
1.049855853999922e-02	-1.916427e-06
1.050855853999922e-02	-5.528149e-07
1.051855853999922e-02	-1.863732e-06
1.052855853999922e-02	-5.003326e-07
1.053855853999922e-02	-1.811570e-06
1.054855853999922e-02	-4.485781e-07
1.055855853999922e-02	-1.760383e-06
1.056855853999922e-02	-3.980653e-07
1.057855853999922e-02	-1.710701e-06
1.058855853999922e-02	-3.493020e-07
1.059855853999922e-02	-1.662984e-06
1.060855853999922e-02	-3.026836e-07
1.061855853999922e-02	-1.617556e-06
1.062855853999922e-02	-2.584640e-07
1.063855853999922e-02	-1.574605e-06
1.064855853999922e-02	-2.167689e-07
1.065855853999922e-02	-1.534201e-06
1.066855853999922e-02	-1.776229e-07
1.067855853999922e-02	-1.496330e-06
1.068855853999922e-02	-1.409790e-07
1.069855853999922e-02	-1.460919e-06
1.070855853999922e-02	-1.067435e-07
1.071855853999922e-02	-1.427858e-06
1.072855853999922e-02	-7.479475e-08
1.073855853999922e-02	-1.397018e-06
1.074855853999922e-02	-4.499719e-08
1.075855853999922e-02	-1.368258e-06
1.076855853999922e-02	-1.721034e-08
1.077855853999922e-02	-1.341440e-06
1.078855853999922e-02	8.705022e-09
1.079855853999922e-02	-1.316424e-06
1.080855853999922e-02	3.288318e-08
1.081855853999922e-02	-1.293082e-06
1.082855853999922e-02	5.545136e-08
1.083855853999922e-02	-1.271289e-06
1.084855853999922e-02	7.652864e-08
1.085855853999922e-02	-1.250930e-06
1.086855853999922e-02	9.622555e-08
1.087855853999922e-02	-1.231900e-06
1.088855853999922e-02	1.146442e-07
1.089855853999922e-02	-1.214101e-06
1.090855853999922e-02	1.318786e-07
1.091855853999922e-02	-1.197441e-06
1.092855853999922e-02	1.480149e-07
1.093855853999922e-02	-1.181839e-06
1.094855853999922e-02	1.631323e-07
1.095855853999922e-02	-1.167219e-06
1.096855853999922e-02	1.773035e-07
1.097855853999922e-02	-1.153511e-06
1.098855853999922e-02	1.905949e-07
1.099855853999922e-02	-1.140652e-06
1.100855853999922e-02	2.030678e-07
1.101855853999922e-02	-1.128583e-06
1.102855853999922e-02	2.147781e-07
1.103855853999922e-02	-1.117249e-06
1.104855853999922e-02	2.257776e-07
1.105855853999922e-02	-1.106603e-06
1.106855853999922e-02	2.361137e-07
1.107855853999922e-02	-1.096597e-06
1.108855853999922e-02	2.458303e-07
1.109855853999922e-02	-1.087191e-06
1.110855853999922e-02	2.549678e-07
1.111855853999922e-02	-1.078344e-06
1.112855853999922e-02	2.635636e-07
1.113855853999922e-02	-1.070022e-06
1.114855853999922e-02	2.716524e-07
1.115855853999922e-02	-1.062190e-06
1.116855853999922e-02	2.792662e-07
1.117855853999922e-02	-1.054818e-06
1.118855853999922e-02	2.864349e-07
1.119855853999922e-02	-1.047877e-06
1.120855853999922e-02	2.931860e-07
1.121855853999922e-02	-1.041340e-06
1.122855853999922e-02	2.995455e-07
1.123855853999922e-02	-1.035183e-06
1.124855853999922e-02	3.055372e-07
1.125855853999922e-02	-1.029382e-06
1.126855853999922e-02	3.111836e-07
1.127855853999922e-02	-1.023916e-06
1.128855853999922e-02	3.165056e-07
1.129855853999922e-02	-1.018765e-06
1.130855853999922e-02	3.215226e-07
1.131855853999922e-02	-1.013909e-06
1.132855853999922e-02	3.262529e-07
1.133855853999922e-02	-1.009331e-06
1.134855853999922e-02	3.307136e-07
1.135855853999922e-02	-1.005015e-06
1.136855853999922e-02	3.349206e-07
1.137855853999922e-02	-1.000944e-06
1.138855853999922e-02	3.388890e-07
1.139855853999922e-02	-9.971054e-07
1.140855853999922e-02	3.426326e-07
1.141855853999922e-02	-9.934846e-07
1.142855853999922e-02	3.461648e-07
1.143855853999922e-02	-9.900690e-07
1.144855853999922e-02	3.494979e-07
1.145855853999922e-02	-9.868465e-07
1.146855853999922e-02	3.526433e-07
1.147855853999922e-02	-9.838062e-07
1.148855853999922e-02	3.556122e-07
1.149855853999922e-02	-9.809373e-07
1.150855853999922e-02	3.584146e-07
1.151855853999922e-02	-9.782299e-07
1.152855853999922e-02	3.610601e-07
1.153855853999922e-02	-9.756748e-07
1.154855853999922e-02	3.635579e-07
1.155855853999922e-02	-9.732630e-07
1.156855853999922e-02	3.659164e-07
1.157855853999922e-02	-9.709865e-07
1.158855853999922e-02	3.681436e-07
1.159855853999922e-02	-9.688374e-07
1.160855853999922e-02	3.702471e-07
1.161855853999922e-02	-9.668086e-07
1.162855853999922e-02	3.722338e-07
1.163855853999922e-02	-9.648929e-07
1.164855853999922e-02	3.741105e-07
1.165855853999922e-02	-9.630842e-07
1.166855853999922e-02	3.758834e-07
1.167855853999922e-02	-9.613761e-07
1.168855853999922e-02	3.775585e-07
1.169855853999922e-02	-9.597632e-07
1.170855853999922e-02	3.791413e-07
1.171855853999922e-02	-9.582399e-07
1.172855853999922e-02	3.806370e-07
1.173855853999922e-02	-9.568010e-07
1.174855853999922e-02	3.820506e-07
1.175855853999922e-02	-9.554419e-07
1.176855853999922e-02	3.833866e-07
1.177855853999922e-02	-9.541582e-07
1.178855853999922e-02	3.846496e-07
1.179855853999922e-02	-9.529453e-07
1.180855853999922e-02	3.858435e-07
1.181855853999922e-02	-9.517995e-07
1.182855853999922e-02	3.869724e-07
1.183855853999922e-02	-9.507169e-07
1.184855853999922e-02	3.880398e-07
1.185855853999922e-02	-9.496940e-07
1.186855853999922e-02	3.890493e-07
1.187855853999922e-02	-9.487274e-07
1.188855853999922e-02	3.900040e-07
1.189855853999922e-02	-9.478139e-07
1.190855853999922e-02	3.909070e-07
1.191855853999922e-02	-9.469506e-07
1.192855853999922e-02	3.917613e-07
1.193855853999922e-02	-9.461348e-07
1.194855853999922e-02	3.925695e-07
1.195855853999922e-02	-9.453636e-07
1.196855853999922e-02	3.933342e-07
1.197855853999922e-02	-9.446346e-07
1.198855853999922e-02	3.940579e-07
1.199855853999922e-02	-9.439455e-07
1.200855853999922e-02	3.947428e-07
1.201855853999922e-02	-9.432940e-07
1.202855853999922e-02	3.953912e-07
1.203855853999922e-02	-9.426781e-07
1.204855853999922e-02	3.960049e-07
1.205855853999922e-02	-9.420958e-07
1.206855853999922e-02	3.965860e-07
1.207855853999922e-02	-9.415451e-07
1.208855853999922e-02	3.971363e-07
1.209855853999922e-02	-9.410245e-07
1.210855853999922e-02	3.976574e-07
1.211855853999922e-02	-9.405321e-07
1.212855853999922e-02	3.981511e-07
1.213855853999922e-02	-9.400664e-07
1.214855853999922e-02	3.986187e-07
1.215855853999922e-02	-9.396260e-07
1.216855853999922e-02	3.990617e-07
1.217855853999922e-02	-9.392094e-07
1.218855853999922e-02	3.994816e-07
1.219855853999922e-02	-9.388154e-07
1.220855853999922e-02	3.998795e-07
1.221855853999922e-02	-9.384427e-07
1.222855853999922e-02	4.002567e-07
1.223855853999922e-02	-9.380901e-07
1.224855853999922e-02	4.006143e-07
1.225855853999922e-02	-9.377565e-07
1.226855853999922e-02	4.009533e-07
1.227855853999922e-02	-9.374409e-07
1.228855853999922e-02	4.012749e-07
1.229855853999922e-02	-9.371423e-07
1.230855853999922e-02	4.015799e-07
1.231855853999922e-02	-9.368597e-07
1.232855853999922e-02	4.018693e-07
1.233855853999922e-02	-9.365924e-07
1.234855853999922e-02	4.021439e-07
1.235855853999922e-02	-9.363394e-07
1.236855853999922e-02	4.024045e-07
1.237855853999922e-02	-9.361000e-07
1.238855853999922e-02	4.026519e-07
1.239855853999922e-02	-9.358733e-07
1.240855853999922e-02	4.028868e-07
1.241855853999922e-02	-9.356589e-07
1.242855853999922e-02	4.031099e-07
1.243855853999922e-02	-9.354559e-07
1.244855853999922e-02	4.033217e-07
1.245855853999922e-02	-9.352638e-07
1.246855853999922e-02	4.035230e-07
1.247855853999922e-02	-9.350820e-07
1.248855853999922e-02	4.037143e-07
1.249855853999922e-02	-9.349098e-07
1.250855853999922e-02	4.038961e-07
1.251855853999922e-02	-9.347469e-07
1.252855853999922e-02	4.040689e-07
1.253855853999922e-02	-9.345927e-07
1.254855853999922e-02	4.042333e-07
1.255855853999922e-02	-9.344466e-07
1.256855853999922e-02	4.043896e-07
1.257855853999922e-02	-9.343084e-07
1.258855853999922e-02	4.045383e-07
1.259855853999922e-02	-9.341775e-07
1.260855853999922e-02	4.046798e-07
1.261855853999922e-02	-9.340537e-07
1.262855853999922e-02	4.048146e-07
1.263855853999922e-02	-9.339363e-07
1.264855853999922e-02	4.049428e-07
1.265855853999922e-02	-9.338253e-07
1.266855853999922e-02	4.050650e-07
1.267855853999922e-02	-9.337202e-07
1.268855853999922e-02	4.051814e-07
1.269855853999922e-02	-9.336207e-07
1.270855853999922e-02	4.052923e-07
1.271855853999922e-02	-9.335265e-07
1.272855853999922e-02	4.053980e-07
1.273855853999922e-02	-9.334373e-07
1.274855853999922e-02	4.054988e-07
1.275855853999922e-02	-9.333529e-07
1.276855853999922e-02	4.055949e-07
1.277855853999922e-02	-9.332730e-07
1.278855853999922e-02	4.056866e-07
1.279855853999922e-02	-9.331974e-07
1.280855853999922e-02	4.057742e-07
1.281855853999922e-02	-9.331258e-07
1.282855853999922e-02	4.058577e-07
1.283855853999922e-02	-9.330581e-07
1.284855853999922e-02	4.059376e-07
1.285855853999922e-02	-9.329939e-07
1.286855853999922e-02	4.060138e-07
1.287855853999922e-02	-9.329333e-07
1.288855853999922e-02	4.060867e-07
1.289855853999922e-02	-9.328759e-07
1.290855853999922e-02	4.061563e-07
1.291855853999922e-02	-9.328216e-07
1.292855853999922e-02	4.062230e-07
1.293855853999922e-02	-9.327703e-07
1.294855853999922e-02	4.062867e-07
1.295855853999922e-02	-9.327217e-07
1.296855853999922e-02	4.063477e-07
1.297855853999922e-02	-9.326757e-07
1.298855853999922e-02	4.064061e-07
1.299855853999922e-02	-9.326323e-07
1.300855853999922e-02	4.064621e-07
1.301855853999922e-02	-9.325912e-07
1.302855853999922e-02	4.065157e-07
1.303855853999922e-02	-9.325524e-07
1.304855853999922e-02	4.065671e-07
1.305855853999922e-02	-9.325158e-07
1.306855853999922e-02	4.066164e-07
1.307855853999922e-02	-9.324811e-07
1.308855853999922e-02	4.066637e-07
1.309855853999922e-02	-9.324484e-07
1.310855853999922e-02	4.067090e-07
1.311855853999922e-02	-9.324175e-07
1.312855853999922e-02	4.067526e-07
1.313855853999922e-02	-9.323884e-07
1.314855853999922e-02	4.067945e-07
1.315855853999922e-02	-9.323609e-07
1.316855853999922e-02	4.068347e-07
1.317855853999922e-02	-9.323350e-07
1.318855853999922e-02	4.068734e-07
1.319855853999922e-02	-9.323105e-07
1.320855853999922e-02	4.069106e-07
1.321855853999922e-02	-9.322875e-07
1.322855853999922e-02	4.069464e-07
1.323855853999922e-02	-9.322658e-07
1.324855853999922e-02	4.069809e-07
1.325855853999922e-02	-9.322454e-07
1.326855853999922e-02	4.070141e-07
1.327855853999922e-02	-9.322262e-07
1.328855853999922e-02	4.070461e-07
1.329855853999922e-02	-9.322081e-07
1.330855853999922e-02	4.070769e-07
1.331855853999922e-02	-9.321912e-07
1.332855853999922e-02	4.071067e-07
1.333855853999922e-02	-9.321753e-07
1.334855853999922e-02	4.071354e-07
1.335855853999922e-02	-9.321604e-07
1.336855853999922e-02	4.071631e-07
1.337855853999922e-02	-9.321464e-07
1.338855853999922e-02	4.071899e-07
1.339855853999922e-02	-9.321333e-07
1.340855853999922e-02	4.072158e-07
1.341855853999922e-02	-9.321211e-07
1.342855853999922e-02	4.072408e-07
1.343855853999922e-02	-9.321097e-07
1.344855853999922e-02	4.072650e-07
1.345855853999922e-02	-9.320991e-07
1.346855853999922e-02	4.072885e-07
1.347855853999922e-02	-9.320892e-07
1.348855853999922e-02	4.073112e-07
1.349855853999922e-02	-9.320800e-07
1.350855853999922e-02	4.073332e-07
1.351855853999922e-02	-9.320714e-07
1.352855853999922e-02	4.073545e-07
1.353855853999922e-02	-9.320635e-07
1.354855853999922e-02	4.073752e-07
1.355855853999922e-02	-9.320561e-07
1.356855853999922e-02	4.073952e-07
1.357855853999922e-02	-9.320494e-07
1.358855853999922e-02	4.074147e-07
1.359855853999922e-02	-9.320432e-07
1.360855853999922e-02	4.074337e-07
1.361855853999922e-02	-9.320376e-07
1.362855853999922e-02	4.074521e-07
1.363855853999922e-02	-9.320324e-07
1.364855853999922e-02	4.074699e-07
1.365855853999922e-02	-9.320277e-07
1.366855853999922e-02	4.074873e-07
1.367855853999922e-02	-9.320235e-07
1.368855853999922e-02	4.075043e-07
1.369855853999922e-02	-9.320196e-07
1.370855853999922e-02	4.075208e-07
1.371855853999922e-02	-9.320162e-07
1.372855853999922e-02	4.075368e-07
1.373855853999922e-02	-9.320132e-07
1.374855853999922e-02	4.075525e-07
1.375855853999922e-02	-9.320106e-07
1.376855853999922e-02	4.075677e-07
1.377855853999922e-02	-9.320083e-07
1.378855853999922e-02	4.075826e-07
1.379855853999922e-02	-9.320064e-07
1.380855853999922e-02	4.075972e-07
1.381855853999922e-02	-9.320048e-07
1.382855853999922e-02	4.076114e-07
1.383855853999922e-02	-9.320034e-07
1.384855853999922e-02	4.076253e-07
1.385855853999922e-02	-9.320025e-07
1.386855853999922e-02	4.076388e-07
1.387855853999922e-02	-9.320017e-07
1.388855853999922e-02	4.076521e-07
1.389855853999922e-02	-9.320013e-07
1.390855853999922e-02	4.076651e-07
1.391855853999922e-02	-9.320011e-07
1.392855853999922e-02	4.076778e-07
1.393855853999922e-02	-9.320011e-07
1.394855853999922e-02	4.076902e-07
1.395855853999922e-02	-9.320013e-07
1.396855853999922e-02	4.077024e-07
1.397855853999922e-02	-9.320019e-07
1.398855853999922e-02	4.077144e-07
1.399855853999922e-02	-9.320026e-07
1.400855853999922e-02	4.077261e-07
1.401855853999922e-02	-9.320035e-07
1.402855853999922e-02	4.077376e-07
1.403855853999922e-02	-9.320046e-07
1.404855853999922e-02	4.077489e-07
1.405855853999922e-02	-9.320059e-07
1.406855853999922e-02	4.077600e-07
1.407855853999922e-02	-9.320074e-07
1.408855853999922e-02	4.077708e-07
1.409855853999922e-02	-9.320090e-07
1.410855853999922e-02	4.077815e-07
1.411855853999922e-02	-9.320108e-07
1.412855853999922e-02	4.077920e-07
1.413855853999922e-02	-9.320128e-07
1.414855853999922e-02	4.078024e-07
1.415855853999922e-02	-9.320149e-07
1.416855853999922e-02	4.078125e-07
1.417855853999922e-02	-9.320171e-07
1.418855853999922e-02	4.078225e-07
1.419855853999922e-02	-9.320195e-07
1.420855853999922e-02	4.078324e-07
1.421855853999922e-02	-9.320220e-07
1.422855853999922e-02	4.078421e-07
1.423855853999922e-02	-9.320246e-07
1.424855853999922e-02	4.078516e-07
1.425855853999922e-02	-9.320274e-07
1.426855853999922e-02	4.078611e-07
1.427855853999922e-02	-9.320303e-07
1.428855853999922e-02	4.078703e-07
1.429855853999922e-02	-9.320333e-07
1.430855853999922e-02	4.078795e-07
1.431855853999922e-02	-9.320364e-07
1.432855853999922e-02	4.078885e-07
1.433855853999922e-02	-9.320395e-07
1.434855853999922e-02	4.078974e-07
1.435855853999922e-02	-9.320428e-07
1.436855853999922e-02	4.079062e-07
1.437855853999922e-02	-9.320462e-07
1.438855853999922e-02	4.079149e-07
1.439855853999922e-02	-9.320497e-07
1.440855853999922e-02	4.079235e-07
1.441855853999922e-02	-9.320532e-07
1.442855853999922e-02	4.079319e-07
1.443855853999922e-02	-9.320568e-07
1.444855853999922e-02	4.079403e-07
1.445855853999922e-02	-9.320605e-07
1.446855853999922e-02	4.079486e-07
1.447855853999922e-02	-9.320642e-07
1.448855853999922e-02	4.079568e-07
1.449855853999922e-02	-9.320681e-07
1.450855853999922e-02	4.079648e-07
1.451855853999922e-02	-9.320719e-07
1.452855853999922e-02	4.079729e-07
1.453855853999922e-02	-9.320759e-07
1.454855853999922e-02	4.079808e-07
1.455855853999922e-02	-9.320800e-07
1.456855853999922e-02	4.079886e-07
1.457855853999922e-02	-9.320840e-07
1.458855853999922e-02	4.079964e-07
1.459855853999922e-02	-9.320881e-07
1.460855853999922e-02	4.080040e-07
1.461855853999922e-02	-9.320923e-07
1.462855853999922e-02	4.080117e-07
1.463855853999922e-02	-9.320966e-07
1.464855853999922e-02	4.080192e-07
1.465855853999922e-02	-9.321008e-07
1.466855853999922e-02	4.080267e-07
1.467855853999922e-02	-9.321051e-07
1.468855853999922e-02	4.080341e-07
1.469855853999922e-02	-9.321095e-07
1.470855853999922e-02	4.080414e-07
1.471855853999922e-02	-9.321139e-07
1.472855853999922e-02	4.080487e-07
1.473855853999922e-02	-9.321184e-07
1.474855853999922e-02	4.080559e-07
1.475855853999922e-02	-9.321229e-07
1.476855853999922e-02	4.080630e-07
1.477855853999922e-02	-9.321274e-07
1.478855853999922e-02	4.080701e-07
1.479855853999922e-02	-9.321320e-07
1.480855853999922e-02	4.080772e-07
1.481855853999922e-02	-9.321365e-07
1.482855853999922e-02	4.080842e-07
1.483855853999922e-02	-9.321412e-07
1.484855853999922e-02	4.080911e-07
1.485855853999922e-02	-9.321458e-07
1.486855853999922e-02	4.080980e-07
1.487855853999922e-02	-9.321505e-07
1.488855853999922e-02	4.081048e-07
1.489855853999922e-02	-9.321552e-07
1.490855853999922e-02	4.081116e-07
1.491855853999922e-02	-9.321599e-07
1.492855853999922e-02	4.081183e-07
1.493855853999922e-02	-9.321647e-07
1.494855853999922e-02	4.081250e-07
1.495855853999922e-02	-9.321694e-07
1.496855853999922e-02	4.081316e-07
1.497855853999922e-02	-9.321743e-07
1.498855853999922e-02	4.081382e-07
1.499855853999922e-02	-9.321790e-07
1.500855853999922e-02	4.081448e-07
1.501855853999922e-02	-9.321839e-07
1.502855853999922e-02	4.081513e-07
1.503855853999922e-02	-9.321888e-07
1.504855853999922e-02	4.081578e-07
1.505855853999922e-02	-9.321936e-07
1.506855853999922e-02	4.081642e-07
1.507855853999922e-02	-9.321985e-07
1.508855853999922e-02	4.081706e-07
1.509855853999922e-02	-9.322034e-07
1.510855853999922e-02	4.081770e-07
1.511855853999922e-02	-9.322083e-07
1.512855853999922e-02	4.081833e-07
1.513855853999922e-02	-9.322133e-07
1.514855853999922e-02	4.081896e-07
1.515855853999922e-02	-9.322182e-07
1.516855853999922e-02	4.081959e-07
1.517855853999922e-02	-9.322231e-07
1.518855853999922e-02	4.082021e-07
1.519855853999922e-02	-9.322281e-07
1.520855853999922e-02	4.082083e-07
1.521855853999922e-02	-9.322331e-07
1.522855853999922e-02	4.082144e-07
1.523855853999922e-02	-9.322380e-07
1.524855853999922e-02	4.082206e-07
1.525855853999922e-02	-9.322430e-07
1.526855853999922e-02	4.082266e-07
1.527855853999922e-02	-9.322480e-07
1.528855853999922e-02	4.082327e-07
1.529855853999922e-02	-9.322530e-07
1.530855853999922e-02	4.082387e-07
1.531855853999922e-02	-9.322581e-07
1.532855853999922e-02	4.082448e-07
1.533855853999922e-02	-9.322631e-07
1.534855853999922e-02	4.082507e-07
1.535855853999922e-02	-9.322681e-07
1.536855853999922e-02	4.082567e-07
1.537855853999922e-02	-9.322732e-07
1.538855853999922e-02	4.082626e-07
1.539855853999922e-02	-9.322782e-07
1.540855853999922e-02	4.082685e-07
1.541855853999922e-02	-9.322832e-07
1.542855853999922e-02	4.082744e-07
1.543855853999922e-02	-9.322883e-07
1.544855853999922e-02	4.082802e-07
1.545855853999922e-02	-9.322933e-07
1.546855853999922e-02	4.082861e-07
1.547855853999922e-02	-9.322983e-07
1.548855853999922e-02	4.082919e-07
1.549855853999922e-02	-9.323034e-07
1.550855853999922e-02	4.082976e-07
1.551855853999922e-02	-9.323085e-07
1.552855853999922e-02	4.083034e-07
1.553855853999922e-02	-9.323135e-07
1.554855853999922e-02	4.083091e-07
1.555855853999922e-02	-9.323186e-07
1.556855853999922e-02	4.083148e-07
1.557855853999922e-02	-9.323236e-07
1.558855853999922e-02	4.083205e-07
1.559855853999922e-02	-9.323287e-07
1.560855853999922e-02	4.083262e-07
1.561855853999922e-02	-9.323338e-07
1.562855853999922e-02	4.083318e-07
1.563855853999922e-02	-9.323388e-07
1.564855853999922e-02	4.083374e-07
1.565855853999922e-02	-9.323438e-07
1.566855853999922e-02	4.083430e-07
1.567855853999922e-02	-9.323489e-07
1.568855853999922e-02	4.083486e-07
1.569855853999922e-02	-9.323539e-07
1.570855853999922e-02	4.083541e-07
1.571855853999922e-02	-9.323590e-07
1.572855853999922e-02	4.083597e-07
1.573855853999922e-02	-9.323641e-07
1.574855853999922e-02	4.083652e-07
1.575855853999922e-02	-9.323691e-07
1.576855853999922e-02	4.083707e-07
1.577855853999922e-02	-9.323741e-07
1.578855853999922e-02	4.083762e-07
1.579855853999922e-02	-9.323792e-07
1.580855853999922e-02	4.083816e-07
1.581855853999922e-02	-9.323842e-07
1.582855853999922e-02	4.083871e-07
1.583855853999922e-02	-9.323892e-07
1.584855853999922e-02	4.083925e-07
1.585855853999922e-02	-9.323942e-07
1.586855853999922e-02	4.083979e-07
1.587855853999922e-02	-9.323992e-07
1.588855853999922e-02	4.084033e-07
1.589855853999922e-02	-9.324043e-07
1.590855853999922e-02	4.084087e-07
1.591855853999922e-02	-9.324093e-07
1.592855853999922e-02	4.084140e-07
1.593855853999922e-02	-9.324143e-07
1.594855853999922e-02	4.084193e-07
1.595855853999922e-02	-9.324193e-07
1.596855853999922e-02	4.084247e-07
1.597855853999922e-02	-9.324243e-07
1.598855853999922e-02	4.084300e-07
1.599855853999922e-02	-9.324293e-07
1.600855853999922e-02	4.084353e-07
1.601855853999922e-02	-9.324343e-07
1.602855853999922e-02	4.084405e-07
1.603855853999922e-02	-9.324393e-07
1.604855853999922e-02	4.084458e-07
1.605855853999922e-02	-9.324443e-07
1.606855853999922e-02	4.084510e-07
1.607855853999922e-02	-9.324492e-07
1.608855853999922e-02	4.084563e-07
1.609855853999922e-02	-9.324542e-07
1.610855853999922e-02	4.084615e-07
1.611855853999922e-02	-9.324591e-07
1.612855853999922e-02	4.084666e-07
1.613855853999922e-02	-9.324640e-07
1.614855853999922e-02	4.084718e-07
1.615855853999922e-02	-9.324690e-07
1.616855853999922e-02	4.084770e-07
1.617855853999922e-02	-9.324739e-07
1.618855853999922e-02	4.084821e-07
1.619855853999922e-02	-9.324789e-07
1.620855853999922e-02	4.084873e-07
1.621855853999922e-02	-9.324838e-07
1.622855853999922e-02	4.084924e-07
1.623855853999922e-02	-9.324887e-07
1.624855853999922e-02	4.084975e-07
1.625855853999922e-02	-9.324936e-07
1.626855853999922e-02	4.085026e-07
1.627855853999922e-02	-9.324986e-07
1.628855853999922e-02	4.085076e-07
1.629855853999922e-02	-9.325034e-07
1.630855853999922e-02	4.085127e-07
1.631855853999922e-02	-9.325083e-07
1.632855853999922e-02	4.085178e-07
1.633855853999922e-02	-9.325132e-07
1.634855853999922e-02	4.085228e-07
1.635855853999922e-02	-9.325180e-07
1.636855853999922e-02	4.085278e-07
1.637855853999922e-02	-9.325229e-07
1.638855853999922e-02	4.085328e-07
1.639855853999922e-02	-9.325278e-07
1.640855853999922e-02	4.085378e-07
1.641855853999922e-02	-9.325327e-07
1.642855853999922e-02	4.085428e-07
1.643855853999922e-02	-9.325375e-07
1.644855853999922e-02	4.085477e-07
1.645855853999922e-02	-9.325423e-07
1.646855853999922e-02	4.085527e-07
1.647855853999922e-02	-9.325472e-07
1.648855853999922e-02	4.085576e-07
1.649855853999922e-02	-9.325519e-07
1.650855853999922e-02	4.085626e-07
1.651855853999922e-02	-9.325568e-07
1.652855853999922e-02	4.085675e-07
1.653855853999922e-02	-9.325615e-07
1.654855853999922e-02	4.085724e-07
1.655855853999922e-02	-9.325664e-07
1.656855853999922e-02	4.085773e-07
1.657855853999922e-02	-9.325711e-07
1.658855853999922e-02	4.085821e-07
1.659855853999922e-02	-9.325759e-07
1.660855853999922e-02	4.085870e-07
1.661855853999922e-02	-9.325806e-07
1.662855853999922e-02	4.085919e-07
1.663855853999922e-02	-9.325854e-07
1.664855853999922e-02	4.085967e-07
1.665855853999922e-02	-9.325901e-07
1.666855853999922e-02	4.086015e-07
1.667855853999922e-02	-9.325949e-07
1.668855853999922e-02	4.086063e-07
1.669855853999922e-02	-9.325996e-07
1.670855853999922e-02	4.086111e-07
1.671855853999922e-02	-9.326043e-07
1.672855853999922e-02	4.086159e-07
1.673855853999922e-02	-9.326091e-07
1.674855853999922e-02	4.086207e-07
1.675855853999922e-02	-9.326138e-07
1.676855853999922e-02	4.086255e-07
1.677855853999922e-02	-9.326184e-07
1.678855853999922e-02	4.086302e-07
1.679855853999922e-02	-9.326231e-07
1.680855853999922e-02	4.086349e-07
1.681855853999922e-02	-9.326278e-07
1.682855853999922e-02	4.086397e-07
1.683855853999922e-02	-9.326325e-07
1.684855853999922e-02	4.086444e-07
1.685855853999922e-02	-9.326371e-07
1.686855853999922e-02	4.086491e-07
1.687855853999922e-02	-9.326417e-07
1.688855853999922e-02	4.086538e-07
1.689855853999922e-02	-9.326464e-07
1.690855853999922e-02	4.086585e-07
1.691855853999922e-02	-9.326510e-07
1.692855853999922e-02	4.086631e-07
1.693855853999922e-02	-9.326557e-07
1.694855853999922e-02	4.086678e-07
1.695855853999922e-02	-9.326603e-07
1.696855853999922e-02	4.086724e-07
1.697855853999922e-02	-9.326648e-07
1.698855853999922e-02	4.086771e-07
1.699855853999922e-02	-9.326694e-07
1.700855853999922e-02	4.086817e-07
1.701855853999922e-02	-9.326740e-07
1.702855853999922e-02	4.086863e-07
1.703855853999922e-02	-9.326786e-07
1.704855853999922e-02	4.086909e-07
1.705855853999922e-02	-9.326831e-07
1.706855853999922e-02	4.086955e-07
1.707855853999922e-02	-9.326877e-07
1.708855853999922e-02	4.087001e-07
1.709855853999922e-02	-9.326922e-07
1.710855853999922e-02	4.087046e-07
1.711855853999922e-02	-9.326968e-07
1.712855853999922e-02	4.087092e-07
1.713855853999922e-02	-9.327013e-07
1.714855853999922e-02	4.087137e-07
1.715855853999922e-02	-9.327058e-07
1.716855853999922e-02	4.087183e-07
1.717855853999922e-02	-9.327103e-07
1.718855853999922e-02	4.087228e-07
1.719855853999922e-02	-9.327148e-07
1.720855853999922e-02	4.087273e-07
1.721855853999922e-02	-9.327193e-07
1.722855853999922e-02	4.087318e-07
1.723855853999922e-02	-9.327237e-07
1.724855853999922e-02	4.087363e-07
1.725855853999922e-02	-9.327282e-07
1.726855853999922e-02	4.087408e-07
1.727855853999922e-02	-9.327326e-07
1.728855853999922e-02	4.087452e-07
1.729855853999922e-02	-9.327371e-07
1.730855853999922e-02	4.087497e-07
1.731855853999922e-02	-9.327416e-07
1.732855853999922e-02	4.087541e-07
1.733855853999922e-02	-9.327459e-07
1.734855853999922e-02	4.087586e-07
1.735855853999922e-02	-9.327504e-07
1.736855853999922e-02	4.087630e-07
1.737855853999922e-02	-9.327547e-07
1.738855853999922e-02	4.087674e-07
1.739855853999922e-02	-9.327592e-07
1.740855853999922e-02	4.087718e-07
1.741855853999922e-02	-9.327636e-07
1.742855853999922e-02	4.087762e-07
1.743855853999922e-02	-9.327679e-07
1.744855853999922e-02	4.087806e-07
1.745855853999922e-02	-9.327723e-07
1.746855853999922e-02	4.087849e-07
1.747855853999922e-02	-9.327766e-07
1.748855853999922e-02	4.087893e-07
1.749855853999922e-02	-9.327809e-07
1.750855853999922e-02	4.087936e-07
1.751855853999922e-02	-9.327853e-07
1.752855853999922e-02	4.087980e-07
1.753855853999922e-02	-9.327896e-07
1.754855853999922e-02	4.088023e-07
1.755855853999922e-02	-9.327940e-07
1.756855853999922e-02	4.088066e-07
1.757855853999922e-02	-9.327982e-07
1.758855853999922e-02	4.088109e-07
1.759855853999922e-02	-9.328025e-07
1.760855853999922e-02	4.088152e-07
1.761855853999922e-02	-9.328068e-07
1.762855853999922e-02	4.088195e-07
1.763855853999922e-02	-9.328111e-07
1.764855853999922e-02	4.088238e-07
1.765855853999922e-02	-9.328153e-07
1.766855853999922e-02	4.088280e-07
1.767855853999922e-02	-9.328196e-07
1.768855853999922e-02	4.088323e-07
1.769855853999922e-02	-9.328239e-07
1.770855853999922e-02	4.088365e-07
1.771855853999922e-02	-9.328281e-07
1.772855853999922e-02	4.088407e-07
1.773855853999922e-02	-9.328323e-07
1.774855853999922e-02	4.088450e-07
1.775855853999922e-02	-9.328365e-07
1.776855853999922e-02	4.088492e-07
1.777855853999922e-02	-9.328407e-07
1.778855853999922e-02	4.088534e-07
1.779855853999922e-02	-9.328449e-07
1.780855853999922e-02	4.088576e-07
1.781855853999922e-02	-9.328491e-07
1.782855853999922e-02	4.088618e-07
1.783855853999922e-02	-9.328533e-07
1.784855853999922e-02	4.088659e-07
1.785855853999922e-02	-9.328575e-07
1.786855853999922e-02	4.088701e-07
1.787855853999922e-02	-9.328616e-07
1.788855853999922e-02	4.088742e-07
1.789855853999922e-02	-9.328658e-07
1.790855853999922e-02	4.088783e-07
1.791855853999922e-02	-9.328699e-07
1.792855853999922e-02	4.088825e-07
1.793855853999922e-02	-9.328740e-07
1.794855853999922e-02	4.088866e-07
1.795855853999922e-02	-9.328781e-07
1.796855853999922e-02	4.088907e-07
1.797855853999922e-02	-9.328822e-07
1.798855853999922e-02	4.088948e-07
1.799855853999922e-02	-9.328863e-07
1.800855853999922e-02	4.088989e-07
1.801855853999922e-02	-9.328904e-07
1.802855853999922e-02	4.089030e-07
1.803855853999922e-02	-9.328945e-07
1.804855853999922e-02	4.089070e-07
1.805855853999922e-02	-9.328985e-07
1.806855853999922e-02	4.089111e-07
1.807855853999922e-02	-9.329026e-07
1.808855853999922e-02	4.089151e-07
1.809855853999922e-02	-9.329066e-07
1.810855853999922e-02	4.089192e-07
1.811855853999922e-02	-9.329107e-07
1.812855853999922e-02	4.089232e-07
1.813855853999922e-02	-9.329146e-07
1.814855853999922e-02	4.089272e-07
1.815855853999922e-02	-9.329187e-07
1.816855853999922e-02	4.089312e-07
1.817855853999922e-02	-9.329227e-07
1.818855853999922e-02	4.089352e-07
1.819855853999922e-02	-9.329267e-07
1.820855853999922e-02	4.089392e-07
1.821855853999922e-02	-9.329307e-07
1.822855853999922e-02	4.089432e-07
1.823855853999922e-02	-9.329347e-07
1.824855853999922e-02	4.089471e-07
1.825855853999922e-02	-9.329386e-07
1.826855853999922e-02	4.089511e-07
1.827855853999922e-02	-9.329426e-07
1.828855853999922e-02	4.089550e-07
1.829855853999922e-02	-9.329465e-07
1.830855853999922e-02	4.089590e-07
1.831855853999922e-02	-9.329505e-07
1.832855853999922e-02	4.089629e-07
1.833855853999922e-02	-9.329543e-07
1.834855853999922e-02	4.089668e-07
1.835855853999922e-02	-9.329582e-07
1.836855853999922e-02	4.089707e-07
1.837855853999922e-02	-9.329622e-07
1.838855853999922e-02	4.089746e-07
1.839855853999922e-02	-9.329661e-07
1.840855853999922e-02	4.089785e-07
1.841855853999922e-02	-9.329700e-07
1.842855853999922e-02	4.089823e-07
1.843855853999922e-02	-9.329738e-07
1.844855853999922e-02	4.089862e-07
1.845855853999922e-02	-9.329777e-07
1.846855853999922e-02	4.089901e-07
1.847855853999922e-02	-9.329815e-07
1.848855853999922e-02	4.089939e-07
1.849855853999922e-02	-9.329854e-07
1.850855853999922e-02	4.089977e-07
1.851855853999922e-02	-9.329892e-07
1.852855853999922e-02	4.090016e-07
1.853855853999922e-02	-9.329930e-07
1.854855853999922e-02	4.090054e-07
1.855855853999922e-02	-9.329968e-07
1.856855853999922e-02	4.090092e-07
1.857855853999922e-02	-9.330006e-07
1.858855853999922e-02	4.090130e-07
1.859855853999922e-02	-9.330045e-07
1.860855853999922e-02	4.090168e-07
1.861855853999922e-02	-9.330082e-07
1.862855853999922e-02	4.090205e-07
1.863855853999922e-02	-9.330120e-07
1.864855853999922e-02	4.090243e-07
1.865855853999922e-02	-9.330158e-07
1.866855853999922e-02	4.090280e-07
1.867855853999922e-02	-9.330195e-07
1.868855853999922e-02	4.090318e-07
1.869855853999922e-02	-9.330233e-07
1.870855853999922e-02	4.090355e-07
1.871855853999922e-02	-9.330270e-07
1.872855853999922e-02	4.090393e-07
1.873855853999922e-02	-9.330307e-07
1.874855853999922e-02	4.090430e-07
1.875855853999922e-02	-9.330344e-07
1.876855853999922e-02	4.090467e-07
1.877855853999922e-02	-9.330381e-07
1.878855853999922e-02	4.090504e-07
1.879855853999922e-02	-9.330418e-07
1.880855853999922e-02	4.090541e-07
1.881855853999922e-02	-9.330455e-07
1.882855853999922e-02	4.090577e-07
1.883855853999922e-02	-9.330492e-07
1.884855853999922e-02	4.090614e-07
1.885855853999922e-02	-9.330528e-07
1.886855853999922e-02	4.090651e-07
1.887855853999922e-02	-9.330565e-07
1.888855853999922e-02	4.090687e-07
1.889855853999922e-02	-9.330602e-07
1.890855853999922e-02	4.090723e-07
1.891855853999922e-02	-9.330638e-07
1.892855853999922e-02	4.090760e-07
1.893855853999922e-02	-9.330674e-07
1.894855853999922e-02	4.090796e-07
1.895855853999922e-02	-9.330710e-07
1.896855853999922e-02	4.090832e-07
1.897855853999922e-02	-9.330747e-07
1.898855853999922e-02	4.090868e-07
1.899855853999922e-02	-9.330782e-07
1.900855853999922e-02	4.090904e-07
1.901855853999922e-02	-9.330818e-07
1.902855853999922e-02	4.090939e-07
1.903855853999922e-02	-9.330854e-07
1.904855853999922e-02	4.090975e-07
1.905855853999922e-02	-9.330890e-07
1.906855853999922e-02	4.091011e-07
1.907855853999922e-02	-9.330925e-07
1.908855853999922e-02	4.091046e-07
1.909855853999922e-02	-9.330961e-07
1.910855853999922e-02	4.091081e-07
1.911855853999922e-02	-9.330996e-07
1.912855853999922e-02	4.091117e-07
1.913855853999922e-02	-9.331031e-07
1.914855853999922e-02	4.091152e-07
1.915855853999922e-02	-9.331067e-07
1.916855853999922e-02	4.091187e-07
1.917855853999922e-02	-9.331102e-07
1.918855853999922e-02	4.091222e-07
1.919855853999922e-02	-9.331137e-07
1.920855853999922e-02	4.091257e-07
1.921855853999922e-02	-9.331171e-07
1.922855853999922e-02	4.091292e-07
1.923855853999922e-02	-9.331206e-07
1.924855853999922e-02	4.091326e-07
1.925855853999922e-02	-9.331241e-07
1.926855853999922e-02	4.091361e-07
1.927855853999922e-02	-9.331276e-07
1.928855853999922e-02	4.091396e-07
1.929855853999922e-02	-9.331310e-07
1.930855853999922e-02	4.091430e-07
1.931855853999922e-02	-9.331345e-07
1.932855853999922e-02	4.091464e-07
1.933855853999922e-02	-9.331379e-07
1.934855853999922e-02	4.091499e-07
1.935855853999922e-02	-9.331413e-07
1.936855853999922e-02	4.091533e-07
1.937855853999922e-02	-9.331447e-07
1.938855853999922e-02	4.091567e-07
1.939855853999922e-02	-9.331481e-07
1.940855853999922e-02	4.091601e-07
1.941855853999922e-02	-9.331515e-07
1.942855853999922e-02	4.091634e-07
1.943855853999922e-02	-9.331549e-07
1.944855853999922e-02	4.091668e-07
1.945855853999922e-02	-9.331583e-07
1.946855853999922e-02	4.091702e-07
1.947855853999922e-02	-9.331616e-07
1.948855853999922e-02	4.091735e-07
1.949855853999922e-02	-9.331650e-07
1.950855853999922e-02	4.091769e-07
1.951855853999922e-02	-9.331683e-07
1.952855853999922e-02	4.091802e-07
1.953855853999922e-02	-9.331716e-07
1.954855853999922e-02	4.091835e-07
1.955855853999922e-02	-9.331750e-07
1.956855853999922e-02	4.091869e-07
1.957855853999922e-02	-9.331783e-07
1.958855853999922e-02	4.091902e-07
1.959855853999922e-02	-9.331816e-07
1.960855853999922e-02	4.091935e-07
1.961855853999922e-02	-9.331849e-07
1.962855853999922e-02	4.091968e-07
1.963855853999922e-02	-9.331882e-07
1.964855853999922e-02	4.092000e-07
1.965855853999922e-02	-9.331915e-07
1.966855853999922e-02	4.092033e-07
1.967855853999922e-02	-9.331947e-07
1.968855853999922e-02	4.092066e-07
1.969855853999922e-02	-9.331980e-07
1.970855853999922e-02	4.092098e-07
1.971855853999922e-02	-9.332012e-07
1.972855853999922e-02	4.092130e-07
1.973855853999922e-02	-9.332044e-07
1.974855853999922e-02	4.092163e-07
1.975855853999922e-02	-9.332077e-07
1.976855853999922e-02	4.092195e-07
1.977855853999922e-02	-9.332109e-07
1.978855853999922e-02	4.092227e-07
1.979855853999922e-02	-9.332141e-07
1.980855853999922e-02	4.092259e-07
1.981855853999922e-02	-9.332173e-07
1.982855853999922e-02	4.092291e-07
1.983855853999922e-02	-9.332205e-07
1.984855853999922e-02	4.092323e-07
1.985855853999922e-02	-9.332237e-07
1.986855853999922e-02	4.092354e-07
1.987855853999922e-02	-9.332269e-07
1.988855853999922e-02	4.092386e-07
1.989855853999922e-02	-9.332300e-07
1.990855853999922e-02	4.092418e-07
1.991855853999922e-02	-9.332332e-07
1.992855853999922e-02	4.092449e-07
1.993855853999922e-02	-9.332363e-07
1.994855853999922e-02	4.092481e-07
1.995855853999922e-02	-9.332394e-07
1.996855853999922e-02	4.092512e-07
1.997855853999922e-02	-9.332426e-07
1.998855853999922e-02	4.092543e-07
1.999855853999922e-02	-9.332457e-07
2.000000000000000e-02	4.092666e-07
