time	I(Vgnd)
0.000000000000000e+00	1.449380e-11
9.999999439624929e-11	-1.905739e-09
1.999999887924986e-10	-3.715361e-09
1.599999910339989e-09	-2.893634e-08
3.199999820679977e-09	-5.749612e-08
6.399999641359955e-09	-1.137803e-07
1.279999928271991e-08	-2.230775e-07
2.559999856543982e-08	-4.291242e-07
4.831828601111428e-08	-7.563599e-07
7.265056051405185e-08	-9.819180e-07
8.544146539740686e-08	-8.247039e-07
9.469966618669110e-08	-4.323799e-07
1.053450996852772e-07	1.827527e-07
1.177690931830065e-07	9.205023e-07
1.350296721798665e-07	1.895246e-06
1.684748964912995e-07	3.592058e-06
2.000585997937077e-07	4.917578e-06
2.353978524864094e-07	5.930765e-06
2.717452933872097e-07	6.426572e-06
3.181495715656735e-07	6.508215e-06
3.741634571662637e-07	6.524641e-06
4.776095627587439e-07	6.527373e-06
6.710404215270623e-07	6.511897e-06
9.135792188063376e-07	6.486753e-06
1.176513191408601e-06	6.458004e-06
1.487218395185683e-06	6.424840e-06
1.851667983961413e-06	6.386524e-06
2.318210802147883e-06	6.339299e-06
2.897555921456227e-06	6.282263e-06
3.704016132008546e-06	6.206251e-06
4.837469823991107e-06	6.104055e-06
6.217572768732151e-06	5.986793e-06
7.884742459914119e-06	5.854228e-06
1.004966285684082e-05	5.705816e-06
1.138304625649011e-05	5.641949e-06
1.239450146508605e-05	5.616754e-06
1.364322762525874e-05	5.606101e-06
1.495715665302225e-05	5.609848e-06
1.631624293569338e-05	5.622189e-06
1.777711926597044e-05	5.640529e-06
1.948900736386050e-05	5.663202e-06
2.165185801121341e-05	5.689187e-06
2.444979545515895e-05	5.709940e-06
2.649765354528558e-05	5.710554e-06
2.880585587789457e-05	5.705704e-06
3.052516031037733e-05	5.700675e-06
3.306630625068619e-05	5.689720e-06
3.604984092689330e-05	5.676119e-06
4.063810369188503e-05	5.654513e-06
4.650665923969186e-05	5.629341e-06
4.814384220984642e-05	5.741572e-06
4.897154151480930e-05	5.945657e-06
4.928850780128817e-05	5.998424e-06
4.949104947510121e-05	6.018513e-06
4.968942083477754e-05	6.043810e-06
4.989359416990409e-05	6.066708e-06
5.011210297806343e-05	6.091002e-06
5.047872521908785e-05	6.129351e-06
5.087155238078252e-05	6.167758e-06
5.160723276423998e-05	6.233609e-06
5.217853024498091e-05	6.280259e-06
5.249817956335543e-05	6.306740e-06
5.282311898339623e-05	6.333388e-06
5.317262859038217e-05	6.362005e-06
5.342148382858269e-05	6.383175e-06
5.366619599578468e-05	6.403824e-06
5.410638645327245e-05	6.440476e-06
5.455640910968384e-05	6.476744e-06
5.536693616615238e-05	6.538925e-06
5.633786492809893e-05	6.608552e-06
5.785622909102325e-05	6.709450e-06
5.924582983459777e-05	6.795747e-06
6.120842326605927e-05	6.911901e-06
6.194199734671114e-05	6.954165e-06
6.238815842506792e-05	6.979606e-06
6.263761144562627e-05	6.993844e-06
6.285271798643655e-05	7.005998e-06
6.309397716025629e-05	7.019715e-06
6.331259136965034e-05	7.032007e-06
6.354077388092866e-05	7.044936e-06
6.376618882389437e-05	7.057562e-06
6.399593759640573e-05	7.070535e-06
6.422939091136098e-05	7.083564e-06
6.445669308129972e-05	7.096346e-06
6.468785259788708e-05	7.109159e-06
6.491828535807386e-05	7.121934e-06
6.515154210501526e-05	7.134473e-06
6.538739022959042e-05	7.146732e-06
6.562914640457706e-05	7.158155e-06
6.588010057970849e-05	7.168337e-06
6.614860012619138e-05	7.176086e-06
6.644919451966920e-05	7.179952e-06
6.681766238098244e-05	7.176609e-06
6.736645372513075e-05	7.158290e-06
6.812063059225119e-05	7.120674e-06
6.893522493344447e-05	7.080854e-06
6.996175153239303e-05	7.042415e-06
7.113584222203295e-05	7.016286e-06
7.304327183102793e-05	7.002670e-06
7.461414931940192e-05	7.009578e-06
7.633573865391052e-05	7.025951e-06
7.815763915626232e-05	7.048706e-06
8.048644114974082e-05	7.081362e-06
8.338343673643335e-05	7.124600e-06
8.720351772681294e-05	7.182950e-06
9.240343530603163e-05	7.263176e-06
1.000654754015408e-04	7.381354e-06
1.100654754015408e-04	7.535378e-06
1.200654754015408e-04	7.688851e-06
1.300654754015408e-04	7.842023e-06
1.400654754015408e-04	7.994808e-06
1.500654754015408e-04	8.147456e-06
1.600654754015408e-04	8.299821e-06
1.700654754015408e-04	8.452128e-06
1.800654754015408e-04	8.604215e-06
1.900654754015408e-04	8.756289e-06
2.000654754015408e-04	8.908173e-06
2.032402150922787e-04	8.958044e-06
2.043232465944417e-04	8.979617e-06
2.047346071428106e-04	8.973872e-06
2.049885422592775e-04	8.969892e-06
2.053013572893221e-04	8.965525e-06
2.056511060193874e-04	8.960959e-06
2.061747846538689e-04	8.955475e-06
2.066591137473854e-04	8.951328e-06
2.076277719344183e-04	8.945594e-06
2.085944172712671e-04	8.941966e-06
2.094364401287319e-04	8.940041e-06
2.103935147914339e-04	8.938420e-06
2.113805908647779e-04	8.937340e-06
2.126328896909395e-04	8.936174e-06
2.140292970186744e-04	8.935215e-06
2.158305454673551e-04	8.933967e-06
2.179986439658296e-04	8.932643e-06
2.210047887291914e-04	8.930710e-06
2.251582090440967e-04	8.928237e-06
2.318432135029433e-04	8.924347e-06
2.418432135029433e-04	8.919214e-06
2.518432135029433e-04	8.914609e-06
2.618432135029433e-04	8.910648e-06
2.718432135029433e-04	8.907075e-06
2.818432135029433e-04	8.904019e-06
2.918432135029433e-04	8.901236e-06
3.018432135029433e-04	8.898873e-06
3.118432135029433e-04	8.896696e-06
3.218432135029433e-04	8.894861e-06
3.318432135029433e-04	8.893148e-06
3.418432135029433e-04	8.891720e-06
3.518432135029433e-04	8.890364e-06
3.618432135029433e-04	8.889250e-06
3.718432135029433e-04	8.888172e-06
3.818432135029433e-04	8.887300e-06
3.918432135029433e-04	8.886436e-06
4.018432135029433e-04	8.885754e-06
4.118432135029433e-04	8.885059e-06
4.218432135029433e-04	8.884525e-06
4.318432135029433e-04	8.883962e-06
4.418432135029433e-04	8.883545e-06
4.518432135029433e-04	8.883085e-06
4.618432135029433e-04	8.882759e-06
4.718432135029433e-04	8.882381e-06
4.818432135029433e-04	8.882129e-06
4.918432135029434e-04	8.881816e-06
5.018432135029433e-04	8.881621e-06
5.118432135029433e-04	8.881359e-06
5.218432135029433e-04	8.881211e-06
5.318432135029433e-04	8.880990e-06
5.418432135029433e-04	8.880878e-06
5.518432135029433e-04	8.880691e-06
5.618432135029433e-04	8.880608e-06
5.718432135029433e-04	8.880447e-06
5.818432135029433e-04	8.880388e-06
5.918432135029433e-04	8.880248e-06
6.018432135029433e-04	8.880208e-06
6.118432135029433e-04	8.880085e-06
6.218432135029433e-04	8.880060e-06
6.318432135029433e-04	8.879951e-06
6.418432135029433e-04	8.879937e-06
6.518432135029433e-04	8.879839e-06
6.618432135029433e-04	8.879836e-06
6.718432135029433e-04	8.879746e-06
6.818432135029433e-04	8.879751e-06
6.918432135029433e-04	8.879669e-06
7.018432135029433e-04	8.879680e-06
7.118432135029433e-04	8.879603e-06
7.218432135029433e-04	8.879620e-06
7.318432135029433e-04	8.879548e-06
7.418432135029432e-04	8.879568e-06
7.518432135029433e-04	8.879500e-06
7.618432135029433e-04	8.879524e-06
7.718432135029433e-04	8.879460e-06
7.818432135029432e-04	8.879485e-06
7.918432135029433e-04	8.879423e-06
8.018432135029433e-04	8.879452e-06
8.118432135029433e-04	8.879392e-06
8.218432135029432e-04	8.879422e-06
8.318432135029433e-04	8.879364e-06
8.418432135029433e-04	8.879396e-06
8.518432135029433e-04	8.879339e-06
8.618432135029432e-04	8.879372e-06
8.718432135029433e-04	8.879317e-06
8.818432135029433e-04	8.879350e-06
8.918432135029433e-04	8.879296e-06
9.018432135029432e-04	8.879330e-06
9.118432135029433e-04	8.879277e-06
9.218432135029433e-04	8.879312e-06
9.318432135029433e-04	8.879259e-06
9.418432135029432e-04	8.879296e-06
9.518432135029433e-04	8.879243e-06
9.618432135029433e-04	8.879279e-06
9.718432135029433e-04	8.879228e-06
9.818432135029432e-04	8.879265e-06
9.918432135029433e-04	8.879213e-06
1.001843213502943e-03	8.879250e-06
1.011843213502943e-03	8.879199e-06
1.021843213502943e-03	8.879237e-06
1.031843213502943e-03	8.879187e-06
1.041843213502943e-03	8.879224e-06
1.051843213502943e-03	8.879174e-06
1.061843213502943e-03	8.879212e-06
1.071843213502943e-03	8.879162e-06
1.081843213502943e-03	8.879200e-06
1.091843213502943e-03	8.879150e-06
1.101843213502943e-03	8.879188e-06
1.111843213502943e-03	8.879139e-06
1.121843213502943e-03	8.879178e-06
1.131843213502943e-03	8.879128e-06
1.141843213502943e-03	8.879168e-06
1.151843213502943e-03	8.879118e-06
1.161843213502943e-03	8.879157e-06
1.171843213502943e-03	8.879108e-06
1.181843213502943e-03	8.879147e-06
1.191843213502943e-03	8.879098e-06
1.201843213502943e-03	8.879138e-06
1.211843213502943e-03	8.879088e-06
1.221843213502943e-03	8.879128e-06
1.231843213502943e-03	8.879079e-06
1.241843213502943e-03	8.879118e-06
1.251843213502943e-03	8.879070e-06
1.261843213502943e-03	8.879109e-06
1.271843213502943e-03	8.879062e-06
1.281843213502943e-03	8.879101e-06
1.291843213502943e-03	8.879053e-06
1.301843213502943e-03	8.879093e-06
1.311843213502943e-03	8.879045e-06
1.321843213502943e-03	8.879084e-06
1.331843213502943e-03	8.879037e-06
1.341843213502943e-03	8.879077e-06
1.351843213502943e-03	8.879029e-06
1.361843213502943e-03	8.879068e-06
1.371843213502943e-03	8.879021e-06
1.381843213502943e-03	8.879061e-06
1.391843213502943e-03	8.879014e-06
1.401843213502943e-03	8.879053e-06
1.411843213502943e-03	8.879007e-06
1.421843213502943e-03	8.879046e-06
1.431843213502943e-03	8.878999e-06
1.441843213502943e-03	8.879039e-06
1.451843213502943e-03	8.878993e-06
1.461843213502943e-03	8.879032e-06
1.471843213502943e-03	8.878986e-06
1.481843213502943e-03	8.879026e-06
1.491843213502943e-03	8.878979e-06
1.501843213502943e-03	8.879018e-06
1.511843213502943e-03	8.878973e-06
1.521843213502943e-03	8.879012e-06
1.531843213502943e-03	8.878967e-06
1.541843213502943e-03	8.879007e-06
1.551843213502943e-03	8.878960e-06
1.561843213502943e-03	8.879000e-06
1.571843213502943e-03	8.878955e-06
1.581843213502943e-03	8.878994e-06
1.591843213502943e-03	8.878948e-06
1.601843213502943e-03	8.878988e-06
1.611843213502943e-03	8.878943e-06
1.621843213502943e-03	8.878983e-06
1.631843213502943e-03	8.878937e-06
1.641843213502943e-03	8.878977e-06
1.651843213502943e-03	8.878932e-06
1.661843213502943e-03	8.878972e-06
1.671843213502943e-03	8.878927e-06
1.681843213502943e-03	8.878967e-06
1.691843213502943e-03	8.878921e-06
1.701843213502943e-03	8.878961e-06
1.711843213502943e-03	8.878917e-06
1.721843213502943e-03	8.878957e-06
1.731843213502943e-03	8.878911e-06
1.741843213502943e-03	8.878951e-06
1.751843213502943e-03	8.878907e-06
1.761843213502943e-03	8.878947e-06
1.771843213502943e-03	8.878902e-06
1.781843213502943e-03	8.878942e-06
1.791843213502943e-03	8.878897e-06
1.801843213502943e-03	8.878937e-06
1.811843213502943e-03	8.878893e-06
1.821843213502943e-03	8.878933e-06
1.831843213502943e-03	8.878888e-06
1.841843213502943e-03	8.878928e-06
1.851843213502943e-03	8.878885e-06
1.861843213502943e-03	8.878924e-06
1.871843213502943e-03	8.878880e-06
1.881843213502943e-03	8.878920e-06
1.891843213502943e-03	8.878877e-06
1.901843213502943e-03	8.878916e-06
1.911843213502943e-03	8.878872e-06
1.921843213502943e-03	8.878912e-06
1.931843213502943e-03	8.878868e-06
1.941843213502943e-03	8.878908e-06
1.951843213502943e-03	8.878865e-06
1.961843213502943e-03	8.878905e-06
1.971843213502943e-03	8.878861e-06
1.981843213502943e-03	8.878900e-06
1.991843213502943e-03	8.878857e-06
2.001843213502943e-03	8.878897e-06
2.011843213502943e-03	8.878854e-06
2.021843213502943e-03	8.878894e-06
2.031843213502943e-03	8.878850e-06
2.041843213502943e-03	8.878890e-06
2.051843213502943e-03	8.878847e-06
2.061843213502943e-03	8.878887e-06
2.071843213502943e-03	8.878844e-06
2.081843213502943e-03	8.878884e-06
2.091843213502943e-03	8.878841e-06
2.101843213502943e-03	8.878880e-06
2.111843213502943e-03	8.878837e-06
2.121843213502943e-03	8.878877e-06
2.131843213502943e-03	8.878835e-06
2.141843213502943e-03	8.878874e-06
2.151843213502943e-03	8.878832e-06
2.161843213502943e-03	8.878871e-06
2.171843213502943e-03	8.878828e-06
2.181843213502943e-03	8.878868e-06
2.191843213502943e-03	8.878826e-06
2.201843213502943e-03	8.878866e-06
2.211843213502943e-03	8.878823e-06
2.221843213502943e-03	8.878863e-06
2.231843213502943e-03	8.878820e-06
2.241843213502943e-03	8.878860e-06
2.251843213502943e-03	8.878818e-06
2.261843213502943e-03	8.878857e-06
2.271843213502943e-03	8.878816e-06
2.281843213502943e-03	8.878855e-06
2.291843213502943e-03	8.878813e-06
2.301843213502943e-03	8.878852e-06
2.311843213502943e-03	8.878810e-06
2.321843213502943e-03	8.878850e-06
2.331843213502943e-03	8.878808e-06
2.341843213502943e-03	8.878847e-06
2.351843213502943e-03	8.878806e-06
2.361843213502943e-03	8.878846e-06
2.371843213502943e-03	8.878804e-06
2.381843213502943e-03	8.878843e-06
2.391843213502943e-03	8.878801e-06
2.401843213502943e-03	8.878841e-06
2.411843213502943e-03	8.878799e-06
2.421843213502943e-03	8.878838e-06
2.431843213502943e-03	8.878797e-06
2.441843213502943e-03	8.878837e-06
2.451843213502943e-03	8.878795e-06
2.461843213502943e-03	8.878835e-06
2.471843213502943e-03	8.878793e-06
2.481843213502943e-03	8.878832e-06
2.491843213502943e-03	8.878791e-06
2.501843213502943e-03	8.878830e-06
2.511843213502943e-03	8.878789e-06
2.521843213502943e-03	8.878828e-06
2.531843213502943e-03	8.878787e-06
2.541843213502943e-03	8.878827e-06
2.551843213502943e-03	8.878786e-06
2.561843213502943e-03	8.878825e-06
2.571843213502943e-03	8.878784e-06
2.581843213502943e-03	8.878823e-06
2.591843213502943e-03	8.878782e-06
2.601843213502943e-03	8.878821e-06
2.611843213502943e-03	8.878780e-06
2.621843213502943e-03	8.878819e-06
2.631843213502943e-03	8.878779e-06
2.641843213502943e-03	8.878817e-06
2.651843213502943e-03	8.878777e-06
2.661843213502943e-03	8.878817e-06
2.671843213502943e-03	8.878776e-06
2.681843213502943e-03	8.878815e-06
2.691843213502943e-03	8.878774e-06
2.701843213502943e-03	8.878813e-06
2.711843213502943e-03	8.878773e-06
2.721843213502943e-03	8.878812e-06
2.731843213502943e-03	8.878771e-06
2.741843213502943e-03	8.878810e-06
2.751843213502943e-03	8.878770e-06
2.761843213502943e-03	8.878808e-06
2.771843213502943e-03	8.878768e-06
2.781843213502943e-03	8.878807e-06
2.791843213502943e-03	8.878767e-06
2.801843213502943e-03	8.878806e-06
2.811843213502943e-03	8.878766e-06
2.821843213502943e-03	8.878805e-06
2.831843213502943e-03	8.878765e-06
2.841843213502943e-03	8.878803e-06
2.851843213502943e-03	8.878763e-06
2.861843213502943e-03	8.878802e-06
2.871843213502943e-03	8.878762e-06
2.881843213502943e-03	8.878801e-06
2.891843213502943e-03	8.878761e-06
2.901843213502943e-03	8.878799e-06
2.911843213502943e-03	8.878760e-06
2.921843213502943e-03	8.878798e-06
2.931843213502943e-03	8.878758e-06
2.941843213502943e-03	8.878797e-06
2.951843213502943e-03	8.878757e-06
2.961843213502943e-03	8.878796e-06
2.971843213502943e-03	8.878756e-06
2.981843213502943e-03	8.878795e-06
2.991843213502943e-03	8.878756e-06
3.001843213502943e-03	8.878794e-06
3.011843213502943e-03	8.878755e-06
3.021843213502943e-03	8.878793e-06
3.031843213502943e-03	8.878754e-06
3.041843213502943e-03	8.878792e-06
3.051843213502943e-03	8.878752e-06
3.061843213502943e-03	8.878791e-06
3.071843213502943e-03	8.878751e-06
3.081843213502943e-03	8.878790e-06
3.091843213502943e-03	8.878750e-06
3.101843213502943e-03	8.878788e-06
3.111843213502943e-03	8.878749e-06
3.121843213502943e-03	8.878787e-06
3.131843213502943e-03	8.878748e-06
3.141843213502943e-03	8.878787e-06
3.151843213502943e-03	8.878747e-06
3.161843213502943e-03	8.878786e-06
3.171843213502943e-03	8.878747e-06
3.181843213502943e-03	8.878785e-06
3.191843213502943e-03	8.878746e-06
3.201843213502943e-03	8.878785e-06
3.211843213502943e-03	8.878746e-06
3.221843213502943e-03	8.878784e-06
3.231843213502943e-03	8.878745e-06
3.241843213502943e-03	8.878783e-06
3.251843213502943e-03	8.878744e-06
3.261843213502943e-03	8.878782e-06
3.271843213502943e-03	8.878743e-06
3.281843213502943e-03	8.878781e-06
3.291843213502943e-03	8.878742e-06
3.301843213502943e-03	8.878780e-06
3.311843213502943e-03	8.878742e-06
3.321843213502943e-03	8.878779e-06
3.331843213502943e-03	8.878741e-06
3.341843213502943e-03	8.878779e-06
3.351843213502943e-03	8.878740e-06
3.361843213502943e-03	8.878778e-06
3.371843213502943e-03	8.878740e-06
3.381843213502943e-03	8.878777e-06
3.391843213502943e-03	8.878739e-06
3.401843213502943e-03	8.878776e-06
3.411843213502943e-03	8.878738e-06
3.421843213502943e-03	8.878776e-06
3.431843213502943e-03	8.878737e-06
3.441843213502943e-03	8.878776e-06
3.451843213502943e-03	8.878737e-06
3.461843213502943e-03	8.878775e-06
3.471843213502943e-03	8.878736e-06
3.481843213502943e-03	8.878774e-06
3.491843213502943e-03	8.878736e-06
3.501843213502943e-03	8.878774e-06
3.511843213502943e-03	8.878736e-06
3.521843213502943e-03	8.878773e-06
3.531843213502943e-03	8.878735e-06
3.541843213502943e-03	8.878772e-06
3.551843213502943e-03	8.878735e-06
3.561843213502943e-03	8.878772e-06
3.571843213502943e-03	8.878734e-06
3.581843213502943e-03	8.878771e-06
3.591843213502943e-03	8.878734e-06
3.601843213502943e-03	8.878771e-06
3.611843213502943e-03	8.878733e-06
3.621843213502943e-03	8.878770e-06
3.631843213502943e-03	8.878733e-06
3.641843213502943e-03	8.878770e-06
3.651843213502943e-03	8.878732e-06
3.661843213502943e-03	8.878769e-06
3.671843213502943e-03	8.878732e-06
3.681843213502943e-03	8.878768e-06
3.691843213502943e-03	8.878731e-06
3.701843213502943e-03	8.878768e-06
3.711843213502943e-03	8.878731e-06
3.721843213502943e-03	8.878767e-06
3.731843213502943e-03	8.878730e-06
3.741843213502943e-03	8.878767e-06
3.751843213502943e-03	8.878730e-06
3.761843213502943e-03	8.878766e-06
3.771843213502943e-03	8.878729e-06
3.781843213502943e-03	8.878766e-06
3.791843213502943e-03	8.878729e-06
3.801843213502943e-03	8.878766e-06
3.811843213502943e-03	8.878729e-06
3.821843213502943e-03	8.878766e-06
3.831843213502943e-03	8.878728e-06
3.841843213502943e-03	8.878766e-06
3.851843213502943e-03	8.878728e-06
3.861843213502943e-03	8.878765e-06
3.871843213502943e-03	8.878727e-06
3.881843213502943e-03	8.878765e-06
3.891843213502943e-03	8.878727e-06
3.901843213502943e-03	8.878764e-06
3.911843213502943e-03	8.878727e-06
3.921843213502943e-03	8.878764e-06
3.931843213502943e-03	8.878726e-06
3.941843213502943e-03	8.878763e-06
3.951843213502943e-03	8.878726e-06
3.961843213502943e-03	8.878763e-06
3.971843213502943e-03	8.878726e-06
3.981843213502943e-03	8.878763e-06
3.991843213502943e-03	8.878726e-06
4.001843213502943e-03	8.878762e-06
4.011843213502943e-03	8.878726e-06
4.021843213502943e-03	8.878762e-06
4.031843213502943e-03	8.878726e-06
4.041843213502943e-03	8.878762e-06
4.051843213502943e-03	8.878725e-06
4.061843213502943e-03	8.878761e-06
4.071843213502943e-03	8.878725e-06
4.081843213502943e-03	8.878761e-06
4.091843213502943e-03	8.878725e-06
4.101843213502943e-03	8.878761e-06
4.111843213502943e-03	8.878724e-06
4.121843213502943e-03	8.878760e-06
4.131843213502943e-03	8.878724e-06
4.141843213502943e-03	8.878760e-06
4.151843213502943e-03	8.878724e-06
4.161843213502943e-03	8.878760e-06
4.171843213502943e-03	8.878724e-06
4.181843213502943e-03	8.878759e-06
4.191843213502943e-03	8.878723e-06
4.201843213502943e-03	8.878759e-06
4.211843213502943e-03	8.878723e-06
4.221843213502943e-03	8.878759e-06
4.231843213502943e-03	8.878723e-06
4.241843213502943e-03	8.878758e-06
4.251843213502943e-03	8.878723e-06
4.261843213502943e-03	8.878758e-06
4.271843213502943e-03	8.878722e-06
4.281843213502943e-03	8.878758e-06
4.291843213502943e-03	8.878722e-06
4.301843213502943e-03	8.878758e-06
4.311843213502943e-03	8.878722e-06
4.321843213502943e-03	8.878757e-06
4.331843213502943e-03	8.878722e-06
4.341843213502943e-03	8.878757e-06
4.351843213502943e-03	8.878722e-06
4.361843213502943e-03	8.878757e-06
4.371843213502943e-03	8.878721e-06
4.381843213502943e-03	8.878757e-06
4.391843213502943e-03	8.878721e-06
4.401843213502943e-03	8.878756e-06
4.411843213502943e-03	8.878721e-06
4.421843213502943e-03	8.878756e-06
4.431843213502943e-03	8.878721e-06
4.441843213502943e-03	8.878756e-06
4.451843213502943e-03	8.878721e-06
4.461843213502943e-03	8.878756e-06
4.471843213502943e-03	8.878721e-06
4.481843213502943e-03	8.878756e-06
4.491843213502943e-03	8.878720e-06
4.501843213502943e-03	8.878756e-06
4.511843213502943e-03	8.878720e-06
4.521843213502943e-03	8.878756e-06
4.531843213502943e-03	8.878720e-06
4.541843213502943e-03	8.878756e-06
4.551843213502943e-03	8.878720e-06
4.561843213502943e-03	8.878756e-06
4.571843213502943e-03	8.878720e-06
4.581843213502943e-03	8.878755e-06
4.591843213502943e-03	8.878720e-06
4.601843213502943e-03	8.878755e-06
4.611843213502943e-03	8.878719e-06
4.621843213502943e-03	8.878755e-06
4.631843213502943e-03	8.878719e-06
4.641843213502943e-03	8.878755e-06
4.651843213502943e-03	8.878719e-06
4.661843213502943e-03	8.878755e-06
4.671843213502943e-03	8.878719e-06
4.681843213502943e-03	8.878755e-06
4.691843213502943e-03	8.878719e-06
4.701843213502943e-03	8.878754e-06
4.711843213502943e-03	8.878719e-06
4.721843213502943e-03	8.878754e-06
4.731843213502943e-03	8.878719e-06
4.741843213502943e-03	8.878754e-06
4.751843213502943e-03	8.878719e-06
4.761843213502943e-03	8.878754e-06
4.771843213502943e-03	8.878718e-06
4.781843213502943e-03	8.878754e-06
4.791843213502943e-03	8.878718e-06
4.801843213502943e-03	8.878754e-06
4.811843213502943e-03	8.878718e-06
4.821843213502943e-03	8.878753e-06
4.831843213502943e-03	8.878718e-06
4.841843213502943e-03	8.878753e-06
4.851843213502943e-03	8.878718e-06
4.861843213502943e-03	8.878753e-06
4.871843213502943e-03	8.878718e-06
4.881843213502943e-03	8.878753e-06
4.891843213502943e-03	8.878718e-06
4.901843213502943e-03	8.878753e-06
4.911843213502943e-03	8.878718e-06
4.921843213502943e-03	8.878753e-06
4.931843213502943e-03	8.878718e-06
4.941843213502943e-03	8.878753e-06
4.951843213502943e-03	8.878718e-06
4.961843213502943e-03	8.878752e-06
4.971843213502943e-03	8.878718e-06
4.981843213502943e-03	8.878752e-06
4.991843213502943e-03	8.878717e-06
5.001843213502942e-03	8.878752e-06
5.011843213502943e-03	8.878717e-06
5.021843213502943e-03	8.878752e-06
5.031843213502943e-03	8.878717e-06
5.041843213502943e-03	8.878752e-06
5.051843213502943e-03	8.878717e-06
5.061843213502943e-03	8.878752e-06
5.071843213502943e-03	8.878717e-06
5.081843213502943e-03	8.878752e-06
5.091843213502943e-03	8.878717e-06
5.101843213502943e-03	8.878752e-06
5.111843213502943e-03	8.878717e-06
5.121843213502943e-03	8.878751e-06
5.131843213502943e-03	8.878717e-06
5.141843213502943e-03	8.878751e-06
5.151843213502943e-03	8.878717e-06
5.161843213502943e-03	8.878751e-06
5.171843213502943e-03	8.878717e-06
5.181843213502943e-03	8.878751e-06
5.191843213502943e-03	8.878717e-06
5.201843213502943e-03	8.878751e-06
5.211843213502943e-03	8.878717e-06
5.221843213502943e-03	8.878751e-06
5.231843213502943e-03	8.878717e-06
5.241843213502943e-03	8.878751e-06
5.251843213502943e-03	8.878717e-06
5.261843213502943e-03	8.878751e-06
5.271843213502943e-03	8.878717e-06
5.281843213502943e-03	8.878751e-06
5.291843213502943e-03	8.878716e-06
5.301843213502943e-03	8.878751e-06
5.311843213502943e-03	8.878716e-06
5.321843213502942e-03	8.878750e-06
5.331843213502943e-03	8.878716e-06
5.341843213502943e-03	8.878750e-06
5.351843213502943e-03	8.878716e-06
5.361843213502943e-03	8.878750e-06
5.371843213502943e-03	8.878716e-06
5.381843213502943e-03	8.878750e-06
5.391843213502943e-03	8.878716e-06
5.401843213502943e-03	8.878750e-06
5.411843213502943e-03	8.878716e-06
5.421843213502943e-03	8.878750e-06
5.431843213502943e-03	8.878716e-06
5.441843213502943e-03	8.878750e-06
5.451843213502943e-03	8.878716e-06
5.461843213502943e-03	8.878750e-06
5.471843213502943e-03	8.878716e-06
5.481843213502943e-03	8.878750e-06
5.491843213502942e-03	8.878716e-06
5.501843213502943e-03	8.878750e-06
5.511843213502943e-03	8.878716e-06
5.521843213502943e-03	8.878750e-06
5.531843213502943e-03	8.878716e-06
5.541843213502943e-03	8.878750e-06
5.551843213502943e-03	8.878716e-06
5.561843213502943e-03	8.878749e-06
5.571843213502943e-03	8.878716e-06
5.581843213502943e-03	8.878749e-06
5.591843213502943e-03	8.878716e-06
5.601843213502943e-03	8.878749e-06
5.611843213502943e-03	8.878716e-06
5.621843213502943e-03	8.878749e-06
5.631843213502943e-03	8.878716e-06
5.641843213502942e-03	8.878749e-06
5.651843213502943e-03	8.878716e-06
5.661843213502942e-03	8.878749e-06
5.671843213502943e-03	8.878716e-06
5.681843213502943e-03	8.878749e-06
5.691843213502943e-03	8.878716e-06
5.701843213502943e-03	8.878749e-06
5.711843213502943e-03	8.878716e-06
5.721843213502943e-03	8.878749e-06
5.731843213502943e-03	8.878716e-06
5.741843213502943e-03	8.878749e-06
5.751843213502943e-03	8.878716e-06
5.761843213502943e-03	8.878749e-06
5.771843213502943e-03	8.878716e-06
5.781843213502943e-03	8.878749e-06
5.791843213502943e-03	8.878716e-06
5.801843213502943e-03	8.878749e-06
5.811843213502942e-03	8.878716e-06
5.821843213502943e-03	8.878749e-06
5.831843213502943e-03	8.878716e-06
5.841843213502943e-03	8.878749e-06
5.851843213502943e-03	8.878716e-06
5.861843213502943e-03	8.878748e-06
5.871843213502943e-03	8.878716e-06
5.881843213502943e-03	8.878748e-06
5.891843213502943e-03	8.878716e-06
5.901843213502943e-03	8.878748e-06
5.911843213502943e-03	8.878716e-06
5.921843213502943e-03	8.878748e-06
5.931843213502943e-03	8.878716e-06
5.941843213502943e-03	8.878748e-06
5.951843213502943e-03	8.878716e-06
5.961843213502942e-03	8.878748e-06
5.971843213502943e-03	8.878716e-06
5.981843213502942e-03	8.878748e-06
5.991843213502943e-03	8.878716e-06
6.001843213502943e-03	8.878748e-06
6.011843213502943e-03	8.878716e-06
6.021843213502943e-03	8.878748e-06
6.031843213502943e-03	8.878716e-06
6.041843213502943e-03	8.878748e-06
6.051843213502943e-03	8.878716e-06
6.061843213502943e-03	8.878748e-06
6.071843213502943e-03	8.878716e-06
6.081843213502943e-03	8.878748e-06
6.091843213502943e-03	8.878716e-06
6.101843213502943e-03	8.878748e-06
6.111843213502943e-03	8.878716e-06
6.121843213502943e-03	8.878748e-06
6.131843213502942e-03	8.878716e-06
6.141843213502943e-03	8.878748e-06
6.151843213502942e-03	8.878716e-06
6.161843213502943e-03	8.878748e-06
6.171843213502943e-03	8.878716e-06
6.181843213502943e-03	8.878748e-06
6.191843213502943e-03	8.878716e-06
6.201843213502943e-03	8.878748e-06
6.211843213502943e-03	8.878716e-06
6.221843213502943e-03	8.878748e-06
6.231843213502943e-03	8.878716e-06
6.241843213502943e-03	8.878747e-06
6.251843213502943e-03	8.878716e-06
6.261843213502943e-03	8.878747e-06
6.271843213502943e-03	8.878716e-06
6.281843213502942e-03	8.878747e-06
6.291843213502943e-03	8.878716e-06
6.301843213502942e-03	8.878747e-06
6.311843213502943e-03	8.878716e-06
6.321843213502942e-03	8.878747e-06
6.331843213502943e-03	8.878716e-06
6.341843213502943e-03	8.878747e-06
6.351843213502943e-03	8.878716e-06
6.361843213502943e-03	8.878747e-06
6.371843213502943e-03	8.878716e-06
6.381843213502943e-03	8.878747e-06
6.391843213502943e-03	8.878716e-06
6.401843213502943e-03	8.878747e-06
6.411843213502943e-03	8.878716e-06
6.421843213502943e-03	8.878747e-06
6.431843213502943e-03	8.878716e-06
6.441843213502943e-03	8.878747e-06
6.451843213502942e-03	8.878716e-06
6.461843213502943e-03	8.878747e-06
6.471843213502942e-03	8.878716e-06
6.481843213502943e-03	8.878747e-06
6.491843213502943e-03	8.878716e-06
6.501843213502943e-03	8.878747e-06
6.511843213502943e-03	8.878716e-06
6.521843213502943e-03	8.878747e-06
6.531843213502943e-03	8.878716e-06
6.541843213502943e-03	8.878747e-06
6.551843213502943e-03	8.878716e-06
6.561843213502943e-03	8.878747e-06
6.571843213502943e-03	8.878716e-06
6.581843213502943e-03	8.878747e-06
6.591843213502943e-03	8.878716e-06
6.601843213502942e-03	8.878747e-06
6.611843213502943e-03	8.878716e-06
6.621843213502942e-03	8.878747e-06
6.631843213502943e-03	8.878716e-06
6.641843213502942e-03	8.878747e-06
6.651843213502943e-03	8.878716e-06
6.661843213502943e-03	8.878747e-06
6.671843213502943e-03	8.878716e-06
6.681843213502943e-03	8.878747e-06
6.691843213502943e-03	8.878716e-06
6.701843213502943e-03	8.878747e-06
6.711843213502943e-03	8.878716e-06
6.721843213502943e-03	8.878747e-06
6.731843213502943e-03	8.878716e-06
6.741843213502943e-03	8.878747e-06
6.751843213502943e-03	8.878716e-06
6.761843213502943e-03	8.878746e-06
6.771843213502942e-03	8.878716e-06
6.781843213502943e-03	8.878746e-06
6.791843213502942e-03	8.878716e-06
6.801843213502943e-03	8.878746e-06
6.811843213502942e-03	8.878716e-06
6.821843213502943e-03	8.878746e-06
6.831843213502943e-03	8.878716e-06
6.841843213502943e-03	8.878746e-06
6.851843213502943e-03	8.878716e-06
6.861843213502943e-03	8.878746e-06
6.871843213502943e-03	8.878716e-06
6.881843213502943e-03	8.878746e-06
6.891843213502943e-03	8.878716e-06
6.901843213502943e-03	8.878746e-06
6.911843213502943e-03	8.878716e-06
6.921843213502942e-03	8.878746e-06
6.931843213502943e-03	8.878716e-06
6.941843213502942e-03	8.878746e-06
6.951843213502943e-03	8.878716e-06
6.961843213502942e-03	8.878746e-06
6.971843213502943e-03	8.878716e-06
6.981843213502942e-03	8.878746e-06
6.991843213502943e-03	8.878716e-06
7.001843213502943e-03	8.878746e-06
7.011843213502943e-03	8.878716e-06
7.021843213502943e-03	8.878746e-06
7.031843213502943e-03	8.878716e-06
7.041843213502943e-03	8.878746e-06
7.051843213502943e-03	8.878716e-06
7.061843213502943e-03	8.878746e-06
7.071843213502943e-03	8.878716e-06
7.081843213502943e-03	8.878746e-06
7.091843213502942e-03	8.878716e-06
7.101843213502943e-03	8.878746e-06
7.111843213502942e-03	8.878716e-06
7.121843213502943e-03	8.878746e-06
7.131843213502942e-03	8.878716e-06
7.141843213502943e-03	8.878746e-06
7.151843213502942e-03	8.878716e-06
7.161843213502943e-03	8.878746e-06
7.171843213502943e-03	8.878716e-06
7.181843213502943e-03	8.878746e-06
7.191843213502943e-03	8.878716e-06
7.201843213502943e-03	8.878746e-06
7.211843213502943e-03	8.878716e-06
7.221843213502943e-03	8.878746e-06
7.231843213502943e-03	8.878716e-06
7.241843213502942e-03	8.878746e-06
7.251843213502943e-03	8.878716e-06
7.261843213502942e-03	8.878746e-06
7.271843213502943e-03	8.878716e-06
7.281843213502942e-03	8.878746e-06
7.291843213502943e-03	8.878716e-06
7.301843213502942e-03	8.878746e-06
7.311843213502943e-03	8.878716e-06
7.321843213502943e-03	8.878746e-06
7.331843213502943e-03	8.878716e-06
7.341843213502943e-03	8.878746e-06
7.351843213502943e-03	8.878716e-06
7.361843213502943e-03	8.878746e-06
7.371843213502943e-03	8.878716e-06
7.381843213502943e-03	8.878746e-06
7.391843213502943e-03	8.878716e-06
7.401843213502943e-03	8.878746e-06
7.411843213502942e-03	8.878716e-06
7.421843213502943e-03	8.878746e-06
7.431843213502942e-03	8.878716e-06
7.441843213502943e-03	8.878746e-06
7.451843213502942e-03	8.878716e-06
7.461843213502943e-03	8.878746e-06
7.471843213502942e-03	8.878716e-06
7.481843213502943e-03	8.878746e-06
7.491843213502943e-03	8.878716e-06
7.501843213502943e-03	8.878746e-06
7.511843213502943e-03	8.878716e-06
7.521843213502943e-03	8.878746e-06
7.531843213502943e-03	8.878716e-06
7.541843213502943e-03	8.878746e-06
7.551843213502943e-03	8.878716e-06
7.561843213502942e-03	8.878746e-06
7.571843213502943e-03	8.878716e-06
7.581843213502942e-03	8.878746e-06
7.591843213502943e-03	8.878716e-06
7.601843213502942e-03	8.878746e-06
7.611843213502943e-03	8.878716e-06
7.621843213502942e-03	8.878746e-06
7.631843213502943e-03	8.878716e-06
7.641843213502942e-03	8.878746e-06
7.651843213502943e-03	8.878716e-06
7.661843213502943e-03	8.878746e-06
7.671843213502943e-03	8.878716e-06
7.681843213502943e-03	8.878746e-06
7.691843213502943e-03	8.878716e-06
7.701843213502943e-03	8.878746e-06
7.711843213502943e-03	8.878716e-06
7.721843213502943e-03	8.878746e-06
7.731843213502942e-03	8.878716e-06
7.741843213502943e-03	8.878746e-06
7.751843213502942e-03	8.878716e-06
7.761843213502943e-03	8.878746e-06
7.771843213502942e-03	8.878716e-06
7.781843213502943e-03	8.878746e-06
7.791843213502942e-03	8.878716e-06
7.801843213502943e-03	8.878746e-06
7.811843213502942e-03	8.878716e-06
7.821843213502943e-03	8.878746e-06
7.831843213502943e-03	8.878716e-06
7.841843213502942e-03	8.878746e-06
7.851843213502943e-03	8.878716e-06
7.861843213502943e-03	8.878746e-06
7.871843213502943e-03	8.878716e-06
7.881843213502942e-03	8.878746e-06
7.891843213502942e-03	8.878716e-06
7.901843213502943e-03	8.878746e-06
7.911843213502943e-03	8.878716e-06
7.921843213502942e-03	8.878746e-06
7.931843213502942e-03	8.878716e-06
7.941843213502943e-03	8.878746e-06
7.951843213502943e-03	8.878716e-06
7.961843213502942e-03	8.878746e-06
7.971843213502942e-03	8.878716e-06
7.981843213502943e-03	8.878746e-06
7.991843213502943e-03	8.878716e-06
8.001843213502943e-03	8.878746e-06
8.011843213502942e-03	8.878716e-06
8.021843213502943e-03	8.878746e-06
8.031843213502943e-03	8.878717e-06
8.041843213502943e-03	8.878746e-06
8.051843213502942e-03	8.878717e-06
8.061843213502942e-03	8.878746e-06
8.071843213502943e-03	8.878717e-06
8.081843213502943e-03	8.878746e-06
8.091843213502942e-03	8.878717e-06
8.101843213502942e-03	8.878746e-06
8.111843213502943e-03	8.878717e-06
8.121843213502943e-03	8.878746e-06
8.131843213502942e-03	8.878717e-06
8.141843213502942e-03	8.878746e-06
8.151843213502943e-03	8.878717e-06
8.161843213502943e-03	8.878746e-06
8.171843213502943e-03	8.878717e-06
8.181843213502942e-03	8.878746e-06
8.191843213502943e-03	8.878717e-06
8.201843213502943e-03	8.878746e-06
8.211843213502943e-03	8.878717e-06
8.221843213502942e-03	8.878746e-06
8.231843213502942e-03	8.878717e-06
8.241843213502943e-03	8.878746e-06
8.251843213502943e-03	8.878717e-06
8.261843213502942e-03	8.878746e-06
8.271843213502942e-03	8.878717e-06
8.281843213502943e-03	8.878746e-06
8.291843213502943e-03	8.878717e-06
8.301843213502942e-03	8.878746e-06
8.311843213502942e-03	8.878717e-06
8.321843213502943e-03	8.878746e-06
8.331843213502943e-03	8.878717e-06
8.341843213502943e-03	8.878745e-06
8.351843213502942e-03	8.878717e-06
8.361843213502942e-03	8.878745e-06
8.371843213502943e-03	8.878717e-06
8.381843213502943e-03	8.878745e-06
8.391843213502942e-03	8.878717e-06
8.401843213502942e-03	8.878745e-06
8.411843213502943e-03	8.878717e-06
8.421843213502943e-03	8.878745e-06
8.431843213502942e-03	8.878717e-06
8.441843213502942e-03	8.878745e-06
8.451843213502943e-03	8.878717e-06
8.461843213502943e-03	8.878745e-06
8.471843213502942e-03	8.878717e-06
8.481843213502942e-03	8.878745e-06
8.491843213502943e-03	8.878717e-06
8.501843213502943e-03	8.878745e-06
8.511843213502943e-03	8.878717e-06
8.521843213502942e-03	8.878745e-06
8.531843213502942e-03	8.878717e-06
8.541843213502943e-03	8.878745e-06
8.551843213502943e-03	8.878717e-06
8.561843213502942e-03	8.878745e-06
8.571843213502942e-03	8.878717e-06
8.581843213502943e-03	8.878745e-06
8.591843213502943e-03	8.878717e-06
8.601843213502942e-03	8.878745e-06
8.611843213502942e-03	8.878717e-06
8.621843213502943e-03	8.878745e-06
8.631843213502943e-03	8.878717e-06
8.641843213502943e-03	8.878745e-06
8.651843213502942e-03	8.878717e-06
8.661843213502943e-03	8.878745e-06
8.671843213502943e-03	8.878717e-06
8.681843213502943e-03	8.878745e-06
8.691843213502942e-03	8.878717e-06
8.701843213502942e-03	8.878745e-06
8.711843213502943e-03	8.878717e-06
8.721843213502943e-03	8.878745e-06
8.731843213502942e-03	8.878717e-06
8.741843213502942e-03	8.878745e-06
8.751843213502943e-03	8.878717e-06
8.761843213502943e-03	8.878745e-06
8.771843213502942e-03	8.878717e-06
8.781843213502942e-03	8.878745e-06
8.791843213502943e-03	8.878717e-06
8.801843213502943e-03	8.878745e-06
8.811843213502943e-03	8.878717e-06
8.821843213502942e-03	8.878745e-06
8.831843213502943e-03	8.878717e-06
8.841843213502943e-03	8.878745e-06
8.851843213502943e-03	8.878717e-06
8.861843213502942e-03	8.878745e-06
8.871843213502942e-03	8.878717e-06
8.881843213502943e-03	8.878745e-06
8.891843213502943e-03	8.878717e-06
8.901843213502942e-03	8.878745e-06
8.911843213502942e-03	8.878717e-06
8.921843213502943e-03	8.878745e-06
8.931843213502943e-03	8.878717e-06
8.941843213502942e-03	8.878745e-06
8.951843213502942e-03	8.878717e-06
8.961843213502943e-03	8.878745e-06
8.971843213502943e-03	8.878717e-06
8.981843213502943e-03	8.878745e-06
8.991843213502942e-03	8.878717e-06
9.001843213502942e-03	8.878745e-06
9.011843213502943e-03	8.878717e-06
9.021843213502943e-03	8.878745e-06
9.031843213502942e-03	8.878717e-06
9.041843213502942e-03	8.878745e-06
9.051843213502943e-03	8.878717e-06
9.061843213502943e-03	8.878745e-06
9.071843213502942e-03	8.878717e-06
9.081843213502942e-03	8.878745e-06
9.091843213502943e-03	8.878717e-06
9.101843213502943e-03	8.878745e-06
9.111843213502942e-03	8.878717e-06
9.121843213502942e-03	8.878745e-06
9.131843213502943e-03	8.878717e-06
9.141843213502943e-03	8.878745e-06
9.151843213502943e-03	8.878717e-06
9.161843213502942e-03	8.878745e-06
9.171843213502942e-03	8.878717e-06
9.181843213502943e-03	8.878745e-06
9.191843213502943e-03	8.878718e-06
9.201843213502942e-03	8.878745e-06
9.211843213502942e-03	8.878718e-06
9.221843213502943e-03	8.878745e-06
9.231843213502943e-03	8.878718e-06
9.241843213502942e-03	8.878745e-06
9.251843213502942e-03	8.878718e-06
9.261843213502943e-03	8.878745e-06
9.271843213502943e-03	8.878718e-06
9.281843213502942e-03	8.878745e-06
9.291843213502942e-03	8.878718e-06
9.301843213502943e-03	8.878745e-06
9.311843213502943e-03	8.878718e-06
9.321843213502943e-03	8.878745e-06
9.331843213502942e-03	8.878718e-06
9.341843213502942e-03	8.878745e-06
9.351843213502943e-03	8.878718e-06
9.361843213502943e-03	8.878744e-06
9.371843213502942e-03	8.878718e-06
9.381843213502942e-03	8.878744e-06
9.391843213502943e-03	8.878718e-06
9.401843213502943e-03	8.878744e-06
9.411843213502942e-03	8.878718e-06
9.421843213502942e-03	8.878744e-06
9.431843213502943e-03	8.878718e-06
9.441843213502943e-03	8.878744e-06
9.451843213502942e-03	8.878718e-06
9.461843213502942e-03	8.878744e-06
9.471843213502943e-03	8.878718e-06
9.481843213502943e-03	8.878744e-06
9.491843213502943e-03	8.878718e-06
9.501843213502942e-03	8.878744e-06
9.511843213502942e-03	8.878718e-06
9.521843213502943e-03	8.878744e-06
9.531843213502943e-03	8.878718e-06
9.541843213502942e-03	8.878744e-06
9.551843213502942e-03	8.878718e-06
9.561843213502943e-03	8.878744e-06
9.571843213502943e-03	8.878718e-06
9.581843213502942e-03	8.878744e-06
9.591843213502942e-03	8.878718e-06
9.601843213502943e-03	8.878744e-06
9.611843213502943e-03	8.878718e-06
9.621843213502942e-03	8.878744e-06
9.631843213502942e-03	8.878718e-06
9.641843213502942e-03	8.878744e-06
9.651843213502943e-03	8.878718e-06
9.661843213502943e-03	8.878744e-06
9.671843213502942e-03	8.878718e-06
9.681843213502942e-03	8.878744e-06
9.691843213502943e-03	8.878718e-06
9.701843213502943e-03	8.878744e-06
9.711843213502942e-03	8.878718e-06
9.721843213502942e-03	8.878744e-06
9.731843213502943e-03	8.878718e-06
9.741843213502943e-03	8.878744e-06
9.751843213502942e-03	8.878718e-06
9.761843213502942e-03	8.878744e-06
9.771843213502943e-03	8.878718e-06
9.781843213502943e-03	8.878744e-06
9.791843213502942e-03	8.878718e-06
9.801843213502942e-03	8.878744e-06
9.811843213502942e-03	8.878718e-06
9.821843213502943e-03	8.878744e-06
9.831843213502943e-03	8.878718e-06
9.841843213502942e-03	8.878744e-06
9.851843213502942e-03	8.878718e-06
9.861843213502943e-03	8.878744e-06
9.871843213502943e-03	8.878718e-06
9.881843213502942e-03	8.878744e-06
9.891843213502942e-03	8.878718e-06
9.901843213502943e-03	8.878744e-06
9.911843213502943e-03	8.878718e-06
9.921843213502942e-03	8.878744e-06
9.931843213502942e-03	8.878718e-06
9.941843213502943e-03	8.878744e-06
9.951843213502943e-03	8.878718e-06
9.961843213502942e-03	8.878744e-06
9.971843213502942e-03	8.878718e-06
9.981843213502942e-03	8.878744e-06
9.991843213502943e-03	8.878718e-06
1.000000000000000e-02	8.878744e-06
1.000000000100000e-02	8.878348e-06
1.000000000200000e-02	8.878402e-06
1.000000000347517e-02	8.878324e-06
1.000000000560198e-02	8.878211e-06
1.000000000985561e-02	8.877986e-06
1.000000001836286e-02	8.877536e-06
1.000000003537736e-02	8.876635e-06
1.000000006940637e-02	8.874829e-06
1.000000013746440e-02	8.871207e-06
1.000000027358044e-02	8.863914e-06
1.000000054581253e-02	8.849162e-06
1.000000109027671e-02	8.819112e-06
1.000000217920506e-02	8.757570e-06
1.000000435706178e-02	8.632057e-06
1.000000871277520e-02	8.381468e-06
1.000001494129765e-02	8.033637e-06
1.000002567667803e-02	7.467223e-06
1.000004714743879e-02	6.451139e-06
1.000006992190830e-02	5.677072e-06
1.000008603255093e-02	6.404963e-06
1.000010756403204e-02	1.039453e-05
1.000012538761683e-02	1.450189e-05
1.000014481424738e-02	1.851476e-05
1.000016664390799e-02	2.280177e-05
1.000020339762459e-02	2.918293e-05
1.000026064887085e-02	3.645010e-05
1.000033088421712e-02	4.074434e-05
1.000040309891653e-02	4.163624e-05
1.000041461755771e-02	4.165480e-05
1.000043765484007e-02	4.168086e-05
1.000048372940479e-02	4.171115e-05
1.000057587853422e-02	4.173922e-05
1.000076017679309e-02	4.175884e-05
1.000097280692404e-02	4.177255e-05
1.000117666427839e-02	4.180361e-05
1.000135122554361e-02	4.185361e-05
1.000150096775452e-02	4.190467e-05
1.000167031774406e-02	4.195076e-05
1.000185374165978e-02	4.197752e-05
1.000215714128897e-02	4.196823e-05
1.000243342470934e-02	4.190836e-05
1.000269751001092e-02	4.181285e-05
1.000299615586721e-02	4.166879e-05
1.000329543548004e-02	4.149752e-05
1.000364010265290e-02	4.127652e-05
1.000401544412980e-02	4.101474e-05
1.000448119955722e-02	4.066867e-05
1.000502694302067e-02	4.024589e-05
1.000575580216852e-02	3.966984e-05
1.000672670041417e-02	3.890754e-05
1.000828284480144e-02	3.774880e-05
1.001139513357598e-02	3.579573e-05
1.001488756116394e-02	3.422935e-05
1.001769408590171e-02	3.336463e-05
1.001970847309244e-02	3.290061e-05
1.002197763211521e-02	3.248945e-05
1.002444775306784e-02	3.214088e-05
1.002678862737485e-02	3.187926e-05
1.002914666698507e-02	3.166311e-05
1.003138564129639e-02	3.148940e-05
1.003369514319931e-02	3.133299e-05
1.003593387630815e-02	3.119737e-05
1.003821721206106e-02	3.107057e-05
1.004043592525913e-02	3.095553e-05
1.004267982451002e-02	3.084501e-05
1.004499157099713e-02	3.073567e-05
1.004775774151808e-02	3.060900e-05
1.005078477928728e-02	3.047404e-05
1.005419124446071e-02	3.032500e-05
1.005801473925946e-02	3.015984e-05
1.006091292714939e-02	3.003525e-05
1.006303289420813e-02	2.994403e-05
1.006455372651004e-02	2.987811e-05
1.006566835528609e-02	2.982916e-05
1.006649432078300e-02	2.979194e-05
1.006710920217941e-02	2.976299e-05
1.006756553046809e-02	2.973975e-05
1.006790223272602e-02	2.972028e-05
1.006814755062918e-02	2.970296e-05
1.006836477105051e-02	2.968177e-05
1.006859264323549e-02	2.965546e-05
1.006882675686861e-02	2.962932e-05
1.006907506188889e-02	2.960238e-05
1.006941054562888e-02	2.956707e-05
1.006986368217846e-02	2.952092e-05
1.007055400655488e-02	2.945332e-05
1.007157680453358e-02	2.935729e-05
1.007274970877347e-02	2.925120e-05
1.007416188513814e-02	2.912679e-05
1.007567107027384e-02	2.899611e-05
1.007773022299281e-02	2.881957e-05
1.008038014248067e-02	2.859352e-05
1.008447638866176e-02	2.824399e-05
1.008931912123764e-02	2.782939e-05
1.009563505652826e-02	2.728751e-05
1.010341075710291e-02	2.662325e-05
1.011341075710291e-02	2.578163e-05
1.012086555282133e-02	2.516691e-05
1.012603382996593e-02	2.474797e-05
1.012961615910500e-02	2.446129e-05
1.013220841182882e-02	2.425581e-05
1.013413079995452e-02	2.410467e-05
1.013557043222571e-02	2.399233e-05
1.013664703131685e-02	2.390909e-05
1.013744396910511e-02	2.384823e-05
1.013802983637976e-02	2.380438e-05
1.013845530343070e-02	2.377359e-05
1.013881333376206e-02	2.374945e-05
1.013921987235017e-02	2.372418e-05
1.013955343525673e-02	2.370355e-05
1.013993614124471e-02	2.367985e-05
1.014070155322068e-02	2.363259e-05
1.014223237717261e-02	2.353814e-05
1.014465275981426e-02	2.338933e-05
1.014847355471771e-02	2.315579e-05
1.015317962262095e-02	2.287067e-05
1.016020133411016e-02	2.244892e-05
1.016787380689456e-02	2.198523e-05
1.017329981796775e-02	2.163465e-05
1.017617445950032e-02	2.140833e-05
1.017767826308215e-02	2.123782e-05
1.017843133877088e-02	2.111084e-05
1.017889647534842e-02	2.101050e-05
1.017932171199264e-02	2.090712e-05
1.017947393226535e-02	2.086853e-05
1.017964145347869e-02	2.082575e-05
1.017982519580045e-02	2.077856e-05
1.017998674774473e-02	2.073721e-05
1.018016269102188e-02	2.069233e-05
1.018031128114128e-02	2.065475e-05
1.018047295059354e-02	2.061412e-05
1.018062594094826e-02	2.057605e-05
1.018077161460394e-02	2.054008e-05
1.018095257494897e-02	2.049586e-05
1.018111556934416e-02	2.045640e-05
1.018134400506116e-02	2.040176e-05
1.018155270445284e-02	2.035241e-05
1.018188813073810e-02	2.027429e-05
1.018220375675412e-02	2.020195e-05
1.018283500878616e-02	2.006042e-05
1.018346465146304e-02	1.992288e-05
1.018472393681680e-02	1.965680e-05
1.018658794017274e-02	1.928056e-05
1.018920445424738e-02	1.878000e-05
1.019227488220696e-02	1.822591e-05
1.019457146432958e-02	1.783259e-05
1.019623303526219e-02	1.755946e-05
1.019717000794209e-02	1.741152e-05
1.019811386078861e-02	1.726690e-05
1.019878706868449e-02	1.716325e-05
1.019949176429016e-02	1.705533e-05
1.020090115550150e-02	1.684115e-05
1.020347718794826e-02	1.645957e-05
1.020615884894266e-02	1.607752e-05
1.020881167913212e-02	1.571929e-05
1.021024242054932e-02	1.555681e-05
1.021143746924430e-02	1.549567e-05
1.021201356189597e-02	1.551393e-05
1.021277445388098e-02	1.554533e-05
1.021329121391996e-02	1.555785e-05
1.021397099705206e-02	1.557367e-05
1.021484137458521e-02	1.558463e-05
1.021572865758763e-02	1.559261e-05
1.021652784899973e-02	1.559430e-05
1.021741783230400e-02	1.559473e-05
1.021830787731350e-02	1.559111e-05
1.021920569224682e-02	1.558648e-05
1.022040078875457e-02	1.557648e-05
1.022153715574703e-02	1.556558e-05
1.022308496700876e-02	1.554714e-05
1.022470264570496e-02	1.552605e-05
1.022724126960391e-02	1.548851e-05
1.022971199911997e-02	1.544960e-05
1.023240100083413e-02	1.540459e-05
1.023531958764451e-02	1.535485e-05
1.023843453618529e-02	1.530031e-05
1.024209819477456e-02	1.523627e-05
1.024640743691295e-02	1.516039e-05
1.025152933865246e-02	1.507138e-05
1.025795688558476e-02	1.496059e-05
1.026600062431701e-02	1.482526e-05
1.027600062431701e-02	1.466096e-05
1.028600062431701e-02	1.450231e-05
1.029600062431701e-02	1.434819e-05
1.030600062431701e-02	1.419991e-05
1.031600062431701e-02	1.405640e-05
1.032600062431701e-02	1.392012e-05
1.033062325228654e-02	1.386044e-05
1.033299999353789e-02	1.383403e-05
1.033397603150863e-02	1.382477e-05
1.033470421401156e-02	1.381967e-05
1.033498620451501e-02	1.381763e-05
1.033522150858625e-02	1.381613e-05
1.033545771482662e-02	1.381464e-05
1.033571869369453e-02	1.381302e-05
1.033594200375034e-02	1.381168e-05
1.033616620192469e-02	1.381034e-05
1.033642103379902e-02	1.380885e-05
1.033666796723644e-02	1.380743e-05
1.033699894322263e-02	1.380558e-05
1.033731734196574e-02	1.380384e-05
1.033787010164442e-02	1.380099e-05
1.033837814662624e-02	1.379854e-05
1.033939423658988e-02	1.379433e-05
1.034050786298420e-02	1.379102e-05
1.034273511577285e-02	1.379059e-05
1.034517311723201e-02	1.380633e-05
1.034705836461189e-02	1.382541e-05
1.034839960499925e-02	1.382563e-05
1.034949600445875e-02	1.380920e-05
1.035075710407491e-02	1.377806e-05
1.035197587498812e-02	1.374126e-05
1.035315011045572e-02	1.370213e-05
1.035451781514580e-02	1.365398e-05
1.035666184838682e-02	1.357557e-05
1.035919993545590e-02	1.348067e-05
1.036189512116946e-02	1.337916e-05
1.036482555292997e-02	1.326899e-05
1.036808195927854e-02	1.314734e-05
1.037220075488771e-02	1.299504e-05
1.037731226827479e-02	1.280857e-05
1.038351058910945e-02	1.258622e-05
1.039027612552772e-02	1.234808e-05
1.039874806951440e-02	1.205634e-05
1.040874806951440e-02	1.172092e-05
1.041874806951440e-02	1.139496e-05
1.042874806951440e-02	1.107818e-05
1.043874806951440e-02	1.077035e-05
1.044874806951440e-02	1.047123e-05
1.045874806951440e-02	1.018057e-05
1.046874806951440e-02	9.898111e-06
1.047874806951440e-02	9.623635e-06
1.048874806951440e-02	9.356878e-06
1.049874806951440e-02	9.097625e-06
1.050874806951440e-02	8.845625e-06
1.051874806951440e-02	8.600682e-06
1.052874806951440e-02	8.362560e-06
1.053874806951440e-02	8.131077e-06
1.054874806951440e-02	7.906017e-06
1.055874806951440e-02	7.687214e-06
1.056874806951440e-02	7.474466e-06
1.057874806951440e-02	7.267624e-06
1.058874806951440e-02	7.066500e-06
1.059874806951440e-02	6.870956e-06
1.060874806951440e-02	6.680819e-06
1.061874806951440e-02	6.495960e-06
1.062874806951440e-02	6.316216e-06
1.063874806951440e-02	6.141469e-06
1.064874806951440e-02	5.971563e-06
1.065874806951440e-02	5.806390e-06
1.066874806951440e-02	5.645801e-06
1.067874806951440e-02	5.489693e-06
1.068874806951440e-02	5.337927e-06
1.069874806951440e-02	5.190405e-06
1.070874806951440e-02	5.046994e-06
1.071874806951440e-02	4.907603e-06
1.072874806951440e-02	4.772103e-06
1.073874806951440e-02	4.640411e-06
1.074874806951440e-02	4.512402e-06
1.075874806951440e-02	4.387996e-06
1.076874806951440e-02	4.267076e-06
1.077874806951440e-02	4.149568e-06
1.078874806951440e-02	4.035356e-06
1.079874806951440e-02	3.924373e-06
1.080874806951440e-02	3.816508e-06
1.081874806951440e-02	3.711696e-06
1.082874806951440e-02	3.609833e-06
1.083874806951440e-02	3.510857e-06
1.084874806951440e-02	3.414669e-06
1.085874806951440e-02	3.321211e-06
1.086874806951440e-02	3.230386e-06
1.087874806951440e-02	3.142143e-06
1.088874806951440e-02	3.056388e-06
1.089874806951440e-02	2.973072e-06
1.090874806951440e-02	2.892107e-06
1.091874806951440e-02	2.813446e-06
1.092874806951440e-02	2.737005e-06
1.093874806951440e-02	2.662741e-06
1.094874806951440e-02	2.590572e-06
1.095874806951440e-02	2.520460e-06
1.096874806951440e-02	2.452326e-06
1.097874806951440e-02	2.386134e-06
1.098874806951440e-02	2.321809e-06
1.099874806951440e-02	2.259317e-06
1.100874806951440e-02	2.198587e-06
1.101874806951440e-02	2.139589e-06
1.102874806951440e-02	2.082252e-06
1.103874806951440e-02	2.026551e-06
1.104874806951440e-02	1.972417e-06
1.105874806951440e-02	1.919825e-06
1.106874806951440e-02	1.868713e-06
1.107874806951440e-02	1.819057e-06
1.108874806951440e-02	1.770796e-06
1.109874806951440e-02	1.723909e-06
1.110874806951440e-02	1.678337e-06
1.111874806951440e-02	1.634063e-06
1.112874806951440e-02	1.591029e-06
1.113874806951440e-02	1.549219e-06
1.114874806951440e-02	1.508578e-06
1.115874806951440e-02	1.469093e-06
1.116874806951440e-02	1.430710e-06
1.117874806951440e-02	1.393417e-06
1.118874806951440e-02	1.357164e-06
1.119874806951440e-02	1.321940e-06
1.120874806951440e-02	1.287695e-06
1.121874806951440e-02	1.254422e-06
1.122874806951440e-02	1.222072e-06
1.123874806951440e-02	1.190638e-06
1.124874806951440e-02	1.160075e-06
1.125874806951440e-02	1.130376e-06
1.126874806951440e-02	1.101498e-06
1.127874806951440e-02	1.073437e-06
1.128874806951440e-02	1.046148e-06
1.129874806951440e-02	1.019630e-06
1.130874806951440e-02	9.938411e-07
1.131874806951440e-02	9.687793e-07
1.132874806951440e-02	9.444041e-07
1.133874806951440e-02	9.207156e-07
1.134874806951440e-02	8.976743e-07
1.135874806951440e-02	8.752812e-07
1.136874806951440e-02	8.534980e-07
1.137874806951440e-02	8.323267e-07
1.138874806951440e-02	8.117303e-07
1.139874806951440e-02	7.917117e-07
1.140874806951440e-02	7.722348e-07
1.141874806951440e-02	7.533036e-07
1.142874806951440e-02	7.348827e-07
1.143874806951440e-02	7.169773e-07
1.144874806951440e-02	6.995529e-07
1.145874806951440e-02	6.826152e-07
1.146874806951440e-02	6.661307e-07
1.147874806951440e-02	6.501062e-07
1.148874806951440e-02	6.345087e-07
1.149874806951440e-02	6.193457e-07
1.150874806951440e-02	6.045852e-07
1.151874806951440e-02	5.902351e-07
1.152874806951440e-02	5.762643e-07
1.153874806951440e-02	5.626815e-07
1.154874806951440e-02	5.494560e-07
1.155874806951440e-02	5.365972e-07
1.156874806951440e-02	5.240752e-07
1.157874806951440e-02	5.118997e-07
1.158874806951440e-02	5.000416e-07
1.159874806951440e-02	4.885113e-07
1.160874806951440e-02	4.772799e-07
1.161874806951440e-02	4.663584e-07
1.162874806951440e-02	4.557186e-07
1.163874806951440e-02	4.453720e-07
1.164874806951440e-02	4.352908e-07
1.165874806951440e-02	4.254870e-07
1.166874806951440e-02	4.159332e-07
1.167874806951440e-02	4.066419e-07
1.168874806951440e-02	3.975861e-07
1.169874806951440e-02	3.887787e-07
1.170874806951440e-02	3.801934e-07
1.171874806951440e-02	3.718430e-07
1.172874806951440e-02	3.637019e-07
1.173874806951440e-02	3.557833e-07
1.174874806951440e-02	3.480618e-07
1.175874806951440e-02	3.405510e-07
1.176874806951440e-02	3.332259e-07
1.177874806951440e-02	3.261004e-07
1.178874806951440e-02	3.191498e-07
1.179874806951440e-02	3.123884e-07
1.180874806951440e-02	3.057917e-07
1.181874806951440e-02	2.993742e-07
1.182874806951440e-02	2.931120e-07
1.183874806951440e-02	2.870197e-07
1.184874806951440e-02	2.810735e-07
1.185874806951440e-02	2.752885e-07
1.186874806951440e-02	2.696411e-07
1.187874806951440e-02	2.641467e-07
1.188874806951440e-02	2.587818e-07
1.189874806951440e-02	2.535620e-07
1.190874806951440e-02	2.484641e-07
1.191874806951440e-02	2.435040e-07
1.192874806951440e-02	2.386588e-07
1.193874806951440e-02	2.339442e-07
1.194874806951440e-02	2.293379e-07
1.195874806951440e-02	2.248557e-07
1.196874806951440e-02	2.204752e-07
1.197874806951440e-02	2.162128e-07
1.198874806951440e-02	2.120462e-07
1.199874806951440e-02	2.079916e-07
1.200874806951440e-02	2.040273e-07
1.201874806951440e-02	2.001695e-07
1.202874806951440e-02	1.963965e-07
1.203874806951440e-02	1.927249e-07
1.204874806951440e-02	1.891331e-07
1.205874806951440e-02	1.856378e-07
1.206874806951440e-02	1.822175e-07
1.207874806951440e-02	1.788890e-07
1.208874806951440e-02	1.756311e-07
1.209874806951440e-02	1.724607e-07
1.210874806951440e-02	1.693565e-07
1.211874806951440e-02	1.663357e-07
1.212874806951440e-02	1.633772e-07
1.213874806951440e-02	1.604981e-07
1.214874806951440e-02	1.576775e-07
1.215874806951440e-02	1.549327e-07
1.216874806951440e-02	1.522429e-07
1.217874806951440e-02	1.496253e-07
1.218874806951440e-02	1.470593e-07
1.219874806951440e-02	1.445623e-07
1.220874806951440e-02	1.421137e-07
1.221874806951440e-02	1.397310e-07
1.222874806951440e-02	1.373938e-07
1.223874806951440e-02	1.351194e-07
1.224874806951440e-02	1.328877e-07
1.225874806951440e-02	1.307161e-07
1.226874806951440e-02	1.285844e-07
1.227874806951440e-02	1.265103e-07
1.228874806951440e-02	1.244735e-07
1.229874806951440e-02	1.224918e-07
1.230874806951440e-02	1.205452e-07
1.231874806951440e-02	1.186512e-07
1.232874806951440e-02	1.167900e-07
1.233874806951440e-02	1.149793e-07
1.234874806951440e-02	1.131992e-07
1.235874806951440e-02	1.114675e-07
1.236874806951440e-02	1.097644e-07
1.237874806951440e-02	1.081077e-07
1.238874806951440e-02	1.064778e-07
1.239874806951440e-02	1.048924e-07
1.240874806951440e-02	1.033319e-07
1.241874806951440e-02	1.018142e-07
1.242874806951440e-02	1.003197e-07
1.243874806951440e-02	9.886620e-08
1.244874806951440e-02	9.743439e-08
1.245874806951440e-02	9.604204e-08
1.246874806951440e-02	9.466981e-08
1.247874806951440e-02	9.333554e-08
1.248874806951440e-02	9.201996e-08
1.249874806951440e-02	9.074091e-08
1.250874806951440e-02	8.947918e-08
1.251874806951440e-02	8.825265e-08
1.252874806951440e-02	8.704214e-08
1.253874806951440e-02	8.586554e-08
1.254874806951440e-02	8.470378e-08
1.255874806951440e-02	8.357471e-08
1.256874806951440e-02	8.245931e-08
1.257874806951440e-02	8.137547e-08
1.258874806951440e-02	8.030421e-08
1.259874806951440e-02	7.926343e-08
1.260874806951440e-02	7.823419e-08
1.261874806951440e-02	7.723440e-08
1.262874806951440e-02	7.624517e-08
1.263874806951440e-02	7.528442e-08
1.264874806951440e-02	7.433331e-08
1.265874806951440e-02	7.340976e-08
1.266874806951440e-02	7.249498e-08
1.267874806951440e-02	7.160686e-08
1.268874806951440e-02	7.072669e-08
1.269874806951440e-02	6.987235e-08
1.270874806951440e-02	6.902518e-08
1.271874806951440e-02	6.820306e-08
1.272874806951440e-02	6.738735e-08
1.273874806951440e-02	6.659594e-08
1.274874806951440e-02	6.581026e-08
1.275874806951440e-02	6.504815e-08
1.276874806951440e-02	6.429109e-08
1.277874806951440e-02	6.355695e-08
1.278874806951440e-02	6.282723e-08
1.279874806951440e-02	6.211978e-08
1.280874806951440e-02	6.141614e-08
1.281874806951440e-02	6.073418e-08
1.282874806951440e-02	6.005545e-08
1.283874806951440e-02	5.939783e-08
1.284874806951440e-02	5.874291e-08
1.285874806951440e-02	5.810852e-08
1.286874806951440e-02	5.747635e-08
1.287874806951440e-02	5.686418e-08
1.288874806951440e-02	5.625373e-08
1.289874806951440e-02	5.566280e-08
1.290874806951440e-02	5.507312e-08
1.291874806951440e-02	5.450251e-08
1.292874806951440e-02	5.393272e-08
1.293874806951440e-02	5.338152e-08
1.294874806951440e-02	5.283071e-08
1.295874806951440e-02	5.229809e-08
1.296874806951440e-02	5.176549e-08
1.297874806951440e-02	5.125066e-08
1.298874806951440e-02	5.073547e-08
1.299874806951440e-02	5.023765e-08
1.300874806951440e-02	4.973913e-08
1.301874806951440e-02	4.925763e-08
1.302874806951440e-02	4.877506e-08
1.303874806951440e-02	4.830917e-08
1.304874806951440e-02	4.784192e-08
1.305874806951440e-02	4.739099e-08
1.306874806951440e-02	4.693839e-08
1.307874806951440e-02	4.650179e-08
1.308874806951440e-02	4.606326e-08
1.309874806951440e-02	4.564041e-08
1.310874806951440e-02	4.521536e-08
1.311874806951440e-02	4.480570e-08
1.312874806951440e-02	4.439357e-08
1.313874806951440e-02	4.399656e-08
1.314874806951440e-02	4.359683e-08
1.315874806951440e-02	4.321198e-08
1.316874806951440e-02	4.282415e-08
1.317874806951440e-02	4.245096e-08
1.318874806951440e-02	4.207456e-08
1.319874806951440e-02	4.171256e-08
1.320874806951440e-02	4.134715e-08
1.321874806951440e-02	4.099590e-08
1.322874806951440e-02	4.064104e-08
1.323874806951440e-02	4.030012e-08
1.324874806951440e-02	3.995540e-08
1.325874806951440e-02	3.962441e-08
1.326874806951440e-02	3.928944e-08
1.327874806951440e-02	3.896798e-08
1.328874806951440e-02	3.864239e-08
1.329874806951440e-02	3.833013e-08
1.330874806951440e-02	3.801355e-08
1.331874806951440e-02	3.771013e-08
1.332874806951440e-02	3.740224e-08
1.333874806951440e-02	3.710730e-08
1.334874806951440e-02	3.680777e-08
1.335874806951440e-02	3.652101e-08
1.336874806951440e-02	3.622951e-08
1.337874806951440e-02	3.595065e-08
1.338874806951440e-02	3.566690e-08
1.339874806951440e-02	3.539562e-08
1.340874806951440e-02	3.511933e-08
1.341874806951440e-02	3.485537e-08
1.342874806951440e-02	3.458628e-08
1.343874806951440e-02	3.432937e-08
1.344874806951440e-02	3.406721e-08
1.345874806951440e-02	3.381710e-08
1.346874806951440e-02	3.356162e-08
1.347874806951440e-02	3.331807e-08
1.348874806951440e-02	3.306904e-08
1.349874806951440e-02	3.283182e-08
1.350874806951440e-02	3.258901e-08
1.351874806951440e-02	3.235788e-08
1.352874806951440e-02	3.212109e-08
1.353874806951440e-02	3.189587e-08
1.354874806951440e-02	3.166487e-08
1.355874806951440e-02	3.144531e-08
1.356874806951440e-02	3.121992e-08
1.357874806951440e-02	3.100587e-08
1.358874806951440e-02	3.078589e-08
1.359874806951440e-02	3.057716e-08
1.360874806951440e-02	3.036240e-08
1.361874806951440e-02	3.015879e-08
1.362874806951440e-02	2.994910e-08
1.363874806951440e-02	2.975044e-08
1.364874806951440e-02	2.954564e-08
1.365874806951440e-02	2.935177e-08
1.366874806951440e-02	2.915170e-08
1.367874806951440e-02	2.896247e-08
1.368874806951440e-02	2.876697e-08
1.369874806951440e-02	2.858222e-08
1.370874806951440e-02	2.839116e-08
1.371874806951440e-02	2.821075e-08
1.372874806951440e-02	2.802397e-08
1.373874806951440e-02	2.784777e-08
1.374874806951440e-02	2.766513e-08
1.375874806951440e-02	2.749300e-08
1.376874806951440e-02	2.731439e-08
1.377874806951440e-02	2.714620e-08
1.378874806951440e-02	2.697145e-08
1.379874806951440e-02	2.680710e-08
1.380874806951440e-02	2.663613e-08
1.381874806951440e-02	2.647547e-08
1.382874806951440e-02	2.630816e-08
1.383874806951440e-02	2.615109e-08
1.384874806951440e-02	2.598733e-08
1.385874806951440e-02	2.583373e-08
1.386874806951440e-02	2.567339e-08
1.387874806951440e-02	2.552317e-08
1.388874806951440e-02	2.536619e-08
1.389874806951440e-02	2.521923e-08
1.390874806951440e-02	2.506547e-08
1.391874806951440e-02	2.492170e-08
1.392874806951440e-02	2.477108e-08
1.393874806951440e-02	2.463038e-08
1.394874806951440e-02	2.448280e-08
1.395874806951440e-02	2.434510e-08
1.396874806951440e-02	2.420049e-08
1.397874806951440e-02	2.406567e-08
1.398874806951440e-02	2.392393e-08
1.399874806951440e-02	2.379196e-08
1.400874806951440e-02	2.365300e-08
1.401874806951440e-02	2.352376e-08
1.402874806951440e-02	2.338752e-08
1.403874806951440e-02	2.326093e-08
1.404874806951440e-02	2.312734e-08
1.405874806951440e-02	2.300333e-08
1.406874806951440e-02	2.287229e-08
1.407874806951440e-02	2.275080e-08
1.408874806951440e-02	2.262226e-08
1.409874806951440e-02	2.250322e-08
1.410874806951440e-02	2.237709e-08
1.411874806951440e-02	2.226043e-08
1.412874806951440e-02	2.213666e-08
1.413874806951440e-02	2.202230e-08
1.414874806951440e-02	2.190082e-08
1.415874806951440e-02	2.178872e-08
1.416874806951440e-02	2.166947e-08
1.417874806951440e-02	2.155955e-08
1.418874806951440e-02	2.144248e-08
1.419874806951440e-02	2.133469e-08
1.420874806951440e-02	2.121972e-08
1.421874806951440e-02	2.111400e-08
1.422874806951440e-02	2.100110e-08
1.423874806951440e-02	2.089740e-08
1.424874806951440e-02	2.078649e-08
1.425874806951440e-02	2.068477e-08
1.426874806951440e-02	2.057581e-08
1.427874806951440e-02	2.047600e-08
1.428874806951440e-02	2.036894e-08
1.429874806951440e-02	2.027100e-08
1.430874806951440e-02	2.016578e-08
1.431874806951440e-02	2.006965e-08
1.432874806951440e-02	1.996625e-08
1.433874806951440e-02	1.987189e-08
1.434874806951440e-02	1.977025e-08
1.435874806951440e-02	1.967761e-08
1.436874806951440e-02	1.957769e-08
1.437874806951440e-02	1.948673e-08
1.438874806951440e-02	1.938847e-08
1.439874806951440e-02	1.929916e-08
1.440874806951440e-02	1.920253e-08
1.441874806951440e-02	1.911481e-08
1.442874806951440e-02	1.901977e-08
1.443874806951440e-02	1.893361e-08
1.444874806951440e-02	1.884013e-08
1.445874806951440e-02	1.875548e-08
1.446874806951440e-02	1.866351e-08
1.447874806951440e-02	1.858036e-08
1.448874806951440e-02	1.848986e-08
1.449874806951440e-02	1.840814e-08
1.450874806951440e-02	1.831909e-08
1.451874806951440e-02	1.823879e-08
1.452874806951440e-02	1.815114e-08
1.453874806951440e-02	1.807221e-08
1.454874806951440e-02	1.798594e-08
1.455874806951440e-02	1.790835e-08
1.456874806951440e-02	1.782343e-08
1.457874806951440e-02	1.774715e-08
1.458874806951440e-02	1.766352e-08
1.459874806951440e-02	1.758854e-08
1.460874806951440e-02	1.750619e-08
1.461874806951440e-02	1.743246e-08
1.462874806951440e-02	1.735136e-08
1.463874806951440e-02	1.727884e-08
1.464874806951440e-02	1.719895e-08
1.465874806951440e-02	1.712763e-08
1.466874806951440e-02	1.704893e-08
1.467874806951440e-02	1.697878e-08
1.468874806951440e-02	1.690125e-08
1.469874806951440e-02	1.683222e-08
1.470874806951440e-02	1.675583e-08
1.471874806951440e-02	1.668792e-08
1.472874806951440e-02	1.661264e-08
1.473874806951440e-02	1.654581e-08
1.474874806951440e-02	1.647160e-08
1.475874806951440e-02	1.640585e-08
1.476874806951440e-02	1.633270e-08
1.477874806951440e-02	1.626805e-08
1.478874806951440e-02	1.619622e-08
1.479874806951440e-02	1.613298e-08
1.480874806951440e-02	1.606252e-08
1.481874806951440e-02	1.600061e-08
1.482874806951440e-02	1.593148e-08
1.483874806951440e-02	1.587086e-08
1.484874806951440e-02	1.580299e-08
1.485874806951440e-02	1.574359e-08
1.486874806951440e-02	1.567694e-08
1.487874806951440e-02	1.561873e-08
1.488874806951440e-02	1.555326e-08
1.489874806951440e-02	1.549619e-08
1.490874806951440e-02	1.543184e-08
1.491874806951440e-02	1.537586e-08
1.492874806951440e-02	1.531262e-08
1.493874806951440e-02	1.525770e-08
1.494874806951440e-02	1.519549e-08
1.495874806951440e-02	1.514160e-08
1.496874806951440e-02	1.508042e-08
1.497874806951440e-02	1.502752e-08
1.498874806951440e-02	1.496731e-08
1.499874806951440e-02	1.491536e-08
1.500874806951440e-02	1.485610e-08
1.501874806951440e-02	1.480509e-08
1.502874806951440e-02	1.474676e-08
1.503874806951440e-02	1.469664e-08
1.504874806951440e-02	1.463919e-08
1.505874806951440e-02	1.458994e-08
1.506874806951440e-02	1.453338e-08
1.507874806951440e-02	1.448497e-08
1.508874806951440e-02	1.442924e-08
1.509874806951440e-02	1.438166e-08
1.510874806951440e-02	1.432675e-08
1.511874806951440e-02	1.427996e-08
1.512874806951440e-02	1.422586e-08
1.513874806951440e-02	1.417984e-08
1.514874806951440e-02	1.412650e-08
1.515874806951440e-02	1.408123e-08
1.516874806951440e-02	1.402865e-08
1.517874806951440e-02	1.398412e-08
1.518874806951440e-02	1.393228e-08
1.519874806951440e-02	1.388847e-08
1.520874806951440e-02	1.383734e-08
1.521874806951440e-02	1.379422e-08
1.522874806951440e-02	1.374380e-08
1.523874806951440e-02	1.370136e-08
1.524874806951440e-02	1.365161e-08
1.525874806951440e-02	1.360984e-08
1.526874806951440e-02	1.356076e-08
1.527874806951440e-02	1.351963e-08
1.528874806951440e-02	1.347120e-08
1.529874806951440e-02	1.343071e-08
1.530874806951440e-02	1.338290e-08
1.531874806951440e-02	1.334304e-08
1.532874806951440e-02	1.329587e-08
1.533874806951440e-02	1.325659e-08
1.534874806951440e-02	1.321002e-08
1.535874806951440e-02	1.317135e-08
1.536874806951440e-02	1.312536e-08
1.537874806951440e-02	1.308727e-08
1.538874806951440e-02	1.304187e-08
1.539874806951440e-02	1.300433e-08
1.540874806951440e-02	1.295951e-08
1.541874806951440e-02	1.292252e-08
1.542874806951440e-02	1.287825e-08
1.543874806951440e-02	1.284181e-08
1.544874806951440e-02	1.279808e-08
1.545874806951440e-02	1.276216e-08
1.546874806951440e-02	1.271898e-08
1.547874806951440e-02	1.268358e-08
1.548874806951440e-02	1.264091e-08
1.549874806951440e-02	1.260603e-08
1.550874806951440e-02	1.256387e-08
1.551874806951440e-02	1.252948e-08
1.552874806951440e-02	1.248784e-08
1.553874806951440e-02	1.245393e-08
1.554874806951440e-02	1.241277e-08
1.555874806951440e-02	1.237935e-08
1.556874806951440e-02	1.233867e-08
1.557874806951440e-02	1.230571e-08
1.558874806951440e-02	1.226551e-08
1.559874806951440e-02	1.223303e-08
1.560874806951440e-02	1.219329e-08
1.561874806951440e-02	1.216125e-08
1.562874806951440e-02	1.212198e-08
1.563874806951440e-02	1.209037e-08
1.564874806951440e-02	1.205154e-08
1.565874806951440e-02	1.202038e-08
1.566874806951440e-02	1.198199e-08
1.567874806951440e-02	1.195125e-08
1.568874806951440e-02	1.191329e-08
1.569874806951440e-02	1.188297e-08
1.570874806951440e-02	1.184544e-08
1.571874806951440e-02	1.181554e-08
1.572874806951440e-02	1.177842e-08
1.573874806951440e-02	1.174891e-08
1.574874806951440e-02	1.171220e-08
1.575874806951440e-02	1.168310e-08
1.576874806951440e-02	1.164680e-08
1.577874806951440e-02	1.161808e-08
1.578874806951440e-02	1.158217e-08
1.579874806951440e-02	1.155382e-08
1.580874806951440e-02	1.151830e-08
1.581874806951440e-02	1.149035e-08
1.582874806951440e-02	1.145521e-08
1.583874806951440e-02	1.142761e-08
1.584874806951440e-02	1.139285e-08
1.585874806951440e-02	1.136562e-08
1.586874806951440e-02	1.133123e-08
1.587874806951440e-02	1.130435e-08
1.588874806951440e-02	1.127033e-08
1.589874806951440e-02	1.124379e-08
1.590874806951440e-02	1.121012e-08
1.591874806951440e-02	1.118394e-08
1.592874806951440e-02	1.115062e-08
1.593874806951440e-02	1.112477e-08
1.594874806951440e-02	1.109180e-08
1.595874806951440e-02	1.106629e-08
1.596874806951440e-02	1.103365e-08
1.597874806951440e-02	1.100846e-08
1.598874806951440e-02	1.097616e-08
1.599874806951440e-02	1.095129e-08
1.600874806951440e-02	1.091933e-08
1.601874806951440e-02	1.089478e-08
1.602874806951440e-02	1.086313e-08
1.603874806951440e-02	1.083889e-08
1.604874806951440e-02	1.080755e-08
1.605874806951440e-02	1.078363e-08
1.606874806951440e-02	1.075261e-08
1.607874806951440e-02	1.072897e-08
1.608874806951440e-02	1.069827e-08
1.609874806951440e-02	1.067493e-08
1.610874806951440e-02	1.064452e-08
1.611874806951440e-02	1.062148e-08
1.612874806951440e-02	1.059137e-08
1.613874806951440e-02	1.056861e-08
1.614874806951440e-02	1.053879e-08
1.615874806951440e-02	1.051632e-08
1.616874806951440e-02	1.048680e-08
1.617874806951440e-02	1.046459e-08
1.618874806951440e-02	1.043535e-08
1.619874806951440e-02	1.041343e-08
1.620874806951440e-02	1.038446e-08
1.621874806951440e-02	1.036280e-08
1.622874806951440e-02	1.033412e-08
1.623874806951440e-02	1.031273e-08
1.624874806951440e-02	1.028431e-08
1.625874806951440e-02	1.026317e-08
1.626874806951440e-02	1.023503e-08
1.627874806951440e-02	1.021416e-08
1.628874806951440e-02	1.018627e-08
1.629874806951440e-02	1.016565e-08
1.630874806951440e-02	1.013802e-08
1.631874806951440e-02	1.011764e-08
1.632874806951440e-02	1.009028e-08
1.633874806951440e-02	1.007015e-08
1.634874806951440e-02	1.004303e-08
1.635874806951440e-02	1.002314e-08
1.636874806951440e-02	9.996273e-09
1.637874806951440e-02	9.976614e-09
1.638874806951440e-02	9.949986e-09
1.639874806951440e-02	9.930573e-09
1.640874806951440e-02	9.904196e-09
1.641874806951440e-02	9.885001e-09
1.642874806951440e-02	9.858854e-09
1.643874806951440e-02	9.839892e-09
1.644874806951440e-02	9.813985e-09
1.645874806951440e-02	9.795230e-09
1.646874806951440e-02	9.769558e-09
1.647874806951440e-02	9.751034e-09
1.648874806951440e-02	9.725582e-09
1.649874806951440e-02	9.707279e-09
1.650874806951440e-02	9.682043e-09
1.651874806951440e-02	9.663952e-09
1.652874806951440e-02	9.638947e-09
1.653874806951440e-02	9.621056e-09
1.654874806951440e-02	9.596273e-09
1.655874806951440e-02	9.578591e-09
1.656874806951440e-02	9.554022e-09
1.657874806951440e-02	9.536542e-09
1.658874806951440e-02	9.512187e-09
1.659874806951440e-02	9.494905e-09
1.660874806951440e-02	9.470758e-09
1.661874806951440e-02	9.453676e-09
1.662874806951440e-02	9.429727e-09
1.663874806951440e-02	9.412850e-09
1.664874806951440e-02	9.389100e-09
1.665874806951440e-02	9.372404e-09
1.666874806951440e-02	9.348864e-09
1.667874806951440e-02	9.332367e-09
1.668874806951440e-02	9.309023e-09
1.669874806951440e-02	9.292702e-09
1.670874806951440e-02	9.269549e-09
1.671874806951440e-02	9.253415e-09
1.672874806951440e-02	9.230462e-09
1.673874806951440e-02	9.214506e-09
1.674874806951440e-02	9.191734e-09
1.675874806951440e-02	9.175962e-09
1.676874806951440e-02	9.153382e-09
1.677874806951440e-02	9.137786e-09
1.678874806951440e-02	9.115379e-09
1.679874806951440e-02	9.099962e-09
1.680874806951440e-02	9.077738e-09
1.681874806951440e-02	9.062489e-09
1.682874806951440e-02	9.040454e-09
1.683874806951440e-02	9.025368e-09
1.684874806951440e-02	9.003505e-09
1.685874806951440e-02	8.988595e-09
1.686874806951440e-02	8.966897e-09
1.687874806951440e-02	8.952140e-09
1.688874806951440e-02	8.930627e-09
1.689874806951440e-02	8.916041e-09
1.690874806951440e-02	8.894692e-09
1.691874806951440e-02	8.880265e-09
1.692874806951440e-02	8.859083e-09
1.693874806951440e-02	8.844820e-09
1.694874806951440e-02	8.823796e-09
1.695874806951440e-02	8.809685e-09
1.696874806951440e-02	8.788826e-09
1.697874806951440e-02	8.774869e-09
1.698874806951440e-02	8.754180e-09
1.699874806951440e-02	8.740359e-09
1.700874806951440e-02	8.719832e-09
1.701874806951440e-02	8.706174e-09
1.702874806951440e-02	8.685789e-09
1.703874806951440e-02	8.672275e-09
1.704874806951440e-02	8.652059e-09
1.705874806951440e-02	8.638685e-09
1.706874806951440e-02	8.618626e-09
1.707874806951440e-02	8.605389e-09
1.708874806951440e-02	8.585475e-09
1.709874806951440e-02	8.572380e-09
1.710874806951440e-02	8.552620e-09
1.711874806951440e-02	8.539669e-09
1.712874806951440e-02	8.520049e-09
1.713874806951440e-02	8.507244e-09
1.714874806951440e-02	8.487773e-09
1.715874806951440e-02	8.475093e-09
1.716874806951440e-02	8.455764e-09
1.717874806951440e-02	8.443221e-09
1.718874806951440e-02	8.424036e-09
1.719874806951440e-02	8.411616e-09
1.720874806951440e-02	8.392567e-09
1.721874806951440e-02	8.380296e-09
1.722874806951440e-02	8.361384e-09
1.723874806951440e-02	8.349234e-09
1.724874806951440e-02	8.330455e-09
1.725874806951440e-02	8.318428e-09
1.726874806951440e-02	8.299796e-09
1.727874806951440e-02	8.287892e-09
1.728874806951440e-02	8.269378e-09
1.729874806951440e-02	8.257605e-09
1.730874806951440e-02	8.239239e-09
1.731874806951440e-02	8.227581e-09
1.732874806951440e-02	8.209336e-09
1.733874806951440e-02	8.197803e-09
1.734874806951440e-02	8.179692e-09
1.735874806951440e-02	8.168271e-09
1.736874806951440e-02	8.150285e-09
1.737874806951440e-02	8.138988e-09
1.738874806951440e-02	8.121120e-09
1.739874806951440e-02	8.109938e-09
1.740874806951440e-02	8.092202e-09
1.741874806951440e-02	8.081130e-09
1.742874806951440e-02	8.063514e-09
1.743874806951440e-02	8.052550e-09
1.744874806951440e-02	8.035060e-09
1.745874806951440e-02	8.024223e-09
1.746874806951440e-02	8.006839e-09
1.747874806951440e-02	7.996104e-09
1.748874806951440e-02	7.978848e-09
1.749874806951440e-02	7.968218e-09
1.750874806951440e-02	7.951080e-09
1.751874806951440e-02	7.940563e-09
1.752874806951440e-02	7.923541e-09
1.753874806951440e-02	7.913125e-09
1.754874806951440e-02	7.896218e-09
1.755874806951440e-02	7.885909e-09
1.756874806951440e-02	7.869110e-09
1.757874806951440e-02	7.858896e-09
1.758874806951440e-02	7.842209e-09
1.759874806951440e-02	7.832113e-09
1.760874806951440e-02	7.815531e-09
1.761874806951440e-02	7.805530e-09
1.762874806951440e-02	7.789066e-09
1.763874806951440e-02	7.779163e-09
1.764874806951440e-02	7.762806e-09
1.765874806951440e-02	7.752992e-09
1.766874806951440e-02	7.736740e-09
1.767874806951440e-02	7.727028e-09
1.768874806951440e-02	7.710876e-09
1.769874806951440e-02	7.701267e-09
1.770874806951440e-02	7.685231e-09
1.771874806951440e-02	7.675708e-09
1.772874806951440e-02	7.659772e-09
1.773874806951440e-02	7.650340e-09
1.774874806951440e-02	7.634503e-09
1.775874806951440e-02	7.625173e-09
1.776874806951440e-02	7.609436e-09
1.777874806951440e-02	7.600192e-09
1.778874806951440e-02	7.584556e-09
1.779874806951440e-02	7.575404e-09
1.780874806951440e-02	7.559867e-09
1.781874806951440e-02	7.550795e-09
1.782874806951440e-02	7.535359e-09
1.783874806951440e-02	7.526375e-09
1.784874806951440e-02	7.511039e-09
1.785874806951440e-02	7.502150e-09
1.786874806951440e-02	7.486896e-09
1.787874806951440e-02	7.478096e-09
1.788874806951440e-02	7.462948e-09
1.789874806951440e-02	7.454233e-09
1.790874806951440e-02	7.439169e-09
1.791874806951440e-02	7.430534e-09
1.792874806951440e-02	7.415561e-09
1.793874806951440e-02	7.407006e-09
1.794874806951440e-02	7.392131e-09
1.795874806951440e-02	7.383655e-09
1.796874806951440e-02	7.368874e-09
1.797874806951440e-02	7.360485e-09
1.798874806951440e-02	7.345787e-09
1.799874806951440e-02	7.337474e-09
1.800874806951440e-02	7.322868e-09
1.801874806951440e-02	7.314638e-09
1.802874806951440e-02	7.300113e-09
1.803874806951440e-02	7.291958e-09
1.804874806951440e-02	7.277523e-09
1.805874806951440e-02	7.269446e-09
1.806874806951440e-02	7.255102e-09
1.807874806951440e-02	7.247112e-09
1.808874806951440e-02	7.232838e-09
1.809874806951440e-02	7.224919e-09
1.810874806951440e-02	7.210734e-09
1.811874806951440e-02	7.202890e-09
1.812874806951440e-02	7.188792e-09
1.813874806951440e-02	7.181010e-09
1.814874806951440e-02	7.166998e-09
1.815874806951440e-02	7.159301e-09
1.816874806951440e-02	7.145368e-09
1.817874806951440e-02	7.137730e-09
1.818874806951440e-02	7.123877e-09
1.819874806951440e-02	7.116324e-09
1.820874806951440e-02	7.102537e-09
1.821874806951440e-02	7.095061e-09
1.822874806951440e-02	7.081361e-09
1.823874806951440e-02	7.073940e-09
1.824874806951440e-02	7.060329e-09
1.825874806951440e-02	7.052982e-09
1.826874806951440e-02	7.039446e-09
1.827874806951440e-02	7.032158e-09
1.828874806951440e-02	7.018694e-09
1.829874806951440e-02	7.011479e-09
1.830874806951440e-02	6.998087e-09
1.831874806951440e-02	6.990939e-09
1.832874806951440e-02	6.977633e-09
1.833874806951440e-02	6.970553e-09
1.834874806951440e-02	6.957310e-09
1.835874806951440e-02	6.950300e-09
1.836874806951440e-02	6.937129e-09
1.837874806951440e-02	6.930183e-09
1.838874806951440e-02	6.917083e-09
1.839874806951440e-02	6.910197e-09
1.840874806951440e-02	6.897174e-09
1.841874806951440e-02	6.890351e-09
1.842874806951440e-02	6.877401e-09
1.843874806951440e-02	6.870644e-09
1.844874806951440e-02	6.857765e-09
1.845874806951440e-02	6.851065e-09
1.846874806951440e-02	6.838261e-09
1.847874806951440e-02	6.831618e-09
1.848874806951440e-02	6.818880e-09
1.849874806951440e-02	6.812296e-09
1.850874806951440e-02	6.799619e-09
1.851874806951440e-02	6.793101e-09
1.852874806951440e-02	6.780502e-09
1.853874806951440e-02	6.774050e-09
1.854874806951440e-02	6.761499e-09
1.855874806951440e-02	6.755108e-09
1.856874806951440e-02	6.742631e-09
1.857874806951440e-02	6.736285e-09
1.858874806951440e-02	6.723891e-09
1.859874806951440e-02	6.717606e-09
1.860874806951440e-02	6.705263e-09
1.861874806951440e-02	6.699033e-09
1.862874806951440e-02	6.686762e-09
1.863874806951440e-02	6.680595e-09
1.864874806951440e-02	6.668377e-09
1.865874806951440e-02	6.662257e-09
1.866874806951440e-02	6.650113e-09
1.867874806951440e-02	6.644052e-09
1.868874806951440e-02	6.631971e-09
1.869874806951440e-02	6.625953e-09
1.870874806951440e-02	6.613933e-09
1.871874806951440e-02	6.607987e-09
1.872874806951440e-02	6.596028e-09
1.873874806951440e-02	6.590123e-09
1.874874806951440e-02	6.578227e-09
1.875874806951440e-02	6.572373e-09
1.876874806951440e-02	6.560535e-09
1.877874806951440e-02	6.554736e-09
1.878874806951440e-02	6.542960e-09
1.879874806951440e-02	6.537213e-09
1.880874806951440e-02	6.525500e-09
1.881874806951440e-02	6.519803e-09
1.882874806951440e-02	6.508148e-09
1.883874806951440e-02	6.502503e-09
1.884874806951440e-02	6.490901e-09
1.885874806951440e-02	6.485308e-09
1.886874806951440e-02	6.473761e-09
1.887874806951440e-02	6.468214e-09
1.888874806951440e-02	6.456731e-09
1.889874806951440e-02	6.451229e-09
1.890874806951440e-02	6.439799e-09
1.891874806951440e-02	6.434356e-09
1.892874806951440e-02	6.422985e-09
1.893874806951440e-02	6.417594e-09
1.894874806951440e-02	6.406276e-09
1.895874806951440e-02	6.400920e-09
1.896874806951440e-02	6.389660e-09
1.897874806951440e-02	6.384358e-09
1.898874806951440e-02	6.373150e-09
1.899874806951440e-02	6.367889e-09
1.900874806951440e-02	6.356739e-09
1.901874806951440e-02	6.351524e-09
1.902874806951440e-02	6.340427e-09
1.903874806951440e-02	6.335264e-09
1.904874806951440e-02	6.324220e-09
1.905874806951440e-02	6.319099e-09
1.906874806951440e-02	6.308110e-09
1.907874806951440e-02	6.303024e-09
1.908874806951440e-02	6.292088e-09
1.909874806951440e-02	6.287058e-09
1.910874806951440e-02	6.276164e-09
1.911874806951440e-02	6.271178e-09
1.912874806951440e-02	6.260341e-09
1.913874806951440e-02	6.255398e-09
1.914874806951440e-02	6.244629e-09
1.915874806951440e-02	6.239712e-09
1.916874806951440e-02	6.228981e-09
1.917874806951440e-02	6.224115e-09
1.918874806951440e-02	6.213431e-09
1.919874806951440e-02	6.208619e-09
1.920874806951440e-02	6.197978e-09
1.921874806951440e-02	6.193200e-09
1.922874806951440e-02	6.182621e-09
1.923874806951440e-02	6.177883e-09
1.924874806951440e-02	6.167361e-09
1.925874806951440e-02	6.162666e-09
1.926874806951440e-02	6.152173e-09
1.927874806951440e-02	6.147523e-09
1.928874806951440e-02	6.137091e-09
1.929874806951440e-02	6.132468e-09
1.930874806951440e-02	6.122080e-09
1.931874806951440e-02	6.117504e-09
1.932874806951440e-02	6.107163e-09
1.933874806951440e-02	6.102622e-09
1.934874806951440e-02	6.092338e-09
1.935874806951440e-02	6.087831e-09
1.936874806951440e-02	6.077588e-09
1.937874806951440e-02	6.073131e-09
1.938874806951440e-02	6.062931e-09
1.939874806951440e-02	6.058508e-09
1.940874806951440e-02	6.048351e-09
1.941874806951440e-02	6.043965e-09
1.942874806951440e-02	6.033863e-09
1.943874806951440e-02	6.029511e-09
1.944874806951440e-02	6.019448e-09
1.945874806951440e-02	6.015147e-09
1.946874806951440e-02	6.005128e-09
1.947874806951440e-02	6.000850e-09
1.948874806951440e-02	5.990875e-09
1.949874806951440e-02	5.986641e-09
1.950874806951440e-02	5.976708e-09
1.951874806951440e-02	5.972502e-09
1.952874806951440e-02	5.962621e-09
1.953874806951440e-02	5.958459e-09
1.954874806951440e-02	5.948613e-09
1.955874806951440e-02	5.944486e-09
1.956874806951440e-02	5.934683e-09
1.957874806951440e-02	5.930597e-09
1.958874806951440e-02	5.920831e-09
1.959874806951440e-02	5.916771e-09
1.960874806951440e-02	5.907047e-09
1.961874806951440e-02	5.903037e-09
1.962874806951440e-02	5.893356e-09
1.963874806951440e-02	5.889362e-09
1.964874806951440e-02	5.879731e-09
1.965874806951440e-02	5.875776e-09
1.966874806951440e-02	5.866184e-09
1.967874806951440e-02	5.862263e-09
1.968874806951440e-02	5.852713e-09
1.969874806951440e-02	5.848826e-09
1.970874806951440e-02	5.839315e-09
1.971874806951440e-02	5.835456e-09
1.972874806951440e-02	5.825989e-09
1.973874806951440e-02	5.822155e-09
1.974874806951440e-02	5.812727e-09
1.975874806951440e-02	5.808940e-09
1.976874806951440e-02	5.799544e-09
1.977874806951440e-02	5.795783e-09
1.978874806951440e-02	5.786440e-09
1.979874806951440e-02	5.782715e-09
1.980874806951440e-02	5.773395e-09
1.981874806951440e-02	5.769699e-09
1.982874806951440e-02	5.760428e-09
1.983874806951440e-02	5.756759e-09
1.984874806951440e-02	5.747528e-09
1.985874806951440e-02	5.743886e-09
1.986874806951440e-02	5.734699e-09
1.987874806951440e-02	5.731088e-09
1.988874806951440e-02	5.721927e-09
1.989874806951440e-02	5.718358e-09
1.990874806951440e-02	5.709242e-09
1.991874806951440e-02	5.705694e-09
1.992874806951440e-02	5.696607e-09
1.993874806951440e-02	5.693096e-09
1.994874806951440e-02	5.684050e-09
1.995874806951440e-02	5.680560e-09
1.996874806951440e-02	5.671557e-09
1.997874806951440e-02	5.668095e-09
1.998874806951440e-02	5.659123e-09
1.999874806951440e-02	5.655700e-09
2.000000000000000e-02	5.652173e-09
