time	I(Vcell25)
0.000000000000000e+00	-2.670391e-07
9.999999439624929e-11	-2.669165e-07
1.999999887924986e-10	-2.667768e-07
3.999999775849972e-10	-2.664642e-07
7.999999551699943e-10	-2.656710e-07
1.599999910339989e-09	-2.636212e-07
3.199999820679977e-09	-2.586098e-07
6.399999641359955e-09	-2.479820e-07
1.279999928271991e-08	-2.290388e-07
2.559999856543982e-08	-1.988111e-07
5.119999713087964e-08	-1.521382e-07
9.246836233724925e-08	-9.577064e-08
1.509464896159009e-07	-2.225756e-07
2.056477513197836e-07	-5.216440e-07
2.711089164856950e-07	-8.091675e-07
3.307160233224870e-07	-9.688534e-07
4.499302369960711e-07	-9.865523e-07
4.726459094992694e-07	-9.633681e-07
5.180772545056659e-07	-9.157655e-07
6.089399445184590e-07	-8.254285e-07
7.906653245440450e-07	-6.704051e-07
1.154116084595217e-06	-4.562195e-07
1.732298781783925e-06	-3.069582e-07
2.455606653067474e-06	-2.867386e-07
3.488132917689737e-06	-3.442345e-07
5.266638673671726e-06	-4.659363e-07
8.823650185635705e-06	-6.835221e-07
1.593767320956366e-05	-7.258149e-06
2.593767320956366e-05	-2.202078e-05
3.593767320956366e-05	-3.001857e-05
4.593767320956366e-05	-3.126201e-05
5.593767320956366e-05	-2.749719e-05
6.593767320956366e-05	-2.318863e-05
7.593767320956366e-05	-1.998297e-05
8.593767320956366e-05	-1.708373e-05
9.593767320956366e-05	-1.480817e-05
1.000000009999994e-04	-1.387828e-05
1.000000019999994e-04	-1.387919e-05
1.000000179999994e-04	-1.387834e-05
1.000000499999994e-04	-1.387772e-05
1.000001139999994e-04	-1.387592e-05
1.000002419999994e-04	-1.387434e-05
1.000004979999994e-04	-1.387314e-05
1.000010099999994e-04	-1.387336e-05
1.000020339999994e-04	-1.387455e-05
1.000040819999994e-04	-1.387854e-05
1.000081779999994e-04	-1.388584e-05
1.000163699999994e-04	-1.389479e-05
1.000327539999994e-04	-1.389940e-05
1.000655219999995e-04	-1.389556e-05
1.001310579999995e-04	-1.388302e-05
1.002621299999997e-04	-1.385751e-05
1.005242740000000e-04	-1.380456e-05
1.010485620000006e-04	-1.369980e-05
1.020971380000018e-04	-1.349200e-05
1.041942900000042e-04	-1.308703e-05
1.083885940000089e-04	-1.231500e-05
1.167772020000184e-04	-1.091438e-05
1.267772020000184e-04	-9.468394e-06
1.367772020000184e-04	-9.457826e-05
1.467772020000184e-04	-3.377728e-03
1.523282179888033e-04	-1.472661e-02
1.567376422218519e-04	-2.380607e-02
1.596313782809858e-04	-2.718093e-02
1.627936092688007e-04	-2.979244e-02
1.665372443468691e-04	-3.279001e-02
1.719986193767235e-04	-3.671408e-02
1.819986193767235e-04	-4.391364e-02
1.919986193767235e-04	-5.078867e-02
2.019986193767235e-04	-5.779248e-02
2.119986193767235e-04	-6.456672e-02
2.219986193767235e-04	-7.150836e-02
2.319986193767235e-04	-7.823648e-02
2.419986193767235e-04	-8.514170e-02
2.519986193767235e-04	-9.183796e-02
2.619986193767235e-04	-9.870999e-02
2.719986193767235e-04	-1.053477e-01
2.819986193767235e-04	-1.128713e-01
2.919986193767235e-04	-1.272155e-01
2.975201184064908e-04	-1.444570e-01
3.028670489355589e-04	-1.609657e-01
3.086543750549845e-04	-1.785855e-01
3.186543750549845e-04	-2.044660e-01
3.286543750549845e-04	-2.211956e-01
3.386543750549845e-04	-2.285886e-01
3.486543750549845e-04	-2.358175e-01
3.586543750549845e-04	-2.423095e-01
3.686543750549845e-04	-2.491927e-01
3.786543750549845e-04	-2.554910e-01
3.886543750549845e-04	-2.622442e-01
3.986543750549845e-04	-2.684506e-01
4.086543750549845e-04	-2.751289e-01
4.186543750549845e-04	-2.812775e-01
4.286543750549845e-04	-2.879031e-01
4.386543750549845e-04	-2.940093e-01
4.486543750549845e-04	-3.005931e-01
4.586543750549845e-04	-3.066652e-01
4.686543750549845e-04	-3.132137e-01
4.786543750549845e-04	-3.192566e-01
4.886543750549845e-04	-3.254109e-01
4.986543750549845e-04	-3.266219e-01
5.086543750549845e-04	-3.275712e-01
5.186543750549845e-04	-3.275810e-01
5.286543750549845e-04	-3.281585e-01
5.386543750549845e-04	-3.279824e-01
5.486543750549844e-04	-3.284536e-01
5.586543750549845e-04	-3.282084e-01
5.686543750549845e-04	-3.286332e-01
5.786543750549845e-04	-3.283541e-01
5.886543750549844e-04	-3.287540e-01
5.986543750549845e-04	-3.284557e-01
6.086543750549845e-04	-3.288407e-01
6.186543750549845e-04	-3.285305e-01
6.286543750549844e-04	-3.289057e-01
6.386543750549845e-04	-3.285875e-01
6.486543750549845e-04	-3.289561e-01
6.586543750549845e-04	-3.286322e-01
6.686543750549844e-04	-3.289960e-01
6.786543750549845e-04	-3.286681e-01
6.886543750549845e-04	-3.290283e-01
6.986543750549845e-04	-3.286974e-01
7.086543750549844e-04	-3.290548e-01
7.186543750549845e-04	-3.287216e-01
7.286543750549845e-04	-3.290768e-01
7.386543750549845e-04	-3.287418e-01
7.486543750549844e-04	-3.290953e-01
7.586543750549845e-04	-3.287589e-01
7.686543750549845e-04	-3.291110e-01
7.786543750549845e-04	-3.287734e-01
7.886543750549844e-04	-3.291243e-01
7.986543750549845e-04	-3.287859e-01
8.086543750549845e-04	-3.291358e-01
8.186543750549845e-04	-3.287966e-01
8.286543750549844e-04	-3.291457e-01
8.386543750549844e-04	-3.288060e-01
8.486543750549845e-04	-3.291543e-01
8.586543750549845e-04	-3.288141e-01
8.686543750549844e-04	-3.291619e-01
8.786543750549844e-04	-3.288212e-01
8.886543750549845e-04	-3.291684e-01
8.986543750549845e-04	-3.288274e-01
9.086543750549844e-04	-3.291742e-01
9.186543750549844e-04	-3.288329e-01
9.286543750549845e-04	-3.291793e-01
9.386543750549845e-04	-3.288378e-01
9.486543750549844e-04	-3.291837e-01
9.586543750549844e-04	-3.288420e-01
9.686543750549845e-04	-3.291877e-01
9.786543750549845e-04	-3.288458e-01
9.886543750549845e-04	-3.291912e-01
9.986543750549845e-04	-3.288492e-01
1.000000000000000e-03	-3.291929e-01
1.000000001000000e-03	-3.291846e-01
1.000000017000000e-03	-3.291501e-01
1.000000049000000e-03	-3.291560e-01
1.000000113000000e-03	-3.291174e-01
1.000000241000000e-03	-3.291000e-01
1.000000497000000e-03	-3.290459e-01
1.000001009000000e-03	-3.290337e-01
1.000002033000000e-03	-3.290135e-01
1.000004081000000e-03	-3.290295e-01
1.000008177000000e-03	-3.290136e-01
1.000016369000001e-03	-3.290291e-01
1.000032753000001e-03	-3.290136e-01
1.000065521000002e-03	-3.290289e-01
1.000131057000004e-03	-3.290136e-01
1.000262129000007e-03	-3.290289e-01
1.000524273000015e-03	-3.290136e-01
1.001048561000029e-03	-3.290291e-01
1.002097137000058e-03	-3.290139e-01
1.004194289000116e-03	-3.290296e-01
1.008388593000232e-03	-3.290149e-01
1.016777201000463e-03	-3.290314e-01
1.026777201000463e-03	-3.290175e-01
1.036777201000463e-03	-3.290341e-01
1.046777201000463e-03	-3.290200e-01
1.056777201000463e-03	-3.290365e-01
1.066777201000463e-03	-3.290223e-01
1.076777201000463e-03	-3.290386e-01
1.086777201000463e-03	-3.290243e-01
1.096777201000463e-03	-3.290406e-01
1.106777201000463e-03	-3.290261e-01
1.116777201000463e-03	-3.290423e-01
1.126777201000463e-03	-3.290277e-01
1.136777201000463e-03	-3.290438e-01
1.146777201000463e-03	-3.290292e-01
1.156777201000463e-03	-3.290452e-01
1.166777201000463e-03	-3.290305e-01
1.176777201000463e-03	-3.290464e-01
1.186777201000463e-03	-3.290317e-01
1.196777201000463e-03	-3.290476e-01
1.206777201000463e-03	-3.290327e-01
1.216777201000463e-03	-3.290486e-01
1.226777201000463e-03	-3.290337e-01
1.236777201000463e-03	-3.290495e-01
1.246777201000463e-03	-3.290346e-01
1.256777201000463e-03	-3.290503e-01
1.266777201000463e-03	-3.290353e-01
1.276777201000463e-03	-3.290510e-01
1.286777201000463e-03	-3.290360e-01
1.296777201000463e-03	-3.290517e-01
1.306777201000463e-03	-3.290367e-01
1.316777201000463e-03	-3.290523e-01
1.326777201000463e-03	-3.290372e-01
1.336777201000463e-03	-3.290528e-01
1.346777201000463e-03	-3.290378e-01
1.356777201000463e-03	-3.290533e-01
1.366777201000463e-03	-3.290382e-01
1.376777201000463e-03	-3.290538e-01
1.386777201000463e-03	-3.290386e-01
1.396777201000463e-03	-3.290541e-01
1.406777201000463e-03	-3.290390e-01
1.416777201000463e-03	-3.290545e-01
1.426777201000463e-03	-3.290394e-01
1.436777201000463e-03	-3.290548e-01
1.446777201000463e-03	-3.290397e-01
1.456777201000463e-03	-3.290551e-01
1.466777201000463e-03	-3.290399e-01
1.476777201000463e-03	-3.290554e-01
1.486777201000463e-03	-3.290402e-01
1.496777201000463e-03	-3.290556e-01
1.506777201000463e-03	-3.290404e-01
1.516777201000463e-03	-3.290558e-01
1.526777201000463e-03	-3.290406e-01
1.536777201000463e-03	-3.290560e-01
1.546777201000463e-03	-3.290408e-01
1.556777201000463e-03	-3.290562e-01
1.566777201000463e-03	-3.290410e-01
1.576777201000463e-03	-3.290564e-01
1.586777201000463e-03	-3.290411e-01
1.596777201000463e-03	-3.290565e-01
1.606777201000463e-03	-3.290413e-01
1.616777201000463e-03	-3.290567e-01
1.626777201000463e-03	-3.290414e-01
1.636777201000463e-03	-3.290568e-01
1.646777201000463e-03	-3.290415e-01
1.656777201000463e-03	-3.290569e-01
1.666777201000463e-03	-3.290416e-01
1.676777201000463e-03	-3.290570e-01
1.686777201000463e-03	-3.290417e-01
1.696777201000463e-03	-3.290571e-01
1.706777201000463e-03	-3.290418e-01
1.716777201000463e-03	-3.290572e-01
1.726777201000463e-03	-3.290419e-01
1.736777201000463e-03	-3.290572e-01
1.746777201000463e-03	-3.290419e-01
1.756777201000463e-03	-3.290573e-01
1.766777201000463e-03	-3.290420e-01
1.776777201000463e-03	-3.290573e-01
1.786777201000463e-03	-3.290420e-01
1.796777201000463e-03	-3.290574e-01
1.806777201000463e-03	-3.290421e-01
1.816777201000463e-03	-3.290575e-01
1.826777201000463e-03	-3.290421e-01
1.836777201000463e-03	-3.290575e-01
1.846777201000463e-03	-3.290422e-01
1.856777201000463e-03	-3.290575e-01
1.866777201000463e-03	-3.290422e-01
1.876777201000463e-03	-3.290576e-01
1.886777201000463e-03	-3.290423e-01
1.896777201000463e-03	-3.290576e-01
1.906777201000463e-03	-3.290423e-01
1.916777201000463e-03	-3.290576e-01
1.926777201000463e-03	-3.290423e-01
1.936777201000463e-03	-3.290577e-01
1.946777201000463e-03	-3.290423e-01
1.956777201000463e-03	-3.290577e-01
1.966777201000463e-03	-3.290424e-01
1.976777201000463e-03	-3.290577e-01
1.986777201000463e-03	-3.290424e-01
1.996777201000463e-03	-3.290577e-01
2.006777201000463e-03	-3.290424e-01
2.016777201000463e-03	-3.290577e-01
2.026777201000463e-03	-3.290424e-01
2.036777201000463e-03	-3.290578e-01
2.046777201000463e-03	-3.290424e-01
2.056777201000463e-03	-3.290578e-01
2.066777201000463e-03	-3.290425e-01
2.076777201000463e-03	-3.290578e-01
2.086777201000463e-03	-3.290425e-01
2.096777201000463e-03	-3.290578e-01
2.106777201000463e-03	-3.290425e-01
2.116777201000463e-03	-3.290578e-01
2.126777201000463e-03	-3.290425e-01
2.136777201000463e-03	-3.290578e-01
2.146777201000463e-03	-3.290425e-01
2.156777201000463e-03	-3.290578e-01
2.166777201000463e-03	-3.290425e-01
2.176777201000463e-03	-3.290578e-01
2.186777201000463e-03	-3.290425e-01
2.196777201000463e-03	-3.290578e-01
2.206777201000463e-03	-3.290425e-01
2.216777201000463e-03	-3.290578e-01
2.226777201000463e-03	-3.290425e-01
2.236777201000463e-03	-3.290578e-01
2.246777201000463e-03	-3.290425e-01
2.256777201000463e-03	-3.290578e-01
2.266777201000463e-03	-3.290426e-01
2.276777201000463e-03	-3.290579e-01
2.286777201000463e-03	-3.290426e-01
2.296777201000463e-03	-3.290579e-01
2.306777201000463e-03	-3.290426e-01
2.316777201000463e-03	-3.290579e-01
2.326777201000463e-03	-3.290426e-01
2.336777201000463e-03	-3.290579e-01
2.346777201000463e-03	-3.290426e-01
2.356777201000463e-03	-3.290579e-01
2.366777201000463e-03	-3.290426e-01
2.376777201000463e-03	-3.290579e-01
2.386777201000463e-03	-3.290426e-01
2.396777201000463e-03	-3.290579e-01
2.406777201000463e-03	-3.290426e-01
2.416777201000463e-03	-3.290579e-01
2.426777201000463e-03	-3.290426e-01
2.436777201000463e-03	-3.290579e-01
2.446777201000463e-03	-3.290426e-01
2.456777201000463e-03	-3.290579e-01
2.466777201000463e-03	-3.290426e-01
2.476777201000463e-03	-3.290579e-01
2.486777201000463e-03	-3.290426e-01
2.496777201000463e-03	-3.290579e-01
2.506777201000463e-03	-3.290426e-01
2.516777201000463e-03	-3.290579e-01
2.526777201000463e-03	-3.290426e-01
2.536777201000463e-03	-3.290579e-01
2.546777201000463e-03	-3.290426e-01
2.556777201000463e-03	-3.290579e-01
2.566777201000463e-03	-3.290426e-01
2.576777201000463e-03	-3.290579e-01
2.586777201000463e-03	-3.290426e-01
2.596777201000463e-03	-3.290579e-01
2.606777201000463e-03	-3.290426e-01
2.616777201000463e-03	-3.290579e-01
2.626777201000463e-03	-3.290426e-01
2.636777201000463e-03	-3.290579e-01
2.646777201000463e-03	-3.290426e-01
2.656777201000463e-03	-3.290579e-01
2.666777201000463e-03	-3.290426e-01
2.676777201000463e-03	-3.290579e-01
2.686777201000463e-03	-3.290426e-01
2.696777201000463e-03	-3.290579e-01
2.706777201000463e-03	-3.290426e-01
2.716777201000463e-03	-3.290579e-01
2.726777201000463e-03	-3.290426e-01
2.736777201000463e-03	-3.290579e-01
2.746777201000463e-03	-3.290426e-01
2.756777201000463e-03	-3.290579e-01
2.766777201000463e-03	-3.290426e-01
2.776777201000463e-03	-3.290579e-01
2.786777201000463e-03	-3.290426e-01
2.796777201000463e-03	-3.290579e-01
2.806777201000463e-03	-3.290426e-01
2.816777201000463e-03	-3.290579e-01
2.826777201000463e-03	-3.290426e-01
2.836777201000463e-03	-3.290579e-01
2.846777201000463e-03	-3.290426e-01
2.856777201000463e-03	-3.290579e-01
2.866777201000463e-03	-3.290426e-01
2.876777201000463e-03	-3.290579e-01
2.886777201000463e-03	-3.290426e-01
2.896777201000463e-03	-3.290579e-01
2.906777201000463e-03	-3.290426e-01
2.916777201000463e-03	-3.290579e-01
2.926777201000463e-03	-3.290426e-01
2.936777201000463e-03	-3.290579e-01
2.946777201000463e-03	-3.290426e-01
2.956777201000463e-03	-3.290579e-01
2.966777201000463e-03	-3.290426e-01
2.976777201000463e-03	-3.290579e-01
2.986777201000463e-03	-3.290426e-01
2.996777201000463e-03	-3.290579e-01
3.006777201000463e-03	-3.290426e-01
3.016777201000463e-03	-3.290579e-01
3.026777201000463e-03	-3.290426e-01
3.036777201000463e-03	-3.290579e-01
3.046777201000463e-03	-3.290426e-01
3.056777201000463e-03	-3.290579e-01
3.066777201000463e-03	-3.290426e-01
3.076777201000463e-03	-3.290579e-01
3.086777201000463e-03	-3.290426e-01
3.096777201000463e-03	-3.290579e-01
3.106777201000463e-03	-3.290426e-01
3.116777201000463e-03	-3.290579e-01
3.126777201000463e-03	-3.290426e-01
3.136777201000463e-03	-3.290579e-01
3.146777201000463e-03	-3.290426e-01
3.156777201000463e-03	-3.290579e-01
3.166777201000463e-03	-3.290426e-01
3.176777201000463e-03	-3.290579e-01
3.186777201000463e-03	-3.290426e-01
3.196777201000463e-03	-3.290579e-01
3.206777201000463e-03	-3.290426e-01
3.216777201000463e-03	-3.290579e-01
3.226777201000463e-03	-3.290426e-01
3.236777201000463e-03	-3.290579e-01
3.246777201000463e-03	-3.290426e-01
3.256777201000463e-03	-3.290579e-01
3.266777201000463e-03	-3.290426e-01
3.276777201000463e-03	-3.290579e-01
3.286777201000463e-03	-3.290426e-01
3.296777201000463e-03	-3.290579e-01
3.306777201000463e-03	-3.290426e-01
3.316777201000463e-03	-3.290579e-01
3.326777201000463e-03	-3.290426e-01
3.336777201000463e-03	-3.290579e-01
3.346777201000463e-03	-3.290426e-01
3.356777201000463e-03	-3.290579e-01
3.366777201000463e-03	-3.290426e-01
3.376777201000463e-03	-3.290579e-01
3.386777201000463e-03	-3.290426e-01
3.396777201000463e-03	-3.290579e-01
3.406777201000463e-03	-3.290426e-01
3.416777201000463e-03	-3.290579e-01
3.426777201000463e-03	-3.290426e-01
3.436777201000463e-03	-3.290579e-01
3.446777201000463e-03	-3.290426e-01
3.456777201000463e-03	-3.290579e-01
3.466777201000463e-03	-3.290426e-01
3.476777201000463e-03	-3.290579e-01
3.486777201000463e-03	-3.290426e-01
3.496777201000463e-03	-3.290579e-01
3.506777201000463e-03	-3.290426e-01
3.516777201000463e-03	-3.290579e-01
3.526777201000463e-03	-3.290426e-01
3.536777201000463e-03	-3.290579e-01
3.546777201000463e-03	-3.290426e-01
3.556777201000463e-03	-3.290579e-01
3.566777201000463e-03	-3.290426e-01
3.576777201000463e-03	-3.290579e-01
3.586777201000463e-03	-3.290426e-01
3.596777201000463e-03	-3.290579e-01
3.606777201000463e-03	-3.290426e-01
3.616777201000463e-03	-3.290579e-01
3.626777201000463e-03	-3.290426e-01
3.636777201000463e-03	-3.290579e-01
3.646777201000463e-03	-3.290426e-01
3.656777201000463e-03	-3.290579e-01
3.666777201000463e-03	-3.290426e-01
3.676777201000463e-03	-3.290579e-01
3.686777201000463e-03	-3.290426e-01
3.696777201000463e-03	-3.290579e-01
3.706777201000463e-03	-3.290426e-01
3.716777201000463e-03	-3.290579e-01
3.726777201000463e-03	-3.290426e-01
3.736777201000463e-03	-3.290579e-01
3.746777201000463e-03	-3.290426e-01
3.756777201000463e-03	-3.290579e-01
3.766777201000463e-03	-3.290426e-01
3.776777201000463e-03	-3.290579e-01
3.786777201000463e-03	-3.290426e-01
3.796777201000463e-03	-3.290579e-01
3.806777201000463e-03	-3.290426e-01
3.816777201000463e-03	-3.290579e-01
3.826777201000463e-03	-3.290426e-01
3.836777201000463e-03	-3.290579e-01
3.846777201000463e-03	-3.290426e-01
3.856777201000463e-03	-3.290579e-01
3.866777201000463e-03	-3.290426e-01
3.876777201000463e-03	-3.290579e-01
3.886777201000463e-03	-3.290426e-01
3.896777201000463e-03	-3.290579e-01
3.906777201000463e-03	-3.290426e-01
3.916777201000463e-03	-3.290579e-01
3.926777201000463e-03	-3.290426e-01
3.936777201000463e-03	-3.290579e-01
3.946777201000463e-03	-3.290426e-01
3.956777201000463e-03	-3.290579e-01
3.966777201000463e-03	-3.290426e-01
3.976777201000463e-03	-3.290579e-01
3.986777201000463e-03	-3.290426e-01
3.996777201000463e-03	-3.290579e-01
4.006777201000463e-03	-3.290426e-01
4.016777201000463e-03	-3.290579e-01
4.026777201000463e-03	-3.290426e-01
4.036777201000463e-03	-3.290579e-01
4.046777201000462e-03	-3.290426e-01
4.056777201000463e-03	-3.290579e-01
4.066777201000463e-03	-3.290426e-01
4.076777201000463e-03	-3.290579e-01
4.086777201000463e-03	-3.290426e-01
4.096777201000463e-03	-3.290579e-01
4.106777201000463e-03	-3.290426e-01
4.116777201000463e-03	-3.290579e-01
4.126777201000463e-03	-3.290426e-01
4.136777201000463e-03	-3.290579e-01
4.146777201000463e-03	-3.290426e-01
4.156777201000463e-03	-3.290579e-01
4.166777201000463e-03	-3.290426e-01
4.176777201000463e-03	-3.290579e-01
4.186777201000463e-03	-3.290426e-01
4.196777201000462e-03	-3.290579e-01
4.206777201000463e-03	-3.290426e-01
4.216777201000462e-03	-3.290579e-01
4.226777201000463e-03	-3.290426e-01
4.236777201000463e-03	-3.290579e-01
4.246777201000463e-03	-3.290426e-01
4.256777201000463e-03	-3.290579e-01
4.266777201000463e-03	-3.290426e-01
4.276777201000463e-03	-3.290579e-01
4.286777201000463e-03	-3.290426e-01
4.296777201000463e-03	-3.290579e-01
4.306777201000463e-03	-3.290426e-01
4.316777201000463e-03	-3.290579e-01
4.326777201000463e-03	-3.290426e-01
4.336777201000463e-03	-3.290579e-01
4.346777201000463e-03	-3.290426e-01
4.356777201000463e-03	-3.290579e-01
4.366777201000462e-03	-3.290426e-01
4.376777201000463e-03	-3.290579e-01
4.386777201000462e-03	-3.290426e-01
4.396777201000463e-03	-3.290579e-01
4.406777201000463e-03	-3.290426e-01
4.416777201000463e-03	-3.290579e-01
4.426777201000463e-03	-3.290426e-01
4.436777201000463e-03	-3.290579e-01
4.446777201000463e-03	-3.290426e-01
4.456777201000463e-03	-3.290579e-01
4.466777201000463e-03	-3.290426e-01
4.476777201000463e-03	-3.290579e-01
4.486777201000463e-03	-3.290426e-01
4.496777201000463e-03	-3.290579e-01
4.506777201000463e-03	-3.290426e-01
4.516777201000462e-03	-3.290579e-01
4.526777201000463e-03	-3.290426e-01
4.536777201000462e-03	-3.290579e-01
4.546777201000463e-03	-3.290426e-01
4.556777201000463e-03	-3.290579e-01
4.566777201000463e-03	-3.290426e-01
4.576777201000463e-03	-3.290579e-01
4.586777201000463e-03	-3.290426e-01
4.596777201000463e-03	-3.290579e-01
4.606777201000463e-03	-3.290426e-01
4.616777201000463e-03	-3.290579e-01
4.626777201000463e-03	-3.290426e-01
4.636777201000463e-03	-3.290579e-01
4.646777201000463e-03	-3.290426e-01
4.656777201000463e-03	-3.290579e-01
4.666777201000463e-03	-3.290426e-01
4.676777201000463e-03	-3.290579e-01
4.686777201000462e-03	-3.290426e-01
4.696777201000463e-03	-3.290579e-01
4.706777201000462e-03	-3.290426e-01
4.716777201000463e-03	-3.290579e-01
4.726777201000463e-03	-3.290426e-01
4.736777201000463e-03	-3.290579e-01
4.746777201000463e-03	-3.290426e-01
4.756777201000463e-03	-3.290579e-01
4.766777201000463e-03	-3.290426e-01
4.776777201000463e-03	-3.290579e-01
4.786777201000463e-03	-3.290426e-01
4.796777201000463e-03	-3.290579e-01
4.806777201000463e-03	-3.290426e-01
4.816777201000463e-03	-3.290579e-01
4.826777201000463e-03	-3.290426e-01
4.836777201000462e-03	-3.290579e-01
4.846777201000463e-03	-3.290426e-01
4.856777201000462e-03	-3.290579e-01
4.866777201000463e-03	-3.290426e-01
4.876777201000462e-03	-3.290579e-01
4.886777201000463e-03	-3.290426e-01
4.896777201000463e-03	-3.290579e-01
4.906777201000463e-03	-3.290426e-01
4.916777201000463e-03	-3.290579e-01
4.926777201000463e-03	-3.290426e-01
4.936777201000463e-03	-3.290579e-01
4.946777201000463e-03	-3.290426e-01
4.956777201000463e-03	-3.290579e-01
4.966777201000463e-03	-3.290426e-01
4.976777201000463e-03	-3.290579e-01
4.986777201000463e-03	-3.290426e-01
4.996777201000463e-03	-3.290579e-01
5.006777201000462e-03	-3.290426e-01
5.016777201000463e-03	-3.290579e-01
5.026777201000462e-03	-3.290426e-01
5.036777201000463e-03	-3.290579e-01
5.046777201000462e-03	-3.290426e-01
5.056777201000463e-03	-3.290579e-01
5.066777201000463e-03	-3.290426e-01
5.076777201000463e-03	-3.290579e-01
5.086777201000463e-03	-3.290426e-01
5.096777201000463e-03	-3.290579e-01
5.106777201000463e-03	-3.290426e-01
5.116777201000463e-03	-3.290579e-01
5.126777201000463e-03	-3.290426e-01
5.136777201000463e-03	-3.290579e-01
5.146777201000463e-03	-3.290426e-01
5.156777201000462e-03	-3.290579e-01
5.166777201000463e-03	-3.290426e-01
5.176777201000462e-03	-3.290579e-01
5.186777201000463e-03	-3.290426e-01
5.196777201000462e-03	-3.290579e-01
5.206777201000463e-03	-3.290426e-01
5.216777201000463e-03	-3.290579e-01
5.226777201000463e-03	-3.290426e-01
5.236777201000463e-03	-3.290579e-01
5.246777201000463e-03	-3.290426e-01
5.256777201000463e-03	-3.290579e-01
5.266777201000463e-03	-3.290426e-01
5.276777201000463e-03	-3.290579e-01
5.286777201000463e-03	-3.290426e-01
5.296777201000463e-03	-3.290579e-01
5.306777201000463e-03	-3.290426e-01
5.316777201000463e-03	-3.290579e-01
5.326777201000462e-03	-3.290426e-01
5.336777201000463e-03	-3.290579e-01
5.346777201000462e-03	-3.290426e-01
5.356777201000463e-03	-3.290579e-01
5.366777201000462e-03	-3.290426e-01
5.376777201000463e-03	-3.290579e-01
5.386777201000463e-03	-3.290426e-01
5.396777201000463e-03	-3.290579e-01
5.406777201000463e-03	-3.290426e-01
5.416777201000463e-03	-3.290579e-01
5.426777201000463e-03	-3.290426e-01
5.436777201000463e-03	-3.290579e-01
5.446777201000463e-03	-3.290426e-01
5.456777201000463e-03	-3.290579e-01
5.466777201000463e-03	-3.290426e-01
5.476777201000462e-03	-3.290579e-01
5.486777201000463e-03	-3.290426e-01
5.496777201000462e-03	-3.290579e-01
5.506777201000463e-03	-3.290426e-01
5.516777201000462e-03	-3.290579e-01
5.526777201000463e-03	-3.290426e-01
5.536777201000462e-03	-3.290579e-01
5.546777201000463e-03	-3.290426e-01
5.556777201000463e-03	-3.290579e-01
5.566777201000463e-03	-3.290426e-01
5.576777201000463e-03	-3.290579e-01
5.586777201000463e-03	-3.290426e-01
5.596777201000463e-03	-3.290579e-01
5.606777201000463e-03	-3.290426e-01
5.616777201000463e-03	-3.290579e-01
5.626777201000463e-03	-3.290426e-01
5.636777201000463e-03	-3.290579e-01
5.646777201000462e-03	-3.290426e-01
5.656777201000463e-03	-3.290579e-01
5.666777201000462e-03	-3.290426e-01
5.676777201000463e-03	-3.290579e-01
5.686777201000462e-03	-3.290426e-01
5.696777201000463e-03	-3.290579e-01
5.706777201000462e-03	-3.290426e-01
5.716777201000463e-03	-3.290579e-01
5.726777201000463e-03	-3.290426e-01
5.736777201000463e-03	-3.290579e-01
5.746777201000463e-03	-3.290426e-01
5.756777201000463e-03	-3.290579e-01
5.766777201000463e-03	-3.290426e-01
5.776777201000463e-03	-3.290579e-01
5.786777201000463e-03	-3.290426e-01
5.796777201000462e-03	-3.290579e-01
5.806777201000463e-03	-3.290426e-01
5.816777201000462e-03	-3.290579e-01
5.826777201000463e-03	-3.290426e-01
5.836777201000462e-03	-3.290579e-01
5.846777201000463e-03	-3.290426e-01
5.856777201000462e-03	-3.290579e-01
5.866777201000463e-03	-3.290426e-01
5.876777201000462e-03	-3.290579e-01
5.886777201000463e-03	-3.290426e-01
5.896777201000463e-03	-3.290579e-01
5.906777201000463e-03	-3.290426e-01
5.916777201000463e-03	-3.290579e-01
5.926777201000463e-03	-3.290426e-01
5.936777201000463e-03	-3.290579e-01
5.946777201000463e-03	-3.290426e-01
5.956777201000463e-03	-3.290579e-01
5.966777201000462e-03	-3.290426e-01
5.976777201000463e-03	-3.290579e-01
5.986777201000462e-03	-3.290426e-01
5.996777201000463e-03	-3.290579e-01
6.006777201000462e-03	-3.290426e-01
6.016777201000463e-03	-3.290579e-01
6.026777201000462e-03	-3.290426e-01
6.036777201000463e-03	-3.290579e-01
6.046777201000463e-03	-3.290426e-01
6.056777201000463e-03	-3.290579e-01
6.066777201000463e-03	-3.290426e-01
6.076777201000463e-03	-3.290579e-01
6.086777201000463e-03	-3.290426e-01
6.096777201000463e-03	-3.290579e-01
6.106777201000463e-03	-3.290426e-01
6.116777201000462e-03	-3.290579e-01
6.126777201000463e-03	-3.290426e-01
6.136777201000462e-03	-3.290579e-01
6.146777201000463e-03	-3.290426e-01
6.156777201000462e-03	-3.290579e-01
6.166777201000463e-03	-3.290426e-01
6.176777201000462e-03	-3.290579e-01
6.186777201000463e-03	-3.290426e-01
6.196777201000462e-03	-3.290579e-01
6.206777201000463e-03	-3.290426e-01
6.216777201000463e-03	-3.290579e-01
6.226777201000463e-03	-3.290426e-01
6.236777201000463e-03	-3.290579e-01
6.246777201000463e-03	-3.290426e-01
6.256777201000463e-03	-3.290579e-01
6.266777201000463e-03	-3.290426e-01
6.276777201000463e-03	-3.290579e-01
6.286777201000462e-03	-3.290426e-01
6.296777201000463e-03	-3.290579e-01
6.306777201000462e-03	-3.290426e-01
6.316777201000463e-03	-3.290579e-01
6.326777201000462e-03	-3.290426e-01
6.336777201000463e-03	-3.290579e-01
6.346777201000462e-03	-3.290426e-01
6.356777201000463e-03	-3.290579e-01
6.366777201000462e-03	-3.290426e-01
6.376777201000463e-03	-3.290579e-01
6.386777201000463e-03	-3.290426e-01
6.396777201000463e-03	-3.290579e-01
6.406777201000463e-03	-3.290426e-01
6.416777201000463e-03	-3.290579e-01
6.426777201000463e-03	-3.290426e-01
6.436777201000462e-03	-3.290579e-01
6.446777201000463e-03	-3.290426e-01
6.456777201000462e-03	-3.290579e-01
6.466777201000463e-03	-3.290426e-01
6.476777201000462e-03	-3.290579e-01
6.486777201000463e-03	-3.290426e-01
6.496777201000462e-03	-3.290579e-01
6.506777201000463e-03	-3.290426e-01
6.516777201000462e-03	-3.290579e-01
6.526777201000463e-03	-3.290426e-01
6.536777201000462e-03	-3.290579e-01
6.546777201000463e-03	-3.290426e-01
6.556777201000463e-03	-3.290579e-01
6.566777201000463e-03	-3.290426e-01
6.576777201000463e-03	-3.290579e-01
6.586777201000463e-03	-3.290426e-01
6.596777201000463e-03	-3.290579e-01
6.606777201000462e-03	-3.290426e-01
6.616777201000463e-03	-3.290579e-01
6.626777201000462e-03	-3.290426e-01
6.636777201000463e-03	-3.290579e-01
6.646777201000462e-03	-3.290426e-01
6.656777201000463e-03	-3.290579e-01
6.666777201000462e-03	-3.290426e-01
6.676777201000463e-03	-3.290579e-01
6.686777201000462e-03	-3.290426e-01
6.696777201000463e-03	-3.290579e-01
6.706777201000463e-03	-3.290426e-01
6.716777201000463e-03	-3.290579e-01
6.726777201000463e-03	-3.290426e-01
6.736777201000463e-03	-3.290579e-01
6.746777201000463e-03	-3.290426e-01
6.756777201000462e-03	-3.290579e-01
6.766777201000463e-03	-3.290426e-01
6.776777201000462e-03	-3.290579e-01
6.786777201000463e-03	-3.290426e-01
6.796777201000462e-03	-3.290579e-01
6.806777201000463e-03	-3.290426e-01
6.816777201000462e-03	-3.290579e-01
6.826777201000463e-03	-3.290426e-01
6.836777201000462e-03	-3.290579e-01
6.846777201000463e-03	-3.290426e-01
6.856777201000462e-03	-3.290579e-01
6.866777201000463e-03	-3.290426e-01
6.876777201000463e-03	-3.290579e-01
6.886777201000463e-03	-3.290426e-01
6.896777201000463e-03	-3.290579e-01
6.906777201000463e-03	-3.290426e-01
6.916777201000463e-03	-3.290579e-01
6.926777201000462e-03	-3.290426e-01
6.936777201000463e-03	-3.290579e-01
6.946777201000462e-03	-3.290426e-01
6.956777201000463e-03	-3.290579e-01
6.966777201000462e-03	-3.290426e-01
6.976777201000463e-03	-3.290579e-01
6.986777201000462e-03	-3.290426e-01
6.996777201000463e-03	-3.290579e-01
7.006777201000462e-03	-3.290426e-01
7.016777201000463e-03	-3.290579e-01
7.026777201000462e-03	-3.290426e-01
7.036777201000463e-03	-3.290579e-01
7.046777201000463e-03	-3.290426e-01
7.056777201000463e-03	-3.290579e-01
7.066777201000463e-03	-3.290426e-01
7.076777201000462e-03	-3.290579e-01
7.086777201000463e-03	-3.290426e-01
7.096777201000462e-03	-3.290579e-01
7.106777201000463e-03	-3.290426e-01
7.116777201000462e-03	-3.290579e-01
7.126777201000463e-03	-3.290426e-01
7.136777201000462e-03	-3.290579e-01
7.146777201000463e-03	-3.290426e-01
7.156777201000462e-03	-3.290579e-01
7.166777201000463e-03	-3.290426e-01
7.176777201000462e-03	-3.290579e-01
7.186777201000463e-03	-3.290426e-01
7.196777201000462e-03	-3.290579e-01
7.206777201000463e-03	-3.290426e-01
7.216777201000463e-03	-3.290579e-01
7.226777201000463e-03	-3.290426e-01
7.236777201000463e-03	-3.290579e-01
7.246777201000462e-03	-3.290426e-01
7.256777201000463e-03	-3.290579e-01
7.266777201000462e-03	-3.290426e-01
7.276777201000463e-03	-3.290579e-01
7.286777201000462e-03	-3.290426e-01
7.296777201000463e-03	-3.290579e-01
7.306777201000462e-03	-3.290426e-01
7.316777201000463e-03	-3.290579e-01
7.326777201000462e-03	-3.290426e-01
7.336777201000463e-03	-3.290579e-01
7.346777201000462e-03	-3.290426e-01
7.356777201000463e-03	-3.290579e-01
7.366777201000463e-03	-3.290426e-01
7.376777201000463e-03	-3.290579e-01
7.386777201000463e-03	-3.290426e-01
7.396777201000462e-03	-3.290579e-01
7.406777201000463e-03	-3.290426e-01
7.416777201000462e-03	-3.290579e-01
7.426777201000463e-03	-3.290426e-01
7.436777201000462e-03	-3.290579e-01
7.446777201000463e-03	-3.290426e-01
7.456777201000462e-03	-3.290579e-01
7.466777201000463e-03	-3.290426e-01
7.476777201000462e-03	-3.290579e-01
7.486777201000463e-03	-3.290426e-01
7.496777201000462e-03	-3.290579e-01
7.506777201000463e-03	-3.290426e-01
7.516777201000462e-03	-3.290579e-01
7.526777201000463e-03	-3.290426e-01
7.536777201000463e-03	-3.290579e-01
7.546777201000463e-03	-3.290426e-01
7.556777201000463e-03	-3.290579e-01
7.566777201000462e-03	-3.290426e-01
7.576777201000463e-03	-3.290579e-01
7.586777201000462e-03	-3.290426e-01
7.596777201000463e-03	-3.290579e-01
7.606777201000462e-03	-3.290426e-01
7.616777201000463e-03	-3.290579e-01
7.626777201000462e-03	-3.290426e-01
7.636777201000463e-03	-3.290579e-01
7.646777201000462e-03	-3.290426e-01
7.656777201000463e-03	-3.290579e-01
7.666777201000462e-03	-3.290426e-01
7.676777201000463e-03	-3.290579e-01
7.686777201000462e-03	-3.290426e-01
7.696777201000463e-03	-3.290579e-01
7.706777201000463e-03	-3.290426e-01
7.716777201000462e-03	-3.290579e-01
7.726777201000463e-03	-3.290426e-01
7.736777201000462e-03	-3.290579e-01
7.746777201000463e-03	-3.290426e-01
7.756777201000462e-03	-3.290579e-01
7.766777201000463e-03	-3.290426e-01
7.776777201000462e-03	-3.290579e-01
7.786777201000463e-03	-3.290426e-01
7.796777201000462e-03	-3.290579e-01
7.806777201000463e-03	-3.290426e-01
7.816777201000463e-03	-3.290579e-01
7.826777201000463e-03	-3.290426e-01
7.836777201000462e-03	-3.290579e-01
7.846777201000462e-03	-3.290426e-01
7.856777201000463e-03	-3.290579e-01
7.866777201000463e-03	-3.290426e-01
7.876777201000463e-03	-3.290579e-01
7.886777201000462e-03	-3.290426e-01
7.896777201000462e-03	-3.290579e-01
7.906777201000463e-03	-3.290426e-01
7.916777201000463e-03	-3.290579e-01
7.926777201000462e-03	-3.290426e-01
7.936777201000462e-03	-3.290579e-01
7.946777201000463e-03	-3.290426e-01
7.956777201000463e-03	-3.290579e-01
7.966777201000462e-03	-3.290426e-01
7.976777201000462e-03	-3.290579e-01
7.986777201000463e-03	-3.290426e-01
7.996777201000463e-03	-3.290579e-01
8.006777201000462e-03	-3.290426e-01
8.016777201000462e-03	-3.290579e-01
8.026777201000463e-03	-3.290426e-01
8.036777201000463e-03	-3.290579e-01
8.046777201000463e-03	-3.290426e-01
8.056777201000462e-03	-3.290579e-01
8.066777201000462e-03	-3.290426e-01
8.076777201000463e-03	-3.290579e-01
8.086777201000463e-03	-3.290426e-01
8.096777201000462e-03	-3.290579e-01
8.106777201000462e-03	-3.290426e-01
8.116777201000463e-03	-3.290579e-01
8.126777201000463e-03	-3.290426e-01
8.136777201000462e-03	-3.290579e-01
8.146777201000462e-03	-3.290426e-01
8.156777201000463e-03	-3.290579e-01
8.166777201000463e-03	-3.290426e-01
8.176777201000462e-03	-3.290579e-01
8.186777201000462e-03	-3.290426e-01
8.196777201000462e-03	-3.290579e-01
8.206777201000463e-03	-3.290426e-01
8.216777201000463e-03	-3.290579e-01
8.226777201000462e-03	-3.290426e-01
8.236777201000462e-03	-3.290579e-01
8.246777201000463e-03	-3.290426e-01
8.256777201000463e-03	-3.290579e-01
8.266777201000462e-03	-3.290426e-01
8.276777201000462e-03	-3.290579e-01
8.286777201000463e-03	-3.290426e-01
8.296777201000463e-03	-3.290579e-01
8.306777201000462e-03	-3.290426e-01
8.316777201000462e-03	-3.290579e-01
8.326777201000463e-03	-3.290426e-01
8.336777201000463e-03	-3.290579e-01
8.346777201000462e-03	-3.290426e-01
8.356777201000462e-03	-3.290579e-01
8.366777201000462e-03	-3.290426e-01
8.376777201000463e-03	-3.290579e-01
8.386777201000463e-03	-3.290426e-01
8.396777201000462e-03	-3.290579e-01
8.406777201000462e-03	-3.290426e-01
8.416777201000463e-03	-3.290579e-01
8.426777201000463e-03	-3.290426e-01
8.436777201000462e-03	-3.290579e-01
8.446777201000462e-03	-3.290426e-01
8.456777201000463e-03	-3.290579e-01
8.466777201000463e-03	-3.290426e-01
8.476777201000462e-03	-3.290579e-01
8.486777201000462e-03	-3.290426e-01
8.496777201000463e-03	-3.290579e-01
8.506777201000463e-03	-3.290426e-01
8.516777201000462e-03	-3.290579e-01
8.526777201000462e-03	-3.290426e-01
8.536777201000462e-03	-3.290579e-01
8.546777201000463e-03	-3.290426e-01
8.556777201000463e-03	-3.290579e-01
8.566777201000462e-03	-3.290426e-01
8.576777201000462e-03	-3.290579e-01
8.586777201000463e-03	-3.290426e-01
8.596777201000463e-03	-3.290579e-01
8.606777201000462e-03	-3.290426e-01
8.616777201000462e-03	-3.290579e-01
8.626777201000463e-03	-3.290426e-01
8.636777201000463e-03	-3.290579e-01
8.646777201000462e-03	-3.290426e-01
8.656777201000462e-03	-3.290579e-01
8.666777201000463e-03	-3.290426e-01
8.676777201000463e-03	-3.290579e-01
8.686777201000462e-03	-3.290426e-01
8.696777201000462e-03	-3.290579e-01
8.706777201000462e-03	-3.290426e-01
8.716777201000463e-03	-3.290579e-01
8.726777201000463e-03	-3.290426e-01
8.736777201000462e-03	-3.290579e-01
8.746777201000462e-03	-3.290426e-01
8.756777201000463e-03	-3.290579e-01
8.766777201000463e-03	-3.290426e-01
8.776777201000462e-03	-3.290579e-01
8.786777201000462e-03	-3.290426e-01
8.796777201000463e-03	-3.290579e-01
8.806777201000463e-03	-3.290426e-01
8.816777201000462e-03	-3.290579e-01
8.826777201000462e-03	-3.290426e-01
8.836777201000462e-03	-3.290579e-01
8.846777201000463e-03	-3.290426e-01
8.856777201000463e-03	-3.290579e-01
8.866777201000462e-03	-3.290426e-01
8.876777201000462e-03	-3.290579e-01
8.886777201000463e-03	-3.290426e-01
8.896777201000463e-03	-3.290579e-01
8.906777201000462e-03	-3.290426e-01
8.916777201000462e-03	-3.290579e-01
8.926777201000463e-03	-3.290426e-01
8.936777201000463e-03	-3.290579e-01
8.946777201000462e-03	-3.290426e-01
8.956777201000462e-03	-3.290579e-01
8.966777201000463e-03	-3.290426e-01
8.976777201000463e-03	-3.290579e-01
8.986777201000462e-03	-3.290426e-01
8.996777201000462e-03	-3.290579e-01
9.006777201000462e-03	-3.290426e-01
9.016777201000463e-03	-3.290579e-01
9.026777201000463e-03	-3.290426e-01
9.036777201000462e-03	-3.290579e-01
9.046777201000462e-03	-3.290426e-01
9.056777201000463e-03	-3.290579e-01
9.066777201000463e-03	-3.290426e-01
9.076777201000462e-03	-3.290579e-01
9.086777201000462e-03	-3.290426e-01
9.096777201000463e-03	-3.290579e-01
9.106777201000463e-03	-3.290426e-01
9.116777201000462e-03	-3.290579e-01
9.126777201000462e-03	-3.290426e-01
9.136777201000463e-03	-3.290579e-01
9.146777201000463e-03	-3.290426e-01
9.156777201000462e-03	-3.290579e-01
9.166777201000462e-03	-3.290426e-01
9.176777201000462e-03	-3.290579e-01
9.186777201000463e-03	-3.290426e-01
9.196777201000463e-03	-3.290579e-01
9.206777201000462e-03	-3.290426e-01
9.216777201000462e-03	-3.290579e-01
9.226777201000463e-03	-3.290426e-01
9.236777201000463e-03	-3.290579e-01
9.246777201000462e-03	-3.290426e-01
9.256777201000462e-03	-3.290579e-01
9.266777201000463e-03	-3.290426e-01
9.276777201000463e-03	-3.290579e-01
9.286777201000462e-03	-3.290426e-01
9.296777201000462e-03	-3.290579e-01
9.306777201000463e-03	-3.290426e-01
9.316777201000463e-03	-3.290579e-01
9.326777201000462e-03	-3.290426e-01
9.336777201000462e-03	-3.290579e-01
9.346777201000462e-03	-3.290426e-01
9.356777201000463e-03	-3.290579e-01
9.366777201000463e-03	-3.290426e-01
9.376777201000462e-03	-3.290579e-01
9.386777201000462e-03	-3.290426e-01
9.396777201000463e-03	-3.290579e-01
9.406777201000463e-03	-3.290426e-01
9.416777201000462e-03	-3.290579e-01
9.426777201000462e-03	-3.290426e-01
9.436777201000463e-03	-3.290579e-01
9.446777201000463e-03	-3.290426e-01
9.456777201000462e-03	-3.290579e-01
9.466777201000462e-03	-3.290426e-01
9.476777201000462e-03	-3.290579e-01
9.486777201000463e-03	-3.290426e-01
9.496777201000462e-03	-3.290579e-01
9.506777201000462e-03	-3.290426e-01
9.516777201000462e-03	-3.290579e-01
9.526777201000463e-03	-3.290426e-01
9.536777201000463e-03	-3.290579e-01
9.546777201000462e-03	-3.290426e-01
9.556777201000462e-03	-3.290579e-01
9.566777201000463e-03	-3.290426e-01
9.576777201000463e-03	-3.290579e-01
9.586777201000462e-03	-3.290426e-01
9.596777201000462e-03	-3.290579e-01
9.606777201000463e-03	-3.290426e-01
9.616777201000463e-03	-3.290579e-01
9.626777201000462e-03	-3.290426e-01
9.636777201000462e-03	-3.290579e-01
9.646777201000462e-03	-3.290426e-01
9.656777201000463e-03	-3.290579e-01
9.666777201000462e-03	-3.290426e-01
9.676777201000462e-03	-3.290579e-01
9.686777201000462e-03	-3.290426e-01
9.696777201000463e-03	-3.290579e-01
9.706777201000463e-03	-3.290426e-01
9.716777201000462e-03	-3.290579e-01
9.726777201000462e-03	-3.290426e-01
9.736777201000463e-03	-3.290579e-01
9.746777201000463e-03	-3.290426e-01
9.756777201000462e-03	-3.290579e-01
9.766777201000462e-03	-3.290426e-01
9.776777201000463e-03	-3.290579e-01
9.786777201000463e-03	-3.290426e-01
9.796777201000462e-03	-3.290579e-01
9.806777201000462e-03	-3.290426e-01
9.816777201000462e-03	-3.290579e-01
9.826777201000463e-03	-3.290426e-01
9.836777201000462e-03	-3.290579e-01
9.846777201000462e-03	-3.290426e-01
9.856777201000462e-03	-3.290579e-01
9.866777201000463e-03	-3.290426e-01
9.876777201000463e-03	-3.290579e-01
9.886777201000462e-03	-3.290426e-01
9.896777201000462e-03	-3.290579e-01
9.906777201000463e-03	-3.290426e-01
9.916777201000463e-03	-3.290579e-01
9.926777201000462e-03	-3.290426e-01
9.936777201000462e-03	-3.290579e-01
9.946777201000463e-03	-3.290426e-01
9.956777201000463e-03	-3.290579e-01
9.966777201000462e-03	-3.290426e-01
9.976777201000462e-03	-3.290579e-01
9.986777201000462e-03	-3.290426e-01
9.996777201000463e-03	-3.290579e-01
1.000000000000000e-02	-3.290426e-01
1.000000000100000e-02	-3.290492e-01
1.000000000200000e-02	-3.290477e-01
1.000000000440036e-02	-3.290508e-01
1.000000000670974e-02	-3.290492e-01
1.000000001132851e-02	-3.290507e-01
1.000000002056606e-02	-3.290494e-01
1.000000003904114e-02	-3.290507e-01
1.000000007599130e-02	-3.290495e-01
1.000000014989163e-02	-3.290507e-01
1.000000029769228e-02	-3.290496e-01
1.000000059329359e-02	-3.290508e-01
1.000000118449621e-02	-3.290496e-01
1.000000236690145e-02	-3.290508e-01
1.000000473171193e-02	-3.290496e-01
1.000000946133289e-02	-3.290508e-01
1.000001768468402e-02	-3.290495e-01
1.000002962942897e-02	-3.290506e-01
1.000005351891887e-02	-3.290490e-01
1.000010129789866e-02	-3.290426e-01
1.000017105027748e-02	-3.290503e-01
1.000023626403240e-02	-3.290541e-01
1.000031614377573e-02	-3.290552e-01
1.000039209500824e-02	-3.290588e-01
1.000054399747327e-02	-3.290602e-01
1.000056482753742e-02	-3.290610e-01
1.000060648766571e-02	-3.290612e-01
1.000068980792228e-02	-3.290613e-01
1.000085644843544e-02	-3.290614e-01
1.000118972946175e-02	-3.290611e-01
1.000176798343685e-02	-3.290594e-01
1.000243495306574e-02	-3.290556e-01
1.000255254085709e-02	-3.290548e-01
1.000278771643979e-02	-3.290530e-01
1.000325806760518e-02	-3.290492e-01
1.000337565539653e-02	-3.290482e-01
1.000361083097922e-02	-3.290461e-01
1.000408118214461e-02	-3.290419e-01
1.000502188447540e-02	-3.290333e-01
1.000690328913696e-02	-3.290158e-01
1.001062905475410e-02	-3.289794e-01
1.001808058598839e-02	-3.288985e-01
1.002808058598839e-02	-3.287619e-01
1.003808058598839e-02	-3.285656e-01
1.004808058598839e-02	-3.282437e-01
1.005808058598839e-02	-3.275824e-01
1.006808058598839e-02	-3.248769e-01
1.007808058598839e-02	-3.152098e-01
1.008808058598839e-02	-3.080965e-01
1.009808058598839e-02	-3.225352e-01
1.010000000000000e-02	-3.294263e-01
1.010000000100000e-02	-3.294277e-01
1.010000001700000e-02	-3.294303e-01
1.010000004900000e-02	-3.294308e-01
1.010000011300000e-02	-3.294310e-01
1.010000024100000e-02	-3.294289e-01
1.010000049700000e-02	-3.294252e-01
1.010000100900000e-02	-3.294176e-01
1.010000203300000e-02	-3.294089e-01
1.010000408100000e-02	-3.294015e-01
1.010000817700000e-02	-3.294073e-01
1.010001636900000e-02	-3.294352e-01
1.010003275300001e-02	-3.294981e-01
1.010006552100002e-02	-3.296220e-01
1.010013105700003e-02	-3.298723e-01
1.010026212900006e-02	-3.303746e-01
1.010052427300013e-02	-3.313936e-01
1.010104856100025e-02	-3.334810e-01
1.010209713700050e-02	-3.378555e-01
1.010419428900100e-02	-3.473554e-01
1.010838859300201e-02	-3.690469e-01
1.011677720100402e-02	-4.207816e-01
1.012677720100402e-02	-4.908901e-01
1.013677720100402e-02	-5.612581e-01
1.014677720100401e-02	-6.075377e-01
1.015677720100402e-02	-6.038225e-01
1.016677720100402e-02	-5.948075e-01
1.017677720100402e-02	-5.385978e-01
1.018677720100401e-02	-3.997755e-01
1.019677720100402e-02	-2.531912e-01
1.020642687875436e-02	-5.444189e-02
1.021642687875436e-02	6.675546e-06
1.022642687875436e-02	4.997873e-06
1.023642687875436e-02	6.488616e-06
1.024642687875436e-02	4.865244e-06
1.025642687875436e-02	6.219045e-06
1.026642687875436e-02	4.611431e-06
1.027642687875436e-02	5.961793e-06
1.028642687875436e-02	4.367516e-06
1.029642687875436e-02	5.715631e-06
1.030642687875436e-02	4.133037e-06
1.031642687875436e-02	5.479750e-06
1.032642687875436e-02	3.907508e-06
1.033642687875436e-02	5.253118e-06
1.034642687875436e-02	3.689581e-06
1.035642687875436e-02	5.034975e-06
1.036642687875436e-02	3.473295e-06
1.037642687875436e-02	4.827013e-06
1.038642687875436e-02	3.276639e-06
1.039642687875436e-02	4.632523e-06
1.040642687875436e-02	3.108614e-06
1.041642687875436e-02	4.589829e-06
1.042641835458377e-02	2.946740e-06
1.043641835458377e-02	4.409158e-06
1.044641835458377e-02	2.634524e-06
1.045589702286615e-02	4.109217e-06
1.046589702286614e-02	2.424822e-06
1.047576027642319e-02	3.790110e-06
1.048576027642319e-02	1.919072e-06
1.049576027642319e-02	3.371342e-06
1.050576027642319e-02	1.720824e-06
1.051576027642319e-02	3.246734e-06
1.052576027642319e-02	1.589370e-06
1.053576027642319e-02	3.123347e-06
1.054576027642319e-02	1.463624e-06
1.055576027642319e-02	3.005453e-06
1.056576027642319e-02	1.343412e-06
1.057576027642319e-02	2.892953e-06
1.058576027642319e-02	1.228513e-06
1.059576027642319e-02	2.785629e-06
1.060576027642319e-02	1.118707e-06
1.061576027642319e-02	2.683290e-06
1.062576027642319e-02	1.013846e-06
1.063576027642319e-02	2.585800e-06
1.064576027642319e-02	9.137282e-07
1.065576027642319e-02	2.492903e-06
1.066576027642319e-02	8.180928e-07
1.067576027642319e-02	2.404357e-06
1.068576027642319e-02	7.267095e-07
1.069576027642319e-02	2.319942e-06
1.070576027642319e-02	6.393613e-07
1.071576027642319e-02	2.239447e-06
1.072576027642319e-02	5.558382e-07
1.073576027642319e-02	2.162664e-06
1.074576027642319e-02	4.759325e-07
1.075576027642319e-02	2.089386e-06
1.076576027642319e-02	3.994359e-07
1.077576027642319e-02	2.019404e-06
1.078576027642319e-02	3.261371e-07
1.079576027642319e-02	1.952506e-06
1.080576027642319e-02	2.558200e-07
1.081576027642319e-02	1.888473e-06
1.082576027642319e-02	1.882622e-07
1.083576027642319e-02	1.827079e-06
1.084576027642319e-02	1.232343e-07
1.085576027642319e-02	1.768092e-06
1.086576027642319e-02	6.050037e-08
1.087576027642319e-02	1.711274e-06
1.088576027642319e-02	-1.806715e-10
1.089576027642319e-02	1.656383e-06
1.090576027642319e-02	-5.905213e-08
1.091576027642319e-02	1.603174e-06
1.092576027642319e-02	-1.163550e-07
1.093576027642319e-02	1.551412e-06
1.094576027642319e-02	-1.723216e-07
1.095576027642319e-02	1.500872e-06
1.096576027642319e-02	-2.271673e-07
1.097576027642319e-02	1.451349e-06
1.098576027642319e-02	-2.810810e-07
1.099576027642319e-02	1.402673e-06
1.100000000100000e-02	-3.213208e-07
1.100000000200000e-02	4.630868e-07
1.100000001800000e-02	1.408867e-06
1.100000005000000e-02	1.723824e-06
1.100000011400000e-02	2.578585e-06
1.100000024200000e-02	2.934232e-06
1.100000049800000e-02	2.834243e-06
1.100000101000000e-02	1.787690e-06
1.100000203400000e-02	8.506364e-07
1.100000408200000e-02	4.865631e-07
1.100000817800000e-02	5.845360e-07
1.100001637000000e-02	4.947201e-07
1.100003275400001e-02	5.765302e-07
1.100006552200002e-02	4.975485e-07
1.100013105800003e-02	5.750234e-07
1.100026213000006e-02	4.976366e-07
1.100052427400013e-02	5.737474e-07
1.100104856200025e-02	4.957878e-07
1.100209713800050e-02	5.697059e-07
1.100419429000100e-02	4.878833e-07
1.100838859400201e-02	5.538395e-07
1.101677720200402e-02	4.563023e-07
1.102677720200402e-02	5.078785e-07
1.103677720200402e-02	4.066142e-07
1.104677720200402e-02	4.584955e-07
1.105677720200402e-02	3.575619e-07
1.106677720200402e-02	4.097699e-07
1.107677720200402e-02	3.092058e-07
1.108677720200402e-02	3.617970e-07
1.109677720200402e-02	2.616760e-07
1.110677720200402e-02	3.147396e-07
1.111677720200402e-02	2.151657e-07
1.112677720200402e-02	2.688190e-07
1.113677720200402e-02	1.699203e-07
1.114677720200402e-02	2.243001e-07
1.115677720200402e-02	1.262192e-07
1.116677720200402e-02	1.814712e-07
1.117677720200402e-02	8.435438e-08
1.118677720200402e-02	1.406220e-07
1.119677720200402e-02	4.460694e-08
1.120677720200402e-02	1.020199e-07
1.121677720200402e-02	7.225762e-09
1.122677720200402e-02	6.589051e-08
1.123677720200402e-02	-2.759050e-08
1.124677720200402e-02	3.240257e-08
1.125677720200402e-02	-5.970539e-08
1.126677720200402e-02	1.658998e-09
1.127677720200402e-02	-8.904999e-08
1.128677720200402e-02	-2.630513e-08
1.129677720200402e-02	-1.156221e-07
1.130677720200402e-02	-5.151892e-08
1.131677720200402e-02	-1.394801e-07
1.132677720200402e-02	-7.406763e-08
1.133677720200402e-02	-1.607334e-07
1.134677720200402e-02	-9.408183e-08
1.135677720200402e-02	-1.795308e-07
1.136677720200402e-02	-1.117255e-07
1.137677720200402e-02	-1.960484e-07
1.138677720200402e-02	-1.271843e-07
1.139677720200402e-02	-2.104789e-07
1.140677720200402e-02	-1.406552e-07
1.141677720200402e-02	-2.230214e-07
1.142677720200402e-02	-1.523377e-07
1.143677720200402e-02	-2.338739e-07
1.144677720200402e-02	-1.624270e-07
1.145677720200402e-02	-2.432275e-07
1.146677720200402e-02	-1.711087e-07
1.147677720200402e-02	-2.512620e-07
1.148677720200402e-02	-1.785562e-07
1.149677720200402e-02	-2.581434e-07
1.150677720200402e-02	-1.849281e-07
1.151677720200402e-02	-2.640227e-07
1.152677720200402e-02	-1.903676e-07
1.153677720200402e-02	-2.690356e-07
1.154677720200402e-02	-1.950028e-07
1.155677720200402e-02	-2.733026e-07
1.156677720200402e-02	-1.989467e-07
1.157677720200402e-02	-2.769295e-07
1.158677720200402e-02	-2.022985e-07
1.159677720200402e-02	-2.800090e-07
1.160677720200402e-02	-2.051447e-07
1.161677720200402e-02	-2.826217e-07
1.162677720200402e-02	-2.075600e-07
1.163677720200402e-02	-2.848370e-07
1.164677720200402e-02	-2.096090e-07
1.165677720200402e-02	-2.867148e-07
1.166677720200402e-02	-2.113471e-07
1.167677720200402e-02	-2.883063e-07
1.168677720200402e-02	-2.128216e-07
1.169677720200402e-02	-2.896554e-07
1.170677720200402e-02	-2.140732e-07
1.171677720200402e-02	-2.907993e-07
1.172677720200402e-02	-2.151361e-07
1.173677720200402e-02	-2.917699e-07
1.174677720200402e-02	-2.160396e-07
1.175677720200402e-02	-2.925939e-07
1.176677720200402e-02	-2.168086e-07
1.177677720200402e-02	-2.932944e-07
1.178677720200402e-02	-2.174641e-07
1.179677720200402e-02	-2.938906e-07
1.180677720200402e-02	-2.180237e-07
1.181677720200402e-02	-2.943989e-07
1.182677720200402e-02	-2.185026e-07
1.183677720200402e-02	-2.948329e-07
1.184677720200402e-02	-2.189133e-07
1.185677720200402e-02	-2.952044e-07
1.186677720200402e-02	-2.192667e-07
1.187677720200402e-02	-2.955232e-07
1.188677720200402e-02	-2.195715e-07
1.189677720200402e-02	-2.957975e-07
1.190677720200402e-02	-2.198355e-07
1.191677720200402e-02	-2.960343e-07
1.192677720200402e-02	-2.200650e-07
1.193677720200402e-02	-2.962394e-07
1.194677720200402e-02	-2.202654e-07
1.195677720200402e-02	-2.964176e-07
1.196677720200402e-02	-2.204412e-07
1.197677720200402e-02	-2.965732e-07
1.198677720200402e-02	-2.205960e-07
1.199677720200402e-02	-2.967096e-07
1.200677720200402e-02	-2.207331e-07
1.201677720200402e-02	-2.968297e-07
1.202677720200402e-02	-2.208552e-07
1.203677720200402e-02	-2.969358e-07
1.204677720200402e-02	-2.209643e-07
1.205677720200402e-02	-2.970299e-07
1.206677720200402e-02	-2.210624e-07
1.207677720200402e-02	-2.971139e-07
1.208677720200402e-02	-2.211509e-07
1.209677720200402e-02	-2.971889e-07
1.210677720200402e-02	-2.212312e-07
1.211677720200402e-02	-2.972562e-07
1.212677720200402e-02	-2.213042e-07
1.213677720200402e-02	-2.973169e-07
1.214677720200402e-02	-2.213710e-07
1.215677720200402e-02	-2.973716e-07
1.216677720200402e-02	-2.214324e-07
1.217677720200402e-02	-2.974214e-07
1.218677720200402e-02	-2.214892e-07
1.219677720200402e-02	-2.974671e-07
1.220677720200402e-02	-2.215424e-07
1.221677720200402e-02	-2.975096e-07
1.222677720200402e-02	-2.215930e-07
1.223677720200402e-02	-2.975503e-07
1.224677720200402e-02	-2.216424e-07
1.225677720200402e-02	-2.975906e-07
1.226677720200402e-02	-2.216924e-07
1.227677720200402e-02	-2.976326e-07
1.228677720200402e-02	-2.217451e-07
1.229677720200402e-02	-2.976782e-07
1.230677720200402e-02	-2.218025e-07
1.231677720200402e-02	-2.977297e-07
1.232677720200402e-02	-2.218669e-07
1.233677720200402e-02	-2.977890e-07
1.234677720200402e-02	-2.219398e-07
1.235677720200402e-02	-2.978574e-07
1.236677720200402e-02	-2.220220e-07
1.237677720200402e-02	-2.979351e-07
1.238677720200402e-02	-2.221134e-07
1.239677720200402e-02	-2.980216e-07
1.240677720200402e-02	-2.222128e-07
1.241677720200402e-02	-2.981155e-07
1.242677720200402e-02	-2.223187e-07
1.243677720200402e-02	-2.982147e-07
1.244677720200402e-02	-2.224290e-07
1.245677720200402e-02	-2.983174e-07
1.246677720200402e-02	-2.225418e-07
1.247677720200402e-02	-2.984216e-07
1.248677720200402e-02	-2.226552e-07
1.249677720200402e-02	-2.985257e-07
1.250677720200402e-02	-2.227679e-07
1.251677720200402e-02	-2.986284e-07
1.252677720200402e-02	-2.228785e-07
1.253677720200402e-02	-2.987286e-07
1.254677720200402e-02	-2.229861e-07
1.255677720200402e-02	-2.988254e-07
1.256677720200402e-02	-2.230902e-07
1.257677720200402e-02	-2.989183e-07
1.258677720200402e-02	-2.231900e-07
1.259677720200402e-02	-2.990069e-07
1.260677720200402e-02	-2.232852e-07
1.261677720200402e-02	-2.990907e-07
1.262677720200402e-02	-2.233756e-07
1.263677720200402e-02	-2.991696e-07
1.264677720200402e-02	-2.234610e-07
1.265677720200402e-02	-2.992433e-07
1.266677720200402e-02	-2.235412e-07
1.267677720200402e-02	-2.993119e-07
1.268677720200402e-02	-2.236162e-07
1.269677720200402e-02	-2.993752e-07
1.270677720200402e-02	-2.236859e-07
1.271677720200402e-02	-2.994333e-07
1.272677720200402e-02	-2.237504e-07
1.273677720200402e-02	-2.994863e-07
1.274677720200402e-02	-2.238099e-07
1.275677720200402e-02	-2.995342e-07
1.276677720200402e-02	-2.238643e-07
1.277677720200402e-02	-2.995772e-07
1.278677720200402e-02	-2.239139e-07
1.279677720200402e-02	-2.996155e-07
1.280677720200402e-02	-2.239589e-07
1.281677720200402e-02	-2.996493e-07
1.282677720200402e-02	-2.239995e-07
1.283677720200402e-02	-2.996788e-07
1.284677720200402e-02	-2.240358e-07
1.285677720200402e-02	-2.997042e-07
1.286677720200402e-02	-2.240683e-07
1.287677720200402e-02	-2.997259e-07
1.288677720200402e-02	-2.240972e-07
1.289677720200402e-02	-2.997441e-07
1.290677720200402e-02	-2.241227e-07
1.291677720200402e-02	-2.997591e-07
1.292677720200402e-02	-2.241451e-07
1.293677720200402e-02	-2.997711e-07
1.294677720200402e-02	-2.241647e-07
1.295677720200402e-02	-2.997805e-07
1.296677720200402e-02	-2.241818e-07
1.297677720200402e-02	-2.997875e-07
1.298677720200402e-02	-2.241967e-07
1.299677720200402e-02	-2.997924e-07
1.300677720200402e-02	-2.242095e-07
1.301677720200402e-02	-2.997954e-07
1.302677720200402e-02	-2.242206e-07
1.303677720200402e-02	-2.997968e-07
1.304677720200402e-02	-2.242301e-07
1.305677720200402e-02	-2.997967e-07
1.306677720200402e-02	-2.242383e-07
1.307677720200402e-02	-2.997955e-07
1.308677720200402e-02	-2.242453e-07
1.309677720200402e-02	-2.997931e-07
1.310677720200402e-02	-2.242514e-07
1.311677720200402e-02	-2.997898e-07
1.312677720200402e-02	-2.242566e-07
1.313677720200402e-02	-2.997858e-07
1.314677720200402e-02	-2.242611e-07
1.315677720200402e-02	-2.997812e-07
1.316677720200402e-02	-2.242651e-07
1.317677720200402e-02	-2.997761e-07
1.318677720200402e-02	-2.242686e-07
1.319677720200402e-02	-2.997706e-07
1.320677720200402e-02	-2.242718e-07
1.321677720200402e-02	-2.997648e-07
1.322677720200402e-02	-2.242747e-07
1.323677720200402e-02	-2.997587e-07
1.324677720200402e-02	-2.242773e-07
1.325677720200402e-02	-2.997525e-07
1.326677720200402e-02	-2.242799e-07
1.327677720200402e-02	-2.997461e-07
1.328677720200402e-02	-2.242823e-07
1.329677720200402e-02	-2.997397e-07
1.330677720200402e-02	-2.242847e-07
1.331677720200402e-02	-2.997333e-07
1.332677720200402e-02	-2.242870e-07
1.333677720200402e-02	-2.997268e-07
1.334677720200402e-02	-2.242894e-07
1.335677720200402e-02	-2.997204e-07
1.336677720200402e-02	-2.242918e-07
1.337677720200402e-02	-2.997141e-07
1.338677720200402e-02	-2.242943e-07
1.339677720200402e-02	-2.997078e-07
1.340677720200402e-02	-2.242968e-07
1.341677720200402e-02	-2.997016e-07
1.342677720200402e-02	-2.242994e-07
1.343677720200402e-02	-2.996955e-07
1.344677720200402e-02	-2.243021e-07
1.345677720200402e-02	-2.996894e-07
1.346677720200402e-02	-2.243049e-07
1.347677720200402e-02	-2.996835e-07
1.348677720200402e-02	-2.243078e-07
1.349677720200402e-02	-2.996777e-07
1.350677720200402e-02	-2.243108e-07
1.351677720200402e-02	-2.996720e-07
1.352677720200402e-02	-2.243139e-07
1.353677720200402e-02	-2.996664e-07
1.354677720200402e-02	-2.243170e-07
1.355677720200401e-02	-2.996609e-07
1.356677720200402e-02	-2.243203e-07
1.357677720200402e-02	-2.996555e-07
1.358677720200402e-02	-2.243236e-07
1.359677720200402e-02	-2.996501e-07
1.360677720200402e-02	-2.243270e-07
1.361677720200402e-02	-2.996449e-07
1.362677720200402e-02	-2.243305e-07
1.363677720200402e-02	-2.996397e-07
1.364677720200402e-02	-2.243341e-07
1.365677720200402e-02	-2.996346e-07
1.366677720200402e-02	-2.243378e-07
1.367677720200402e-02	-2.996297e-07
1.368677720200402e-02	-2.243415e-07
1.369677720200402e-02	-2.996247e-07
1.370677720200402e-02	-2.243453e-07
1.371677720200402e-02	-2.996199e-07
1.372677720200401e-02	-2.243491e-07
1.373677720200402e-02	-2.996151e-07
1.374677720200402e-02	-2.243530e-07
1.375677720200402e-02	-2.996103e-07
1.376677720200402e-02	-2.243570e-07
1.377677720200402e-02	-2.996057e-07
1.378677720200402e-02	-2.243610e-07
1.379677720200402e-02	-2.996010e-07
1.380677720200402e-02	-2.243650e-07
1.381677720200402e-02	-2.995964e-07
1.382677720200402e-02	-2.243691e-07
1.383677720200402e-02	-2.995919e-07
1.384677720200402e-02	-2.243732e-07
1.385677720200402e-02	-2.995874e-07
1.386677720200402e-02	-2.243773e-07
1.387677720200402e-02	-2.995829e-07
1.388677720200402e-02	-2.243815e-07
1.389677720200401e-02	-2.995785e-07
1.390677720200402e-02	-2.243857e-07
1.391677720200402e-02	-2.995741e-07
1.392677720200402e-02	-2.243899e-07
1.393677720200402e-02	-2.995697e-07
1.394677720200402e-02	-2.243941e-07
1.395677720200402e-02	-2.995654e-07
1.396677720200402e-02	-2.243984e-07
1.397677720200402e-02	-2.995610e-07
1.398677720200402e-02	-2.244027e-07
1.399677720200402e-02	-2.995567e-07
1.400677720200402e-02	-2.244069e-07
1.401677720200402e-02	-2.995525e-07
1.402677720200402e-02	-2.244112e-07
1.403677720200402e-02	-2.995482e-07
1.404677720200402e-02	-2.244155e-07
1.405677720200402e-02	-2.995439e-07
1.406677720200402e-02	-2.244199e-07
1.407677720200402e-02	-2.995397e-07
1.408677720200402e-02	-2.244242e-07
1.409677720200402e-02	-2.995355e-07
1.410677720200402e-02	-2.244285e-07
1.411677720200402e-02	-2.995313e-07
1.412677720200402e-02	-2.244328e-07
1.413677720200402e-02	-2.995270e-07
1.414677720200402e-02	-2.244372e-07
1.415677720200402e-02	-2.995229e-07
1.416677720200402e-02	-2.244415e-07
1.417677720200402e-02	-2.995187e-07
1.418677720200402e-02	-2.244459e-07
1.419677720200401e-02	-2.995145e-07
1.420677720200402e-02	-2.244502e-07
1.421677720200402e-02	-2.995104e-07
1.422677720200402e-02	-2.244546e-07
1.423677720200402e-02	-2.995062e-07
1.424677720200402e-02	-2.244589e-07
1.425677720200402e-02	-2.995020e-07
1.426677720200402e-02	-2.244632e-07
1.427677720200402e-02	-2.994979e-07
1.428677720200402e-02	-2.244676e-07
1.429677720200402e-02	-2.994938e-07
1.430677720200402e-02	-2.244719e-07
1.431677720200402e-02	-2.994896e-07
1.432677720200402e-02	-2.244763e-07
1.433677720200402e-02	-2.994855e-07
1.434677720200402e-02	-2.244806e-07
1.435677720200402e-02	-2.994814e-07
1.436677720200401e-02	-2.244850e-07
1.437677720200402e-02	-2.994773e-07
1.438677720200402e-02	-2.244893e-07
1.439677720200402e-02	-2.994731e-07
1.440677720200402e-02	-2.244936e-07
1.441677720200402e-02	-2.994690e-07
1.442677720200402e-02	-2.244980e-07
1.443677720200402e-02	-2.994649e-07
1.444677720200402e-02	-2.245023e-07
1.445677720200402e-02	-2.994608e-07
1.446677720200402e-02	-2.245066e-07
1.447677720200402e-02	-2.994567e-07
1.448677720200402e-02	-2.245109e-07
1.449677720200402e-02	-2.994526e-07
1.450677720200402e-02	-2.245152e-07
1.451677720200402e-02	-2.994485e-07
1.452677720200402e-02	-2.245195e-07
1.453677720200401e-02	-2.994443e-07
1.454677720200402e-02	-2.245238e-07
1.455677720200402e-02	-2.994402e-07
1.456677720200402e-02	-2.245281e-07
1.457677720200402e-02	-2.994362e-07
1.458677720200402e-02	-2.245324e-07
1.459677720200402e-02	-2.994320e-07
1.460677720200402e-02	-2.245367e-07
1.461677720200402e-02	-2.994279e-07
1.462677720200402e-02	-2.245410e-07
1.463677720200402e-02	-2.994238e-07
1.464677720200402e-02	-2.245452e-07
1.465677720200402e-02	-2.994198e-07
1.466677720200402e-02	-2.245495e-07
1.467677720200402e-02	-2.994157e-07
1.468677720200402e-02	-2.245538e-07
1.469677720200402e-02	-2.994116e-07
1.470677720200401e-02	-2.245581e-07
1.471677720200402e-02	-2.994075e-07
1.472677720200402e-02	-2.245623e-07
1.473677720200402e-02	-2.994034e-07
1.474677720200402e-02	-2.245665e-07
1.475677720200402e-02	-2.993993e-07
1.476677720200402e-02	-2.245708e-07
1.477677720200402e-02	-2.993952e-07
1.478677720200402e-02	-2.245750e-07
1.479677720200402e-02	-2.993911e-07
1.480677720200402e-02	-2.245793e-07
1.481677720200402e-02	-2.993870e-07
1.482677720200402e-02	-2.245835e-07
1.483677720200401e-02	-2.993830e-07
1.484677720200402e-02	-2.245877e-07
1.485677720200402e-02	-2.993789e-07
1.486677720200402e-02	-2.245920e-07
1.487677720200401e-02	-2.993748e-07
1.488677720200402e-02	-2.245962e-07
1.489677720200402e-02	-2.993707e-07
1.490677720200402e-02	-2.246004e-07
1.491677720200402e-02	-2.993667e-07
1.492677720200402e-02	-2.246046e-07
1.493677720200402e-02	-2.993626e-07
1.494677720200402e-02	-2.246088e-07
1.495677720200402e-02	-2.993585e-07
1.496677720200402e-02	-2.246130e-07
1.497677720200402e-02	-2.993544e-07
1.498677720200402e-02	-2.246172e-07
1.499677720200402e-02	-2.993503e-07
1.500677720200401e-02	-2.246214e-07
1.501677720200402e-02	-2.993463e-07
1.502677720200402e-02	-2.246256e-07
1.503677720200402e-02	-2.993422e-07
1.504677720200401e-02	-2.246297e-07
1.505677720200402e-02	-2.993382e-07
1.506677720200402e-02	-2.246339e-07
1.507677720200402e-02	-2.993341e-07
1.508677720200402e-02	-2.246381e-07
1.509677720200402e-02	-2.993300e-07
1.510677720200402e-02	-2.246422e-07
1.511677720200402e-02	-2.993260e-07
1.512677720200402e-02	-2.246464e-07
1.513677720200402e-02	-2.993219e-07
1.514677720200402e-02	-2.246506e-07
1.515677720200402e-02	-2.993179e-07
1.516677720200402e-02	-2.246547e-07
1.517677720200401e-02	-2.993138e-07
1.518677720200402e-02	-2.246589e-07
1.519677720200402e-02	-2.993098e-07
1.520677720200402e-02	-2.246630e-07
1.521677720200401e-02	-2.993057e-07
1.522677720200402e-02	-2.246671e-07
1.523677720200402e-02	-2.993017e-07
1.524677720200402e-02	-2.246713e-07
1.525677720200402e-02	-2.992976e-07
1.526677720200402e-02	-2.246754e-07
1.527677720200402e-02	-2.992936e-07
1.528677720200402e-02	-2.246795e-07
1.529677720200402e-02	-2.992895e-07
1.530677720200402e-02	-2.246837e-07
1.531677720200402e-02	-2.992855e-07
1.532677720200402e-02	-2.246878e-07
1.533677720200402e-02	-2.992814e-07
1.534677720200401e-02	-2.246919e-07
1.535677720200402e-02	-2.992774e-07
1.536677720200402e-02	-2.246960e-07
1.537677720200402e-02	-2.992734e-07
1.538677720200401e-02	-2.247001e-07
1.539677720200402e-02	-2.992693e-07
1.540677720200402e-02	-2.247042e-07
1.541677720200402e-02	-2.992653e-07
1.542677720200402e-02	-2.247083e-07
1.543677720200402e-02	-2.992613e-07
1.544677720200402e-02	-2.247124e-07
1.545677720200402e-02	-2.992572e-07
1.546677720200402e-02	-2.247165e-07
1.547677720200401e-02	-2.992532e-07
1.548677720200402e-02	-2.247206e-07
1.549677720200402e-02	-2.992492e-07
1.550677720200402e-02	-2.247246e-07
1.551677720200401e-02	-2.992452e-07
1.552677720200402e-02	-2.247287e-07
1.553677720200402e-02	-2.992412e-07
1.554677720200402e-02	-2.247328e-07
1.555677720200402e-02	-2.992371e-07
1.556677720200402e-02	-2.247369e-07
1.557677720200402e-02	-2.992331e-07
1.558677720200402e-02	-2.247409e-07
1.559677720200402e-02	-2.992291e-07
1.560677720200402e-02	-2.247450e-07
1.561677720200402e-02	-2.992251e-07
1.562677720200402e-02	-2.247490e-07
1.563677720200402e-02	-2.992211e-07
1.564677720200401e-02	-2.247531e-07
1.565677720200401e-02	-2.992171e-07
1.566677720200401e-02	-2.247571e-07
1.567677720200402e-02	-2.992131e-07
1.568677720200402e-02	-2.247612e-07
1.569677720200402e-02	-2.992091e-07
1.570677720200402e-02	-2.247652e-07
1.571677720200402e-02	-2.992051e-07
1.572677720200402e-02	-2.247693e-07
1.573677720200401e-02	-2.992011e-07
1.574677720200401e-02	-2.247733e-07
1.575677720200402e-02	-2.991971e-07
1.576677720200402e-02	-2.247773e-07
1.577677720200402e-02	-2.991931e-07
1.578677720200402e-02	-2.247814e-07
1.579677720200402e-02	-2.991891e-07
1.580677720200402e-02	-2.247854e-07
1.581677720200401e-02	-2.991851e-07
1.582677720200401e-02	-2.247894e-07
1.583677720200401e-02	-2.991812e-07
1.584677720200402e-02	-2.247934e-07
1.585677720200402e-02	-2.991772e-07
1.586677720200402e-02	-2.247974e-07
1.587677720200402e-02	-2.991732e-07
1.588677720200402e-02	-2.248015e-07
1.589677720200402e-02	-2.991692e-07
1.590677720200401e-02	-2.248055e-07
1.591677720200401e-02	-2.991653e-07
1.592677720200402e-02	-2.248095e-07
1.593677720200402e-02	-2.991613e-07
1.594677720200402e-02	-2.248135e-07
1.595677720200402e-02	-2.991573e-07
1.596677720200402e-02	-2.248175e-07
1.597677720200402e-02	-2.991534e-07
1.598677720200401e-02	-2.248214e-07
1.599677720200401e-02	-2.991494e-07
1.600677720200401e-02	-2.248254e-07
1.601677720200402e-02	-2.991454e-07
1.602677720200402e-02	-2.248294e-07
1.603677720200402e-02	-2.991415e-07
1.604677720200402e-02	-2.248334e-07
1.605677720200402e-02	-2.991375e-07
1.606677720200402e-02	-2.248374e-07
1.607677720200401e-02	-2.991336e-07
1.608677720200401e-02	-2.248414e-07
1.609677720200402e-02	-2.991296e-07
1.610677720200402e-02	-2.248453e-07
1.611677720200402e-02	-2.991257e-07
1.612677720200402e-02	-2.248493e-07
1.613677720200402e-02	-2.991217e-07
1.614677720200402e-02	-2.248533e-07
1.615677720200401e-02	-2.991178e-07
1.616677720200401e-02	-2.248572e-07
1.617677720200401e-02	-2.991139e-07
1.618677720200402e-02	-2.248612e-07
1.619677720200402e-02	-2.991099e-07
1.620677720200402e-02	-2.248651e-07
1.621677720200402e-02	-2.991060e-07
1.622677720200402e-02	-2.248691e-07
1.623677720200402e-02	-2.991021e-07
1.624677720200401e-02	-2.248730e-07
1.625677720200401e-02	-2.990981e-07
1.626677720200402e-02	-2.248770e-07
1.627677720200402e-02	-2.990942e-07
1.628677720200402e-02	-2.248809e-07
1.629677720200402e-02	-2.990903e-07
1.630677720200402e-02	-2.248849e-07
1.631677720200402e-02	-2.990864e-07
1.632677720200401e-02	-2.248888e-07
1.633677720200401e-02	-2.990824e-07
1.634677720200401e-02	-2.248927e-07
1.635677720200402e-02	-2.990786e-07
1.636677720200402e-02	-2.248967e-07
1.637677720200402e-02	-2.990746e-07
1.638677720200402e-02	-2.249006e-07
1.639677720200402e-02	-2.990707e-07
1.640677720200402e-02	-2.249045e-07
1.641677720200401e-02	-2.990668e-07
1.642677720200401e-02	-2.249084e-07
1.643677720200401e-02	-2.990629e-07
1.644677720200402e-02	-2.249123e-07
1.645677720200402e-02	-2.990590e-07
1.646677720200402e-02	-2.249163e-07
1.647677720200402e-02	-2.990551e-07
1.648677720200402e-02	-2.249202e-07
1.649677720200401e-02	-2.990512e-07
1.650677720200401e-02	-2.249241e-07
1.651677720200401e-02	-2.990473e-07
1.652677720200402e-02	-2.249280e-07
1.653677720200402e-02	-2.990434e-07
1.654677720200402e-02	-2.249319e-07
1.655677720200402e-02	-2.990396e-07
1.656677720200402e-02	-2.249358e-07
1.657677720200402e-02	-2.990357e-07
1.658677720200401e-02	-2.249397e-07
1.659677720200401e-02	-2.990318e-07
1.660677720200401e-02	-2.249436e-07
1.661677720200402e-02	-2.990279e-07
1.662677720200402e-02	-2.249474e-07
1.663677720200402e-02	-2.990240e-07
1.664677720200402e-02	-2.249513e-07
1.665677720200402e-02	-2.990202e-07
1.666677720200401e-02	-2.249552e-07
1.667677720200401e-02	-2.990163e-07
1.668677720200401e-02	-2.249591e-07
1.669677720200402e-02	-2.990124e-07
1.670677720200402e-02	-2.249630e-07
1.671677720200402e-02	-2.990086e-07
1.672677720200402e-02	-2.249668e-07
1.673677720200402e-02	-2.990047e-07
1.674677720200402e-02	-2.249707e-07
1.675677720200401e-02	-2.990008e-07
1.676677720200401e-02	-2.249746e-07
1.677677720200401e-02	-2.989970e-07
1.678677720200402e-02	-2.249784e-07
1.679677720200402e-02	-2.989931e-07
1.680677720200402e-02	-2.249823e-07
1.681677720200402e-02	-2.989893e-07
1.682677720200402e-02	-2.249862e-07
1.683677720200401e-02	-2.989854e-07
1.684677720200401e-02	-2.249900e-07
1.685677720200401e-02	-2.989816e-07
1.686677720200402e-02	-2.249939e-07
1.687677720200402e-02	-2.989778e-07
1.688677720200402e-02	-2.249977e-07
1.689677720200402e-02	-2.989739e-07
1.690677720200402e-02	-2.250015e-07
1.691677720200402e-02	-2.989701e-07
1.692677720200401e-02	-2.250054e-07
1.693677720200401e-02	-2.989663e-07
1.694677720200401e-02	-2.250092e-07
1.695677720200402e-02	-2.989624e-07
1.696677720200402e-02	-2.250131e-07
1.697677720200402e-02	-2.989586e-07
1.698677720200402e-02	-2.250169e-07
1.699677720200402e-02	-2.989548e-07
1.700677720200401e-02	-2.250207e-07
1.701677720200401e-02	-2.989510e-07
1.702677720200401e-02	-2.250246e-07
1.703677720200402e-02	-2.989471e-07
1.704677720200402e-02	-2.250284e-07
1.705677720200402e-02	-2.989433e-07
1.706677720200402e-02	-2.250322e-07
1.707677720200402e-02	-2.989395e-07
1.708677720200402e-02	-2.250360e-07
1.709677720200401e-02	-2.989357e-07
1.710677720200401e-02	-2.250398e-07
1.711677720200401e-02	-2.989319e-07
1.712677720200402e-02	-2.250436e-07
1.713677720200402e-02	-2.989281e-07
1.714677720200402e-02	-2.250474e-07
1.715677720200402e-02	-2.989243e-07
1.716677720200402e-02	-2.250513e-07
1.717677720200401e-02	-2.989205e-07
1.718677720200401e-02	-2.250550e-07
1.719677720200401e-02	-2.989167e-07
1.720677720200402e-02	-2.250589e-07
1.721677720200402e-02	-2.989129e-07
1.722677720200402e-02	-2.250626e-07
1.723677720200402e-02	-2.989091e-07
1.724677720200402e-02	-2.250664e-07
1.725677720200402e-02	-2.989053e-07
1.726677720200401e-02	-2.250702e-07
1.727677720200401e-02	-2.989015e-07
1.728677720200401e-02	-2.250740e-07
1.729677720200402e-02	-2.988978e-07
1.730677720200402e-02	-2.250778e-07
1.731677720200402e-02	-2.988940e-07
1.732677720200402e-02	-2.250816e-07
1.733677720200402e-02	-2.988902e-07
1.734677720200401e-02	-2.250854e-07
1.735677720200401e-02	-2.988864e-07
1.736677720200401e-02	-2.250891e-07
1.737677720200402e-02	-2.988827e-07
1.738677720200402e-02	-2.250929e-07
1.739677720200402e-02	-2.988789e-07
1.740677720200402e-02	-2.250967e-07
1.741677720200402e-02	-2.988751e-07
1.742677720200402e-02	-2.251005e-07
1.743677720200401e-02	-2.988714e-07
1.744677720200401e-02	-2.251042e-07
1.745677720200401e-02	-2.988676e-07
1.746677720200402e-02	-2.251080e-07
1.747677720200402e-02	-2.988639e-07
1.748677720200402e-02	-2.251117e-07
1.749677720200402e-02	-2.988601e-07
1.750677720200402e-02	-2.251155e-07
1.751677720200401e-02	-2.988563e-07
1.752677720200401e-02	-2.251192e-07
1.753677720200401e-02	-2.988526e-07
1.754677720200402e-02	-2.251230e-07
1.755677720200402e-02	-2.988488e-07
1.756677720200402e-02	-2.251267e-07
1.757677720200402e-02	-2.988451e-07
1.758677720200402e-02	-2.251305e-07
1.759677720200402e-02	-2.988414e-07
1.760677720200401e-02	-2.251342e-07
1.761677720200401e-02	-2.988376e-07
1.762677720200401e-02	-2.251380e-07
1.763677720200402e-02	-2.988339e-07
1.764677720200402e-02	-2.251417e-07
1.765677720200402e-02	-2.988302e-07
1.766677720200402e-02	-2.251454e-07
1.767677720200402e-02	-2.988264e-07
1.768677720200401e-02	-2.251492e-07
1.769677720200401e-02	-2.988227e-07
1.770677720200401e-02	-2.251529e-07
1.771677720200401e-02	-2.988190e-07
1.772677720200402e-02	-2.251566e-07
1.773677720200402e-02	-2.988153e-07
1.774677720200402e-02	-2.251603e-07
1.775677720200402e-02	-2.988116e-07
1.776677720200402e-02	-2.251640e-07
1.777677720200401e-02	-2.988078e-07
1.778677720200401e-02	-2.251678e-07
1.779677720200401e-02	-2.988041e-07
1.780677720200402e-02	-2.251715e-07
1.781677720200402e-02	-2.988004e-07
1.782677720200402e-02	-2.251752e-07
1.783677720200402e-02	-2.987967e-07
1.784677720200402e-02	-2.251789e-07
1.785677720200401e-02	-2.987930e-07
1.786677720200401e-02	-2.251826e-07
1.787677720200401e-02	-2.987893e-07
1.788677720200401e-02	-2.251863e-07
1.789677720200402e-02	-2.987856e-07
1.790677720200402e-02	-2.251900e-07
1.791677720200402e-02	-2.987819e-07
1.792677720200402e-02	-2.251937e-07
1.793677720200402e-02	-2.987782e-07
1.794677720200401e-02	-2.251974e-07
1.795677720200401e-02	-2.987746e-07
1.796677720200401e-02	-2.252011e-07
1.797677720200402e-02	-2.987709e-07
1.798677720200402e-02	-2.252047e-07
1.799677720200402e-02	-2.987672e-07
1.800677720200402e-02	-2.252084e-07
1.801677720200402e-02	-2.987635e-07
1.802677720200401e-02	-2.252121e-07
1.803677720200401e-02	-2.987598e-07
1.804677720200401e-02	-2.252158e-07
1.805677720200401e-02	-2.987561e-07
1.806677720200402e-02	-2.252195e-07
1.807677720200402e-02	-2.987525e-07
1.808677720200402e-02	-2.252231e-07
1.809677720200402e-02	-2.987488e-07
1.810677720200402e-02	-2.252268e-07
1.811677720200401e-02	-2.987451e-07
1.812677720200401e-02	-2.252305e-07
1.813677720200401e-02	-2.987415e-07
1.814677720200402e-02	-2.252341e-07
1.815677720200402e-02	-2.987378e-07
1.816677720200402e-02	-2.252378e-07
1.817677720200402e-02	-2.987341e-07
1.818677720200402e-02	-2.252415e-07
1.819677720200401e-02	-2.987305e-07
1.820677720200401e-02	-2.252451e-07
1.821677720200401e-02	-2.987268e-07
1.822677720200401e-02	-2.252488e-07
1.823677720200402e-02	-2.987232e-07
1.824677720200402e-02	-2.252524e-07
1.825677720200402e-02	-2.987196e-07
1.826677720200402e-02	-2.252561e-07
1.827677720200402e-02	-2.987159e-07
1.828677720200401e-02	-2.252597e-07
1.829677720200401e-02	-2.987123e-07
1.830677720200401e-02	-2.252633e-07
1.831677720200402e-02	-2.987086e-07
1.832677720200402e-02	-2.252670e-07
1.833677720200402e-02	-2.987050e-07
1.834677720200402e-02	-2.252706e-07
1.835677720200402e-02	-2.987013e-07
1.836677720200402e-02	-2.252742e-07
1.837677720200401e-02	-2.986977e-07
1.838677720200401e-02	-2.252779e-07
1.839677720200401e-02	-2.986941e-07
1.840677720200402e-02	-2.252815e-07
1.841677720200402e-02	-2.986905e-07
1.842677720200402e-02	-2.252851e-07
1.843677720200402e-02	-2.986868e-07
1.844677720200402e-02	-2.252888e-07
1.845677720200401e-02	-2.986832e-07
1.846677720200401e-02	-2.252924e-07
1.847677720200401e-02	-2.986796e-07
1.848677720200402e-02	-2.252960e-07
1.849677720200402e-02	-2.986760e-07
1.850677720200402e-02	-2.252996e-07
1.851677720200402e-02	-2.986724e-07
1.852677720200402e-02	-2.253032e-07
1.853677720200402e-02	-2.986688e-07
1.854677720200401e-02	-2.253068e-07
1.855677720200401e-02	-2.986652e-07
1.856677720200401e-02	-2.253104e-07
1.857677720200402e-02	-2.986616e-07
1.858677720200402e-02	-2.253140e-07
1.859677720200402e-02	-2.986580e-07
1.860677720200402e-02	-2.253176e-07
1.861677720200402e-02	-2.986544e-07
1.862677720200401e-02	-2.253212e-07
1.863677720200401e-02	-2.986508e-07
1.864677720200401e-02	-2.253248e-07
1.865677720200402e-02	-2.986472e-07
1.866677720200402e-02	-2.253284e-07
1.867677720200402e-02	-2.986436e-07
1.868677720200402e-02	-2.253320e-07
1.869677720200402e-02	-2.986400e-07
1.870677720200402e-02	-2.253356e-07
1.871677720200401e-02	-2.986364e-07
1.872677720200401e-02	-2.253392e-07
1.873677720200401e-02	-2.986328e-07
1.874677720200402e-02	-2.253427e-07
1.875677720200402e-02	-2.986293e-07
1.876677720200402e-02	-2.253463e-07
1.877677720200402e-02	-2.986257e-07
1.878677720200402e-02	-2.253499e-07
1.879677720200401e-02	-2.986221e-07
1.880677720200401e-02	-2.253535e-07
1.881677720200401e-02	-2.986185e-07
1.882677720200402e-02	-2.253570e-07
1.883677720200402e-02	-2.986150e-07
1.884677720200402e-02	-2.253606e-07
1.885677720200402e-02	-2.986114e-07
1.886677720200402e-02	-2.253642e-07
1.887677720200402e-02	-2.986079e-07
1.888677720200401e-02	-2.253677e-07
1.889677720200401e-02	-2.986043e-07
1.890677720200401e-02	-2.253713e-07
1.891677720200402e-02	-2.986007e-07
1.892677720200402e-02	-2.253748e-07
1.893677720200402e-02	-2.985972e-07
1.894677720200402e-02	-2.253784e-07
1.895677720200402e-02	-2.985936e-07
1.896677720200401e-02	-2.253820e-07
1.897677720200401e-02	-2.985901e-07
1.898677720200401e-02	-2.253855e-07
1.899677720200401e-02	-2.985865e-07
1.900677720200402e-02	-2.253890e-07
1.901677720200402e-02	-2.985830e-07
1.902677720200402e-02	-2.253926e-07
1.903677720200402e-02	-2.985794e-07
1.904677720200402e-02	-2.253961e-07
1.905677720200401e-02	-2.985759e-07
1.906677720200401e-02	-2.253997e-07
1.907677720200401e-02	-2.985724e-07
1.908677720200402e-02	-2.254032e-07
1.909677720200402e-02	-2.985688e-07
1.910677720200402e-02	-2.254067e-07
1.911677720200402e-02	-2.985653e-07
1.912677720200402e-02	-2.254103e-07
1.913677720200401e-02	-2.985618e-07
1.914677720200401e-02	-2.254138e-07
1.915677720200401e-02	-2.985583e-07
1.916677720200401e-02	-2.254173e-07
1.917677720200402e-02	-2.985547e-07
1.918677720200402e-02	-2.254208e-07
1.919677720200402e-02	-2.985512e-07
1.920677720200402e-02	-2.254243e-07
1.921677720200402e-02	-2.985477e-07
1.922677720200401e-02	-2.254279e-07
1.923677720200401e-02	-2.985442e-07
1.924677720200401e-02	-2.254314e-07
1.925677720200402e-02	-2.985407e-07
1.926677720200402e-02	-2.254349e-07
1.927677720200402e-02	-2.985372e-07
1.928677720200402e-02	-2.254384e-07
1.929677720200402e-02	-2.985337e-07
1.930677720200401e-02	-2.254419e-07
1.931677720200401e-02	-2.985302e-07
1.932677720200401e-02	-2.254454e-07
1.933677720200401e-02	-2.985267e-07
1.934677720200402e-02	-2.254489e-07
1.935677720200402e-02	-2.985232e-07
1.936677720200402e-02	-2.254524e-07
1.937677720200402e-02	-2.985197e-07
1.938677720200402e-02	-2.254559e-07
1.939677720200401e-02	-2.985162e-07
1.940677720200401e-02	-2.254594e-07
1.941677720200401e-02	-2.985127e-07
1.942677720200402e-02	-2.254629e-07
1.943677720200402e-02	-2.985092e-07
1.944677720200402e-02	-2.254664e-07
1.945677720200402e-02	-2.985057e-07
1.946677720200402e-02	-2.254698e-07
1.947677720200401e-02	-2.985022e-07
1.948677720200401e-02	-2.254733e-07
1.949677720200401e-02	-2.984987e-07
1.950677720200401e-02	-2.254768e-07
1.951677720200402e-02	-2.984953e-07
1.952677720200402e-02	-2.254803e-07
1.953677720200402e-02	-2.984918e-07
1.954677720200402e-02	-2.254837e-07
1.955677720200402e-02	-2.984883e-07
1.956677720200401e-02	-2.254872e-07
1.957677720200401e-02	-2.984849e-07
1.958677720200401e-02	-2.254907e-07
1.959677720200402e-02	-2.984814e-07
1.960677720200402e-02	-2.254941e-07
1.961677720200402e-02	-2.984779e-07
1.962677720200402e-02	-2.254976e-07
1.963677720200402e-02	-2.984745e-07
1.964677720200401e-02	-2.255011e-07
1.965677720200401e-02	-2.984710e-07
1.966677720200401e-02	-2.255045e-07
1.967677720200401e-02	-2.984676e-07
1.968677720200402e-02	-2.255080e-07
1.969677720200402e-02	-2.984641e-07
1.970677720200402e-02	-2.255114e-07
1.971677720200402e-02	-2.984607e-07
1.972677720200402e-02	-2.255149e-07
1.973677720200401e-02	-2.984572e-07
1.974677720200401e-02	-2.255183e-07
1.975677720200401e-02	-2.984538e-07
1.976677720200402e-02	-2.255218e-07
1.977677720200402e-02	-2.984503e-07
1.978677720200402e-02	-2.255252e-07
1.979677720200402e-02	-2.984469e-07
1.980677720200402e-02	-2.255286e-07
1.981677720200401e-02	-2.984435e-07
1.982677720200401e-02	-2.255321e-07
1.983677720200401e-02	-2.984400e-07
1.984677720200401e-02	-2.255355e-07
1.985677720200402e-02	-2.984366e-07
1.986677720200402e-02	-2.255389e-07
1.987677720200402e-02	-2.984332e-07
1.988677720200402e-02	-2.255424e-07
1.989677720200402e-02	-2.984297e-07
1.990677720200401e-02	-2.255458e-07
1.991677720200401e-02	-2.984263e-07
1.992677720200401e-02	-2.255492e-07
1.993677720200402e-02	-2.984229e-07
1.994677720200402e-02	-2.255526e-07
1.995677720200402e-02	-2.984195e-07
1.996677720200402e-02	-2.255561e-07
1.997677720200402e-02	-2.984161e-07
1.998677720200401e-02	-2.255595e-07
1.999677720200401e-02	-2.984127e-07
2.000000000000000e-02	-2.255665e-07
