time	V(out_pos,out_neg)
0.000000000000000e+00	5.245209e-06
9.999999439624929e-11	5.245209e-06
1.999999887924986e-10	5.245209e-06
3.999999775849972e-10	5.245209e-06
7.999999551699943e-10	5.245209e-06
1.599999910339989e-09	5.245209e-06
3.199999820679977e-09	5.245209e-06
6.399999641359955e-09	5.245209e-06
1.279999928271991e-08	5.006790e-06
2.559999856543982e-08	4.529953e-06
5.119999713087964e-08	3.099442e-06
9.246836233724925e-08	1.001358e-05
1.509464896159009e-07	2.813339e-05
2.056477513197836e-07	3.600121e-05
2.711089164856950e-07	2.670288e-05
3.307160233224870e-07	1.740456e-05
4.499302369960711e-07	-1.406670e-05
4.726459094992694e-07	-2.121925e-05
5.180772545056659e-07	-2.193451e-05
6.089399445184590e-07	-2.026558e-05
7.906653245440450e-07	-1.001358e-05
1.154116084595217e-06	-2.145767e-06
1.732298781783925e-06	-4.386902e-05
2.455606653067474e-06	-1.339912e-04
3.488132917689737e-06	-3.321171e-04
5.266638673671726e-06	-9.434223e-04
8.823650185635705e-06	-6.256104e-04
1.593767320956366e-05	9.889603e-04
2.593767320956366e-05	-4.299641e-03
3.593767320956366e-05	-3.927946e-03
4.593767320956366e-05	-2.074242e-03
5.593767320956366e-05	-2.116919e-03
6.593767320956366e-05	-8.032322e-04
7.593767320956366e-05	-3.399849e-04
8.593767320956366e-05	-1.058578e-04
9.593767320956366e-05	-2.455711e-05
1.000000009999994e-04	-2.980232e-05
1.000000019999994e-04	-2.980232e-05
1.000000179999994e-04	-2.980232e-05
1.000000499999994e-04	-2.980232e-05
1.000001139999994e-04	-2.980232e-05
1.000002419999994e-04	-2.980232e-05
1.000004979999994e-04	-2.980232e-05
1.000010099999994e-04	-2.980232e-05
1.000020339999994e-04	-2.980232e-05
1.000040819999994e-04	-3.004074e-05
1.000081779999994e-04	-2.980232e-05
1.000163699999994e-04	-2.956390e-05
1.000327539999994e-04	-2.932549e-05
1.000655219999995e-04	-2.956390e-05
1.001310579999995e-04	-2.932549e-05
1.002621299999997e-04	-2.908707e-05
1.005242740000000e-04	-2.908707e-05
1.010485620000006e-04	-2.861023e-05
1.020971380000018e-04	-2.789497e-05
1.041942900000042e-04	-2.408028e-05
1.083885940000089e-04	-9.059906e-06
1.167772020000184e-04	2.121925e-05
1.267772020000184e-04	-8.987832e-02
1.367772020000184e-04	-3.832030e-02
1.467772020000184e-04	1.438134e-01
1.523282179888033e-04	2.931232e-01
1.567376422218519e-04	4.760003e-01
1.596313782809858e-04	5.404468e-01
1.627936092688007e-04	5.950985e-01
1.665372443468691e-04	6.531196e-01
1.719986193767235e-04	7.337048e-01
1.819986193767235e-04	8.757424e-01
1.919986193767235e-04	1.015196e+00
2.019986193767235e-04	1.153297e+00
2.119986193767235e-04	1.290754e+00
2.219986193767235e-04	1.427531e+00
2.319986193767235e-04	1.564106e+00
2.419986193767235e-04	1.700177e+00
2.519986193767235e-04	1.831055e+00
2.619986193767235e-04	1.945466e+00
2.719986193767235e-04	2.137429e+00
2.819986193767235e-04	2.293678e+00
2.919986193767235e-04	2.600894e+00
2.975201184064908e-04	2.881552e+00
3.028670489355589e-04	3.212519e+00
3.086543750549845e-04	3.564728e+00
3.186543750549845e-04	4.044248e+00
3.286543750549845e-04	4.375472e+00
3.386543750549845e-04	4.569762e+00
3.486543750549845e-04	4.711381e+00
3.586543750549845e-04	4.846771e+00
3.686543750549845e-04	4.979499e+00
3.786543750549845e-04	5.110656e+00
3.886543750549845e-04	5.240691e+00
3.986543750549845e-04	5.369912e+00
4.086543750549845e-04	5.498471e+00
4.186543750549845e-04	5.626485e+00
4.286543750549845e-04	5.754019e+00
4.386543750549845e-04	5.881138e+00
4.486543750549845e-04	6.007872e+00
4.586543750549845e-04	6.134263e+00
4.686543750549845e-04	6.260328e+00
4.786543750549845e-04	6.384311e+00
4.886543750549845e-04	6.482567e+00
4.986543750549845e-04	6.530760e+00
5.086543750549845e-04	6.546480e+00
5.186543750549845e-04	6.554258e+00
5.286543750549845e-04	6.559216e+00
5.386543750549845e-04	6.562723e+00
5.486543750549844e-04	6.565330e+00
5.586543750549845e-04	6.567370e+00
5.686543750549845e-04	6.568991e+00
5.786543750549845e-04	6.570335e+00
5.886543750549844e-04	6.571442e+00
5.986543750549845e-04	6.572394e+00
6.086543750549845e-04	6.573195e+00
6.186543750549845e-04	6.573904e+00
6.286543750549844e-04	6.574507e+00
6.386543750549845e-04	6.575054e+00
6.486543750549845e-04	6.575522e+00
6.586543750549845e-04	6.575955e+00
6.686543750549844e-04	6.576327e+00
6.786543750549845e-04	6.576677e+00
6.886543750549845e-04	6.576977e+00
6.986543750549845e-04	6.577265e+00
7.086543750549844e-04	6.577510e+00
7.186543750549845e-04	6.577750e+00
7.286543750549845e-04	6.577954e+00
7.386543750549845e-04	6.578156e+00
7.486543750549844e-04	6.578326e+00
7.586543750549845e-04	6.578499e+00
7.686543750549845e-04	6.578641e+00
7.786543750549845e-04	6.578790e+00
7.886543750549844e-04	6.578911e+00
7.986543750549845e-04	6.579040e+00
8.086543750549845e-04	6.579142e+00
8.186543750549845e-04	6.579254e+00
8.286543750549844e-04	6.579342e+00
8.386543750549844e-04	6.579441e+00
8.486543750549845e-04	6.579516e+00
8.586543750549845e-04	6.579603e+00
8.686543750549844e-04	6.579667e+00
8.786543750549844e-04	6.579745e+00
8.886543750549845e-04	6.579800e+00
8.986543750549845e-04	6.579869e+00
9.086543750549844e-04	6.579916e+00
9.186543750549844e-04	6.579978e+00
9.286543750549845e-04	6.580019e+00
9.386543750549845e-04	6.580075e+00
9.486543750549844e-04	6.580109e+00
9.586543750549844e-04	6.580160e+00
9.686543750549845e-04	6.580190e+00
9.786543750549845e-04	6.580235e+00
9.886543750549845e-04	6.580261e+00
9.986543750549845e-04	6.580303e+00
1.000000000000000e-03	6.580292e+00
1.000000001000000e-03	6.580292e+00
1.000000017000000e-03	6.580293e+00
1.000000049000000e-03	6.580293e+00
1.000000113000000e-03	6.580295e+00
1.000000241000000e-03	6.580297e+00
1.000000497000000e-03	6.580300e+00
1.000001009000000e-03	6.580301e+00
1.000002033000000e-03	6.580302e+00
1.000004081000000e-03	6.580302e+00
1.000008177000000e-03	6.580302e+00
1.000016369000001e-03	6.580303e+00
1.000032753000001e-03	6.580303e+00
1.000065521000002e-03	6.580303e+00
1.000131057000004e-03	6.580303e+00
1.000262129000007e-03	6.580304e+00
1.000524273000015e-03	6.580305e+00
1.001048561000029e-03	6.580306e+00
1.002097137000058e-03	6.580309e+00
1.004194289000116e-03	6.580316e+00
1.008388593000232e-03	6.580328e+00
1.016777201000463e-03	6.580353e+00
1.026777201000463e-03	6.580380e+00
1.036777201000463e-03	6.580407e+00
1.046777201000463e-03	6.580431e+00
1.056777201000463e-03	6.580454e+00
1.066777201000463e-03	6.580476e+00
1.076777201000463e-03	6.580497e+00
1.086777201000463e-03	6.580517e+00
1.096777201000463e-03	6.580536e+00
1.106777201000463e-03	6.580554e+00
1.116777201000463e-03	6.580570e+00
1.126777201000463e-03	6.580586e+00
1.136777201000463e-03	6.580601e+00
1.146777201000463e-03	6.580616e+00
1.156777201000463e-03	6.580629e+00
1.166777201000463e-03	6.580642e+00
1.176777201000463e-03	6.580654e+00
1.186777201000463e-03	6.580665e+00
1.196777201000463e-03	6.580676e+00
1.206777201000463e-03	6.580687e+00
1.216777201000463e-03	6.580696e+00
1.226777201000463e-03	6.580706e+00
1.236777201000463e-03	6.580715e+00
1.246777201000463e-03	6.580723e+00
1.256777201000463e-03	6.580731e+00
1.266777201000463e-03	6.580738e+00
1.276777201000463e-03	6.580746e+00
1.286777201000463e-03	6.580752e+00
1.296777201000463e-03	6.580759e+00
1.306777201000463e-03	6.580765e+00
1.316777201000463e-03	6.580771e+00
1.326777201000463e-03	6.580777e+00
1.336777201000463e-03	6.580782e+00
1.346777201000463e-03	6.580787e+00
1.356777201000463e-03	6.580792e+00
1.366777201000463e-03	6.580796e+00
1.376777201000463e-03	6.580800e+00
1.386777201000463e-03	6.580804e+00
1.396777201000463e-03	6.580808e+00
1.406777201000463e-03	6.580812e+00
1.416777201000463e-03	6.580815e+00
1.426777201000463e-03	6.580819e+00
1.436777201000463e-03	6.580822e+00
1.446777201000463e-03	6.580825e+00
1.456777201000463e-03	6.580828e+00
1.466777201000463e-03	6.580830e+00
1.476777201000463e-03	6.580833e+00
1.486777201000463e-03	6.580835e+00
1.496777201000463e-03	6.580838e+00
1.506777201000463e-03	6.580840e+00
1.516777201000463e-03	6.580842e+00
1.526777201000463e-03	6.580844e+00
1.536777201000463e-03	6.580846e+00
1.546777201000463e-03	6.580848e+00
1.556777201000463e-03	6.580850e+00
1.566777201000463e-03	6.580851e+00
1.576777201000463e-03	6.580853e+00
1.586777201000463e-03	6.580854e+00
1.596777201000463e-03	6.580856e+00
1.606777201000463e-03	6.580857e+00
1.616777201000463e-03	6.580858e+00
1.626777201000463e-03	6.580860e+00
1.636777201000463e-03	6.580861e+00
1.646777201000463e-03	6.580862e+00
1.656777201000463e-03	6.580863e+00
1.666777201000463e-03	6.580864e+00
1.676777201000463e-03	6.580865e+00
1.686777201000463e-03	6.580866e+00
1.696777201000463e-03	6.580867e+00
1.706777201000463e-03	6.580867e+00
1.716777201000463e-03	6.580868e+00
1.726777201000463e-03	6.580869e+00
1.736777201000463e-03	6.580870e+00
1.746777201000463e-03	6.580870e+00
1.756777201000463e-03	6.580871e+00
1.766777201000463e-03	6.580872e+00
1.776777201000463e-03	6.580872e+00
1.786777201000463e-03	6.580873e+00
1.796777201000463e-03	6.580873e+00
1.806777201000463e-03	6.580874e+00
1.816777201000463e-03	6.580874e+00
1.826777201000463e-03	6.580875e+00
1.836777201000463e-03	6.580875e+00
1.846777201000463e-03	6.580875e+00
1.856777201000463e-03	6.580876e+00
1.866777201000463e-03	6.580876e+00
1.876777201000463e-03	6.580877e+00
1.886777201000463e-03	6.580877e+00
1.896777201000463e-03	6.580877e+00
1.906777201000463e-03	6.580877e+00
1.916777201000463e-03	6.580878e+00
1.926777201000463e-03	6.580878e+00
1.936777201000463e-03	6.580878e+00
1.946777201000463e-03	6.580879e+00
1.956777201000463e-03	6.580879e+00
1.966777201000463e-03	6.580879e+00
1.976777201000463e-03	6.580879e+00
1.986777201000463e-03	6.580879e+00
1.996777201000463e-03	6.580880e+00
2.006777201000463e-03	6.580880e+00
2.016777201000463e-03	6.580880e+00
2.026777201000463e-03	6.580880e+00
2.036777201000463e-03	6.580880e+00
2.046777201000463e-03	6.580880e+00
2.056777201000463e-03	6.580881e+00
2.066777201000463e-03	6.580881e+00
2.076777201000463e-03	6.580881e+00
2.086777201000463e-03	6.580881e+00
2.096777201000463e-03	6.580881e+00
2.106777201000463e-03	6.580881e+00
2.116777201000463e-03	6.580881e+00
2.126777201000463e-03	6.580881e+00
2.136777201000463e-03	6.580882e+00
2.146777201000463e-03	6.580882e+00
2.156777201000463e-03	6.580882e+00
2.166777201000463e-03	6.580882e+00
2.176777201000463e-03	6.580882e+00
2.186777201000463e-03	6.580882e+00
2.196777201000463e-03	6.580882e+00
2.206777201000463e-03	6.580882e+00
2.216777201000463e-03	6.580882e+00
2.226777201000463e-03	6.580882e+00
2.236777201000463e-03	6.580882e+00
2.246777201000463e-03	6.580882e+00
2.256777201000463e-03	6.580882e+00
2.266777201000463e-03	6.580882e+00
2.276777201000463e-03	6.580882e+00
2.286777201000463e-03	6.580883e+00
2.296777201000463e-03	6.580883e+00
2.306777201000463e-03	6.580883e+00
2.316777201000463e-03	6.580883e+00
2.326777201000463e-03	6.580883e+00
2.336777201000463e-03	6.580883e+00
2.346777201000463e-03	6.580883e+00
2.356777201000463e-03	6.580883e+00
2.366777201000463e-03	6.580883e+00
2.376777201000463e-03	6.580883e+00
2.386777201000463e-03	6.580883e+00
2.396777201000463e-03	6.580883e+00
2.406777201000463e-03	6.580883e+00
2.416777201000463e-03	6.580883e+00
2.426777201000463e-03	6.580883e+00
2.436777201000463e-03	6.580883e+00
2.446777201000463e-03	6.580883e+00
2.456777201000463e-03	6.580883e+00
2.466777201000463e-03	6.580883e+00
2.476777201000463e-03	6.580883e+00
2.486777201000463e-03	6.580883e+00
2.496777201000463e-03	6.580883e+00
2.506777201000463e-03	6.580883e+00
2.516777201000463e-03	6.580883e+00
2.526777201000463e-03	6.580883e+00
2.536777201000463e-03	6.580883e+00
2.546777201000463e-03	6.580883e+00
2.556777201000463e-03	6.580883e+00
2.566777201000463e-03	6.580883e+00
2.576777201000463e-03	6.580883e+00
2.586777201000463e-03	6.580883e+00
2.596777201000463e-03	6.580883e+00
2.606777201000463e-03	6.580883e+00
2.616777201000463e-03	6.580883e+00
2.626777201000463e-03	6.580883e+00
2.636777201000463e-03	6.580883e+00
2.646777201000463e-03	6.580883e+00
2.656777201000463e-03	6.580883e+00
2.666777201000463e-03	6.580883e+00
2.676777201000463e-03	6.580883e+00
2.686777201000463e-03	6.580883e+00
2.696777201000463e-03	6.580883e+00
2.706777201000463e-03	6.580883e+00
2.716777201000463e-03	6.580883e+00
2.726777201000463e-03	6.580883e+00
2.736777201000463e-03	6.580883e+00
2.746777201000463e-03	6.580883e+00
2.756777201000463e-03	6.580883e+00
2.766777201000463e-03	6.580883e+00
2.776777201000463e-03	6.580883e+00
2.786777201000463e-03	6.580883e+00
2.796777201000463e-03	6.580883e+00
2.806777201000463e-03	6.580883e+00
2.816777201000463e-03	6.580883e+00
2.826777201000463e-03	6.580883e+00
2.836777201000463e-03	6.580883e+00
2.846777201000463e-03	6.580883e+00
2.856777201000463e-03	6.580883e+00
2.866777201000463e-03	6.580883e+00
2.876777201000463e-03	6.580883e+00
2.886777201000463e-03	6.580883e+00
2.896777201000463e-03	6.580883e+00
2.906777201000463e-03	6.580883e+00
2.916777201000463e-03	6.580883e+00
2.926777201000463e-03	6.580883e+00
2.936777201000463e-03	6.580883e+00
2.946777201000463e-03	6.580883e+00
2.956777201000463e-03	6.580883e+00
2.966777201000463e-03	6.580883e+00
2.976777201000463e-03	6.580883e+00
2.986777201000463e-03	6.580883e+00
2.996777201000463e-03	6.580883e+00
3.006777201000463e-03	6.580883e+00
3.016777201000463e-03	6.580883e+00
3.026777201000463e-03	6.580883e+00
3.036777201000463e-03	6.580883e+00
3.046777201000463e-03	6.580883e+00
3.056777201000463e-03	6.580883e+00
3.066777201000463e-03	6.580883e+00
3.076777201000463e-03	6.580883e+00
3.086777201000463e-03	6.580883e+00
3.096777201000463e-03	6.580883e+00
3.106777201000463e-03	6.580883e+00
3.116777201000463e-03	6.580883e+00
3.126777201000463e-03	6.580883e+00
3.136777201000463e-03	6.580883e+00
3.146777201000463e-03	6.580883e+00
3.156777201000463e-03	6.580883e+00
3.166777201000463e-03	6.580883e+00
3.176777201000463e-03	6.580883e+00
3.186777201000463e-03	6.580883e+00
3.196777201000463e-03	6.580883e+00
3.206777201000463e-03	6.580883e+00
3.216777201000463e-03	6.580883e+00
3.226777201000463e-03	6.580883e+00
3.236777201000463e-03	6.580883e+00
3.246777201000463e-03	6.580883e+00
3.256777201000463e-03	6.580883e+00
3.266777201000463e-03	6.580883e+00
3.276777201000463e-03	6.580883e+00
3.286777201000463e-03	6.580883e+00
3.296777201000463e-03	6.580883e+00
3.306777201000463e-03	6.580883e+00
3.316777201000463e-03	6.580883e+00
3.326777201000463e-03	6.580883e+00
3.336777201000463e-03	6.580883e+00
3.346777201000463e-03	6.580883e+00
3.356777201000463e-03	6.580883e+00
3.366777201000463e-03	6.580883e+00
3.376777201000463e-03	6.580883e+00
3.386777201000463e-03	6.580883e+00
3.396777201000463e-03	6.580883e+00
3.406777201000463e-03	6.580883e+00
3.416777201000463e-03	6.580883e+00
3.426777201000463e-03	6.580883e+00
3.436777201000463e-03	6.580883e+00
3.446777201000463e-03	6.580883e+00
3.456777201000463e-03	6.580883e+00
3.466777201000463e-03	6.580883e+00
3.476777201000463e-03	6.580883e+00
3.486777201000463e-03	6.580883e+00
3.496777201000463e-03	6.580883e+00
3.506777201000463e-03	6.580883e+00
3.516777201000463e-03	6.580883e+00
3.526777201000463e-03	6.580883e+00
3.536777201000463e-03	6.580883e+00
3.546777201000463e-03	6.580883e+00
3.556777201000463e-03	6.580883e+00
3.566777201000463e-03	6.580883e+00
3.576777201000463e-03	6.580883e+00
3.586777201000463e-03	6.580883e+00
3.596777201000463e-03	6.580883e+00
3.606777201000463e-03	6.580883e+00
3.616777201000463e-03	6.580883e+00
3.626777201000463e-03	6.580883e+00
3.636777201000463e-03	6.580883e+00
3.646777201000463e-03	6.580883e+00
3.656777201000463e-03	6.580883e+00
3.666777201000463e-03	6.580883e+00
3.676777201000463e-03	6.580883e+00
3.686777201000463e-03	6.580883e+00
3.696777201000463e-03	6.580883e+00
3.706777201000463e-03	6.580883e+00
3.716777201000463e-03	6.580883e+00
3.726777201000463e-03	6.580883e+00
3.736777201000463e-03	6.580883e+00
3.746777201000463e-03	6.580883e+00
3.756777201000463e-03	6.580883e+00
3.766777201000463e-03	6.580883e+00
3.776777201000463e-03	6.580883e+00
3.786777201000463e-03	6.580883e+00
3.796777201000463e-03	6.580883e+00
3.806777201000463e-03	6.580883e+00
3.816777201000463e-03	6.580883e+00
3.826777201000463e-03	6.580883e+00
3.836777201000463e-03	6.580883e+00
3.846777201000463e-03	6.580883e+00
3.856777201000463e-03	6.580883e+00
3.866777201000463e-03	6.580883e+00
3.876777201000463e-03	6.580883e+00
3.886777201000463e-03	6.580883e+00
3.896777201000463e-03	6.580883e+00
3.906777201000463e-03	6.580883e+00
3.916777201000463e-03	6.580883e+00
3.926777201000463e-03	6.580883e+00
3.936777201000463e-03	6.580883e+00
3.946777201000463e-03	6.580883e+00
3.956777201000463e-03	6.580883e+00
3.966777201000463e-03	6.580883e+00
3.976777201000463e-03	6.580883e+00
3.986777201000463e-03	6.580883e+00
3.996777201000463e-03	6.580883e+00
4.006777201000463e-03	6.580883e+00
4.016777201000463e-03	6.580883e+00
4.026777201000463e-03	6.580883e+00
4.036777201000463e-03	6.580883e+00
4.046777201000462e-03	6.580883e+00
4.056777201000463e-03	6.580883e+00
4.066777201000463e-03	6.580883e+00
4.076777201000463e-03	6.580883e+00
4.086777201000463e-03	6.580883e+00
4.096777201000463e-03	6.580883e+00
4.106777201000463e-03	6.580883e+00
4.116777201000463e-03	6.580883e+00
4.126777201000463e-03	6.580883e+00
4.136777201000463e-03	6.580883e+00
4.146777201000463e-03	6.580883e+00
4.156777201000463e-03	6.580883e+00
4.166777201000463e-03	6.580883e+00
4.176777201000463e-03	6.580883e+00
4.186777201000463e-03	6.580883e+00
4.196777201000462e-03	6.580883e+00
4.206777201000463e-03	6.580883e+00
4.216777201000462e-03	6.580883e+00
4.226777201000463e-03	6.580883e+00
4.236777201000463e-03	6.580883e+00
4.246777201000463e-03	6.580883e+00
4.256777201000463e-03	6.580883e+00
4.266777201000463e-03	6.580883e+00
4.276777201000463e-03	6.580883e+00
4.286777201000463e-03	6.580883e+00
4.296777201000463e-03	6.580883e+00
4.306777201000463e-03	6.580883e+00
4.316777201000463e-03	6.580883e+00
4.326777201000463e-03	6.580883e+00
4.336777201000463e-03	6.580883e+00
4.346777201000463e-03	6.580883e+00
4.356777201000463e-03	6.580883e+00
4.366777201000462e-03	6.580883e+00
4.376777201000463e-03	6.580883e+00
4.386777201000462e-03	6.580883e+00
4.396777201000463e-03	6.580883e+00
4.406777201000463e-03	6.580883e+00
4.416777201000463e-03	6.580883e+00
4.426777201000463e-03	6.580883e+00
4.436777201000463e-03	6.580883e+00
4.446777201000463e-03	6.580883e+00
4.456777201000463e-03	6.580883e+00
4.466777201000463e-03	6.580883e+00
4.476777201000463e-03	6.580883e+00
4.486777201000463e-03	6.580883e+00
4.496777201000463e-03	6.580883e+00
4.506777201000463e-03	6.580883e+00
4.516777201000462e-03	6.580883e+00
4.526777201000463e-03	6.580883e+00
4.536777201000462e-03	6.580883e+00
4.546777201000463e-03	6.580883e+00
4.556777201000463e-03	6.580883e+00
4.566777201000463e-03	6.580883e+00
4.576777201000463e-03	6.580883e+00
4.586777201000463e-03	6.580883e+00
4.596777201000463e-03	6.580883e+00
4.606777201000463e-03	6.580883e+00
4.616777201000463e-03	6.580883e+00
4.626777201000463e-03	6.580883e+00
4.636777201000463e-03	6.580883e+00
4.646777201000463e-03	6.580883e+00
4.656777201000463e-03	6.580883e+00
4.666777201000463e-03	6.580883e+00
4.676777201000463e-03	6.580883e+00
4.686777201000462e-03	6.580883e+00
4.696777201000463e-03	6.580883e+00
4.706777201000462e-03	6.580883e+00
4.716777201000463e-03	6.580883e+00
4.726777201000463e-03	6.580883e+00
4.736777201000463e-03	6.580883e+00
4.746777201000463e-03	6.580883e+00
4.756777201000463e-03	6.580883e+00
4.766777201000463e-03	6.580883e+00
4.776777201000463e-03	6.580883e+00
4.786777201000463e-03	6.580883e+00
4.796777201000463e-03	6.580883e+00
4.806777201000463e-03	6.580883e+00
4.816777201000463e-03	6.580883e+00
4.826777201000463e-03	6.580883e+00
4.836777201000462e-03	6.580883e+00
4.846777201000463e-03	6.580883e+00
4.856777201000462e-03	6.580883e+00
4.866777201000463e-03	6.580883e+00
4.876777201000462e-03	6.580883e+00
4.886777201000463e-03	6.580883e+00
4.896777201000463e-03	6.580883e+00
4.906777201000463e-03	6.580883e+00
4.916777201000463e-03	6.580883e+00
4.926777201000463e-03	6.580883e+00
4.936777201000463e-03	6.580883e+00
4.946777201000463e-03	6.580883e+00
4.956777201000463e-03	6.580883e+00
4.966777201000463e-03	6.580883e+00
4.976777201000463e-03	6.580883e+00
4.986777201000463e-03	6.580883e+00
4.996777201000463e-03	6.580883e+00
5.006777201000462e-03	6.580883e+00
5.016777201000463e-03	6.580883e+00
5.026777201000462e-03	6.580883e+00
5.036777201000463e-03	6.580883e+00
5.046777201000462e-03	6.580883e+00
5.056777201000463e-03	6.580883e+00
5.066777201000463e-03	6.580883e+00
5.076777201000463e-03	6.580883e+00
5.086777201000463e-03	6.580883e+00
5.096777201000463e-03	6.580883e+00
5.106777201000463e-03	6.580883e+00
5.116777201000463e-03	6.580883e+00
5.126777201000463e-03	6.580883e+00
5.136777201000463e-03	6.580883e+00
5.146777201000463e-03	6.580883e+00
5.156777201000462e-03	6.580883e+00
5.166777201000463e-03	6.580883e+00
5.176777201000462e-03	6.580883e+00
5.186777201000463e-03	6.580883e+00
5.196777201000462e-03	6.580883e+00
5.206777201000463e-03	6.580883e+00
5.216777201000463e-03	6.580883e+00
5.226777201000463e-03	6.580883e+00
5.236777201000463e-03	6.580883e+00
5.246777201000463e-03	6.580883e+00
5.256777201000463e-03	6.580883e+00
5.266777201000463e-03	6.580883e+00
5.276777201000463e-03	6.580883e+00
5.286777201000463e-03	6.580883e+00
5.296777201000463e-03	6.580883e+00
5.306777201000463e-03	6.580883e+00
5.316777201000463e-03	6.580883e+00
5.326777201000462e-03	6.580883e+00
5.336777201000463e-03	6.580883e+00
5.346777201000462e-03	6.580883e+00
5.356777201000463e-03	6.580883e+00
5.366777201000462e-03	6.580883e+00
5.376777201000463e-03	6.580883e+00
5.386777201000463e-03	6.580883e+00
5.396777201000463e-03	6.580883e+00
5.406777201000463e-03	6.580883e+00
5.416777201000463e-03	6.580883e+00
5.426777201000463e-03	6.580883e+00
5.436777201000463e-03	6.580883e+00
5.446777201000463e-03	6.580883e+00
5.456777201000463e-03	6.580883e+00
5.466777201000463e-03	6.580883e+00
5.476777201000462e-03	6.580883e+00
5.486777201000463e-03	6.580883e+00
5.496777201000462e-03	6.580883e+00
5.506777201000463e-03	6.580883e+00
5.516777201000462e-03	6.580883e+00
5.526777201000463e-03	6.580883e+00
5.536777201000462e-03	6.580883e+00
5.546777201000463e-03	6.580883e+00
5.556777201000463e-03	6.580883e+00
5.566777201000463e-03	6.580883e+00
5.576777201000463e-03	6.580883e+00
5.586777201000463e-03	6.580883e+00
5.596777201000463e-03	6.580883e+00
5.606777201000463e-03	6.580883e+00
5.616777201000463e-03	6.580883e+00
5.626777201000463e-03	6.580883e+00
5.636777201000463e-03	6.580883e+00
5.646777201000462e-03	6.580883e+00
5.656777201000463e-03	6.580883e+00
5.666777201000462e-03	6.580883e+00
5.676777201000463e-03	6.580883e+00
5.686777201000462e-03	6.580883e+00
5.696777201000463e-03	6.580883e+00
5.706777201000462e-03	6.580883e+00
5.716777201000463e-03	6.580883e+00
5.726777201000463e-03	6.580883e+00
5.736777201000463e-03	6.580883e+00
5.746777201000463e-03	6.580883e+00
5.756777201000463e-03	6.580883e+00
5.766777201000463e-03	6.580883e+00
5.776777201000463e-03	6.580883e+00
5.786777201000463e-03	6.580883e+00
5.796777201000462e-03	6.580883e+00
5.806777201000463e-03	6.580883e+00
5.816777201000462e-03	6.580883e+00
5.826777201000463e-03	6.580883e+00
5.836777201000462e-03	6.580883e+00
5.846777201000463e-03	6.580883e+00
5.856777201000462e-03	6.580883e+00
5.866777201000463e-03	6.580883e+00
5.876777201000462e-03	6.580883e+00
5.886777201000463e-03	6.580883e+00
5.896777201000463e-03	6.580883e+00
5.906777201000463e-03	6.580883e+00
5.916777201000463e-03	6.580883e+00
5.926777201000463e-03	6.580883e+00
5.936777201000463e-03	6.580883e+00
5.946777201000463e-03	6.580883e+00
5.956777201000463e-03	6.580883e+00
5.966777201000462e-03	6.580883e+00
5.976777201000463e-03	6.580883e+00
5.986777201000462e-03	6.580883e+00
5.996777201000463e-03	6.580883e+00
6.006777201000462e-03	6.580883e+00
6.016777201000463e-03	6.580883e+00
6.026777201000462e-03	6.580883e+00
6.036777201000463e-03	6.580883e+00
6.046777201000463e-03	6.580883e+00
6.056777201000463e-03	6.580883e+00
6.066777201000463e-03	6.580883e+00
6.076777201000463e-03	6.580883e+00
6.086777201000463e-03	6.580883e+00
6.096777201000463e-03	6.580883e+00
6.106777201000463e-03	6.580883e+00
6.116777201000462e-03	6.580883e+00
6.126777201000463e-03	6.580883e+00
6.136777201000462e-03	6.580883e+00
6.146777201000463e-03	6.580883e+00
6.156777201000462e-03	6.580883e+00
6.166777201000463e-03	6.580883e+00
6.176777201000462e-03	6.580883e+00
6.186777201000463e-03	6.580883e+00
6.196777201000462e-03	6.580883e+00
6.206777201000463e-03	6.580883e+00
6.216777201000463e-03	6.580883e+00
6.226777201000463e-03	6.580883e+00
6.236777201000463e-03	6.580883e+00
6.246777201000463e-03	6.580883e+00
6.256777201000463e-03	6.580883e+00
6.266777201000463e-03	6.580883e+00
6.276777201000463e-03	6.580883e+00
6.286777201000462e-03	6.580883e+00
6.296777201000463e-03	6.580883e+00
6.306777201000462e-03	6.580883e+00
6.316777201000463e-03	6.580883e+00
6.326777201000462e-03	6.580883e+00
6.336777201000463e-03	6.580883e+00
6.346777201000462e-03	6.580883e+00
6.356777201000463e-03	6.580883e+00
6.366777201000462e-03	6.580883e+00
6.376777201000463e-03	6.580883e+00
6.386777201000463e-03	6.580883e+00
6.396777201000463e-03	6.580883e+00
6.406777201000463e-03	6.580883e+00
6.416777201000463e-03	6.580883e+00
6.426777201000463e-03	6.580883e+00
6.436777201000462e-03	6.580883e+00
6.446777201000463e-03	6.580883e+00
6.456777201000462e-03	6.580883e+00
6.466777201000463e-03	6.580883e+00
6.476777201000462e-03	6.580883e+00
6.486777201000463e-03	6.580883e+00
6.496777201000462e-03	6.580883e+00
6.506777201000463e-03	6.580883e+00
6.516777201000462e-03	6.580883e+00
6.526777201000463e-03	6.580883e+00
6.536777201000462e-03	6.580883e+00
6.546777201000463e-03	6.580883e+00
6.556777201000463e-03	6.580883e+00
6.566777201000463e-03	6.580883e+00
6.576777201000463e-03	6.580883e+00
6.586777201000463e-03	6.580883e+00
6.596777201000463e-03	6.580883e+00
6.606777201000462e-03	6.580883e+00
6.616777201000463e-03	6.580883e+00
6.626777201000462e-03	6.580883e+00
6.636777201000463e-03	6.580883e+00
6.646777201000462e-03	6.580883e+00
6.656777201000463e-03	6.580883e+00
6.666777201000462e-03	6.580883e+00
6.676777201000463e-03	6.580883e+00
6.686777201000462e-03	6.580883e+00
6.696777201000463e-03	6.580883e+00
6.706777201000463e-03	6.580883e+00
6.716777201000463e-03	6.580883e+00
6.726777201000463e-03	6.580883e+00
6.736777201000463e-03	6.580883e+00
6.746777201000463e-03	6.580883e+00
6.756777201000462e-03	6.580883e+00
6.766777201000463e-03	6.580883e+00
6.776777201000462e-03	6.580883e+00
6.786777201000463e-03	6.580883e+00
6.796777201000462e-03	6.580883e+00
6.806777201000463e-03	6.580883e+00
6.816777201000462e-03	6.580883e+00
6.826777201000463e-03	6.580883e+00
6.836777201000462e-03	6.580883e+00
6.846777201000463e-03	6.580883e+00
6.856777201000462e-03	6.580883e+00
6.866777201000463e-03	6.580883e+00
6.876777201000463e-03	6.580883e+00
6.886777201000463e-03	6.580883e+00
6.896777201000463e-03	6.580883e+00
6.906777201000463e-03	6.580883e+00
6.916777201000463e-03	6.580883e+00
6.926777201000462e-03	6.580883e+00
6.936777201000463e-03	6.580883e+00
6.946777201000462e-03	6.580883e+00
6.956777201000463e-03	6.580883e+00
6.966777201000462e-03	6.580883e+00
6.976777201000463e-03	6.580883e+00
6.986777201000462e-03	6.580883e+00
6.996777201000463e-03	6.580883e+00
7.006777201000462e-03	6.580883e+00
7.016777201000463e-03	6.580883e+00
7.026777201000462e-03	6.580883e+00
7.036777201000463e-03	6.580883e+00
7.046777201000463e-03	6.580883e+00
7.056777201000463e-03	6.580883e+00
7.066777201000463e-03	6.580883e+00
7.076777201000462e-03	6.580883e+00
7.086777201000463e-03	6.580883e+00
7.096777201000462e-03	6.580883e+00
7.106777201000463e-03	6.580883e+00
7.116777201000462e-03	6.580883e+00
7.126777201000463e-03	6.580883e+00
7.136777201000462e-03	6.580883e+00
7.146777201000463e-03	6.580883e+00
7.156777201000462e-03	6.580883e+00
7.166777201000463e-03	6.580883e+00
7.176777201000462e-03	6.580883e+00
7.186777201000463e-03	6.580883e+00
7.196777201000462e-03	6.580883e+00
7.206777201000463e-03	6.580883e+00
7.216777201000463e-03	6.580883e+00
7.226777201000463e-03	6.580883e+00
7.236777201000463e-03	6.580883e+00
7.246777201000462e-03	6.580883e+00
7.256777201000463e-03	6.580883e+00
7.266777201000462e-03	6.580883e+00
7.276777201000463e-03	6.580883e+00
7.286777201000462e-03	6.580883e+00
7.296777201000463e-03	6.580883e+00
7.306777201000462e-03	6.580883e+00
7.316777201000463e-03	6.580883e+00
7.326777201000462e-03	6.580883e+00
7.336777201000463e-03	6.580883e+00
7.346777201000462e-03	6.580883e+00
7.356777201000463e-03	6.580883e+00
7.366777201000463e-03	6.580883e+00
7.376777201000463e-03	6.580883e+00
7.386777201000463e-03	6.580883e+00
7.396777201000462e-03	6.580883e+00
7.406777201000463e-03	6.580883e+00
7.416777201000462e-03	6.580883e+00
7.426777201000463e-03	6.580883e+00
7.436777201000462e-03	6.580883e+00
7.446777201000463e-03	6.580883e+00
7.456777201000462e-03	6.580883e+00
7.466777201000463e-03	6.580883e+00
7.476777201000462e-03	6.580883e+00
7.486777201000463e-03	6.580883e+00
7.496777201000462e-03	6.580883e+00
7.506777201000463e-03	6.580883e+00
7.516777201000462e-03	6.580883e+00
7.526777201000463e-03	6.580883e+00
7.536777201000463e-03	6.580883e+00
7.546777201000463e-03	6.580883e+00
7.556777201000463e-03	6.580883e+00
7.566777201000462e-03	6.580883e+00
7.576777201000463e-03	6.580883e+00
7.586777201000462e-03	6.580883e+00
7.596777201000463e-03	6.580883e+00
7.606777201000462e-03	6.580883e+00
7.616777201000463e-03	6.580883e+00
7.626777201000462e-03	6.580883e+00
7.636777201000463e-03	6.580883e+00
7.646777201000462e-03	6.580883e+00
7.656777201000463e-03	6.580883e+00
7.666777201000462e-03	6.580883e+00
7.676777201000463e-03	6.580883e+00
7.686777201000462e-03	6.580883e+00
7.696777201000463e-03	6.580883e+00
7.706777201000463e-03	6.580883e+00
7.716777201000462e-03	6.580883e+00
7.726777201000463e-03	6.580883e+00
7.736777201000462e-03	6.580883e+00
7.746777201000463e-03	6.580883e+00
7.756777201000462e-03	6.580883e+00
7.766777201000463e-03	6.580883e+00
7.776777201000462e-03	6.580883e+00
7.786777201000463e-03	6.580883e+00
7.796777201000462e-03	6.580883e+00
7.806777201000463e-03	6.580883e+00
7.816777201000463e-03	6.580883e+00
7.826777201000463e-03	6.580883e+00
7.836777201000462e-03	6.580883e+00
7.846777201000462e-03	6.580883e+00
7.856777201000463e-03	6.580883e+00
7.866777201000463e-03	6.580883e+00
7.876777201000463e-03	6.580883e+00
7.886777201000462e-03	6.580883e+00
7.896777201000462e-03	6.580883e+00
7.906777201000463e-03	6.580883e+00
7.916777201000463e-03	6.580883e+00
7.926777201000462e-03	6.580883e+00
7.936777201000462e-03	6.580883e+00
7.946777201000463e-03	6.580883e+00
7.956777201000463e-03	6.580883e+00
7.966777201000462e-03	6.580883e+00
7.976777201000462e-03	6.580883e+00
7.986777201000463e-03	6.580883e+00
7.996777201000463e-03	6.580883e+00
8.006777201000462e-03	6.580883e+00
8.016777201000462e-03	6.580883e+00
8.026777201000463e-03	6.580883e+00
8.036777201000463e-03	6.580883e+00
8.046777201000463e-03	6.580883e+00
8.056777201000462e-03	6.580883e+00
8.066777201000462e-03	6.580883e+00
8.076777201000463e-03	6.580883e+00
8.086777201000463e-03	6.580883e+00
8.096777201000462e-03	6.580883e+00
8.106777201000462e-03	6.580883e+00
8.116777201000463e-03	6.580883e+00
8.126777201000463e-03	6.580883e+00
8.136777201000462e-03	6.580883e+00
8.146777201000462e-03	6.580883e+00
8.156777201000463e-03	6.580883e+00
8.166777201000463e-03	6.580883e+00
8.176777201000462e-03	6.580883e+00
8.186777201000462e-03	6.580883e+00
8.196777201000462e-03	6.580883e+00
8.206777201000463e-03	6.580883e+00
8.216777201000463e-03	6.580883e+00
8.226777201000462e-03	6.580883e+00
8.236777201000462e-03	6.580883e+00
8.246777201000463e-03	6.580883e+00
8.256777201000463e-03	6.580883e+00
8.266777201000462e-03	6.580883e+00
8.276777201000462e-03	6.580883e+00
8.286777201000463e-03	6.580883e+00
8.296777201000463e-03	6.580883e+00
8.306777201000462e-03	6.580883e+00
8.316777201000462e-03	6.580883e+00
8.326777201000463e-03	6.580883e+00
8.336777201000463e-03	6.580883e+00
8.346777201000462e-03	6.580883e+00
8.356777201000462e-03	6.580883e+00
8.366777201000462e-03	6.580883e+00
8.376777201000463e-03	6.580883e+00
8.386777201000463e-03	6.580883e+00
8.396777201000462e-03	6.580883e+00
8.406777201000462e-03	6.580883e+00
8.416777201000463e-03	6.580883e+00
8.426777201000463e-03	6.580883e+00
8.436777201000462e-03	6.580883e+00
8.446777201000462e-03	6.580883e+00
8.456777201000463e-03	6.580883e+00
8.466777201000463e-03	6.580883e+00
8.476777201000462e-03	6.580883e+00
8.486777201000462e-03	6.580883e+00
8.496777201000463e-03	6.580883e+00
8.506777201000463e-03	6.580883e+00
8.516777201000462e-03	6.580883e+00
8.526777201000462e-03	6.580883e+00
8.536777201000462e-03	6.580883e+00
8.546777201000463e-03	6.580883e+00
8.556777201000463e-03	6.580883e+00
8.566777201000462e-03	6.580883e+00
8.576777201000462e-03	6.580883e+00
8.586777201000463e-03	6.580883e+00
8.596777201000463e-03	6.580883e+00
8.606777201000462e-03	6.580883e+00
8.616777201000462e-03	6.580883e+00
8.626777201000463e-03	6.580883e+00
8.636777201000463e-03	6.580883e+00
8.646777201000462e-03	6.580883e+00
8.656777201000462e-03	6.580883e+00
8.666777201000463e-03	6.580883e+00
8.676777201000463e-03	6.580883e+00
8.686777201000462e-03	6.580883e+00
8.696777201000462e-03	6.580883e+00
8.706777201000462e-03	6.580883e+00
8.716777201000463e-03	6.580883e+00
8.726777201000463e-03	6.580883e+00
8.736777201000462e-03	6.580883e+00
8.746777201000462e-03	6.580883e+00
8.756777201000463e-03	6.580883e+00
8.766777201000463e-03	6.580883e+00
8.776777201000462e-03	6.580883e+00
8.786777201000462e-03	6.580883e+00
8.796777201000463e-03	6.580883e+00
8.806777201000463e-03	6.580883e+00
8.816777201000462e-03	6.580883e+00
8.826777201000462e-03	6.580883e+00
8.836777201000462e-03	6.580883e+00
8.846777201000463e-03	6.580883e+00
8.856777201000463e-03	6.580883e+00
8.866777201000462e-03	6.580883e+00
8.876777201000462e-03	6.580883e+00
8.886777201000463e-03	6.580883e+00
8.896777201000463e-03	6.580883e+00
8.906777201000462e-03	6.580883e+00
8.916777201000462e-03	6.580883e+00
8.926777201000463e-03	6.580883e+00
8.936777201000463e-03	6.580883e+00
8.946777201000462e-03	6.580883e+00
8.956777201000462e-03	6.580883e+00
8.966777201000463e-03	6.580883e+00
8.976777201000463e-03	6.580883e+00
8.986777201000462e-03	6.580883e+00
8.996777201000462e-03	6.580883e+00
9.006777201000462e-03	6.580883e+00
9.016777201000463e-03	6.580883e+00
9.026777201000463e-03	6.580883e+00
9.036777201000462e-03	6.580883e+00
9.046777201000462e-03	6.580883e+00
9.056777201000463e-03	6.580883e+00
9.066777201000463e-03	6.580883e+00
9.076777201000462e-03	6.580883e+00
9.086777201000462e-03	6.580883e+00
9.096777201000463e-03	6.580883e+00
9.106777201000463e-03	6.580883e+00
9.116777201000462e-03	6.580883e+00
9.126777201000462e-03	6.580883e+00
9.136777201000463e-03	6.580883e+00
9.146777201000463e-03	6.580883e+00
9.156777201000462e-03	6.580883e+00
9.166777201000462e-03	6.580883e+00
9.176777201000462e-03	6.580883e+00
9.186777201000463e-03	6.580883e+00
9.196777201000463e-03	6.580883e+00
9.206777201000462e-03	6.580883e+00
9.216777201000462e-03	6.580883e+00
9.226777201000463e-03	6.580883e+00
9.236777201000463e-03	6.580883e+00
9.246777201000462e-03	6.580883e+00
9.256777201000462e-03	6.580883e+00
9.266777201000463e-03	6.580883e+00
9.276777201000463e-03	6.580883e+00
9.286777201000462e-03	6.580883e+00
9.296777201000462e-03	6.580883e+00
9.306777201000463e-03	6.580883e+00
9.316777201000463e-03	6.580883e+00
9.326777201000462e-03	6.580883e+00
9.336777201000462e-03	6.580883e+00
9.346777201000462e-03	6.580883e+00
9.356777201000463e-03	6.580883e+00
9.366777201000463e-03	6.580883e+00
9.376777201000462e-03	6.580883e+00
9.386777201000462e-03	6.580883e+00
9.396777201000463e-03	6.580883e+00
9.406777201000463e-03	6.580883e+00
9.416777201000462e-03	6.580883e+00
9.426777201000462e-03	6.580883e+00
9.436777201000463e-03	6.580883e+00
9.446777201000463e-03	6.580883e+00
9.456777201000462e-03	6.580883e+00
9.466777201000462e-03	6.580883e+00
9.476777201000462e-03	6.580883e+00
9.486777201000463e-03	6.580883e+00
9.496777201000462e-03	6.580883e+00
9.506777201000462e-03	6.580883e+00
9.516777201000462e-03	6.580883e+00
9.526777201000463e-03	6.580883e+00
9.536777201000463e-03	6.580883e+00
9.546777201000462e-03	6.580883e+00
9.556777201000462e-03	6.580883e+00
9.566777201000463e-03	6.580883e+00
9.576777201000463e-03	6.580883e+00
9.586777201000462e-03	6.580883e+00
9.596777201000462e-03	6.580883e+00
9.606777201000463e-03	6.580883e+00
9.616777201000463e-03	6.580883e+00
9.626777201000462e-03	6.580883e+00
9.636777201000462e-03	6.580883e+00
9.646777201000462e-03	6.580883e+00
9.656777201000463e-03	6.580883e+00
9.666777201000462e-03	6.580883e+00
9.676777201000462e-03	6.580883e+00
9.686777201000462e-03	6.580883e+00
9.696777201000463e-03	6.580883e+00
9.706777201000463e-03	6.580883e+00
9.716777201000462e-03	6.580883e+00
9.726777201000462e-03	6.580883e+00
9.736777201000463e-03	6.580883e+00
9.746777201000463e-03	6.580883e+00
9.756777201000462e-03	6.580883e+00
9.766777201000462e-03	6.580883e+00
9.776777201000463e-03	6.580883e+00
9.786777201000463e-03	6.580883e+00
9.796777201000462e-03	6.580883e+00
9.806777201000462e-03	6.580883e+00
9.816777201000462e-03	6.580883e+00
9.826777201000463e-03	6.580883e+00
9.836777201000462e-03	6.580883e+00
9.846777201000462e-03	6.580883e+00
9.856777201000462e-03	6.580883e+00
9.866777201000463e-03	6.580883e+00
9.876777201000463e-03	6.580883e+00
9.886777201000462e-03	6.580883e+00
9.896777201000462e-03	6.580883e+00
9.906777201000463e-03	6.580883e+00
9.916777201000463e-03	6.580883e+00
9.926777201000462e-03	6.580883e+00
9.936777201000462e-03	6.580883e+00
9.946777201000463e-03	6.580883e+00
9.956777201000463e-03	6.580883e+00
9.966777201000462e-03	6.580883e+00
9.976777201000462e-03	6.580883e+00
9.986777201000462e-03	6.580883e+00
9.996777201000463e-03	6.580883e+00
1.000000000000000e-02	6.580883e+00
1.000000000100000e-02	6.580883e+00
1.000000000200000e-02	6.580883e+00
1.000000000440036e-02	6.580883e+00
1.000000000670974e-02	6.580883e+00
1.000000001132851e-02	6.580883e+00
1.000000002056606e-02	6.580883e+00
1.000000003904114e-02	6.580883e+00
1.000000007599130e-02	6.580883e+00
1.000000014989163e-02	6.580883e+00
1.000000029769228e-02	6.580883e+00
1.000000059329359e-02	6.580883e+00
1.000000118449621e-02	6.580883e+00
1.000000236690145e-02	6.580883e+00
1.000000473171193e-02	6.580883e+00
1.000000946133289e-02	6.580883e+00
1.000001768468402e-02	6.580883e+00
1.000002962942897e-02	6.580883e+00
1.000005351891887e-02	6.580884e+00
1.000010129789866e-02	6.580884e+00
1.000017105027748e-02	6.580884e+00
1.000023626403240e-02	6.580885e+00
1.000031614377573e-02	6.580885e+00
1.000039209500824e-02	6.580886e+00
1.000054399747327e-02	6.580888e+00
1.000056482753742e-02	6.580888e+00
1.000060648766571e-02	6.580888e+00
1.000068980792228e-02	6.580887e+00
1.000085644843544e-02	6.580885e+00
1.000118972946175e-02	6.580870e+00
1.000176798343685e-02	6.580822e+00
1.000243495306574e-02	6.580739e+00
1.000255254085709e-02	6.580722e+00
1.000278771643979e-02	6.580685e+00
1.000325806760518e-02	6.580608e+00
1.000337565539653e-02	6.580588e+00
1.000361083097922e-02	6.580548e+00
1.000408118214461e-02	6.580468e+00
1.000502188447540e-02	6.580304e+00
1.000690328913696e-02	6.579969e+00
1.001062905475410e-02	6.579265e+00
1.001808058598839e-02	6.577666e+00
1.002808058598839e-02	6.574940e+00
1.003808058598839e-02	6.571027e+00
1.004808058598839e-02	6.564607e+00
1.005808058598839e-02	6.551277e+00
1.006808058598839e-02	6.496300e+00
1.007808058598839e-02	6.293609e+00
1.008808058598839e-02	6.082501e+00
1.009808058598839e-02	5.861327e+00
1.010000000000000e-02	5.817577e+00
1.010000000100000e-02	5.817577e+00
1.010000001700000e-02	5.817577e+00
1.010000004900000e-02	5.817576e+00
1.010000011300000e-02	5.817576e+00
1.010000024100000e-02	5.817574e+00
1.010000049700000e-02	5.817571e+00
1.010000100900000e-02	5.817564e+00
1.010000203300000e-02	5.817547e+00
1.010000408100000e-02	5.817509e+00
1.010000817700000e-02	5.817421e+00
1.010001636900000e-02	5.817236e+00
1.010003275300001e-02	5.816862e+00
1.010006552100002e-02	5.816114e+00
1.010013105700003e-02	5.814616e+00
1.010026212900006e-02	5.811622e+00
1.010052427300013e-02	5.805631e+00
1.010104856100025e-02	5.793640e+00
1.010209713700050e-02	5.769627e+00
1.010419428900100e-02	5.721520e+00
1.010838859300201e-02	5.625225e+00
1.011677720100402e-02	5.433907e+00
1.012677720100402e-02	5.211038e+00
1.013677720100402e-02	4.996631e+00
1.014677720100401e-02	4.796553e+00
1.015677720100402e-02	4.615815e+00
1.016677720100402e-02	4.435586e+00
1.017677720100402e-02	4.167302e+00
1.018677720100401e-02	3.707226e+00
1.019677720100402e-02	3.342487e+00
1.020642687875436e-02	3.225333e+00
1.021642687875436e-02	3.199138e+00
1.022642687875436e-02	3.179417e+00
1.023642687875436e-02	3.118914e+00
1.024642687875436e-02	3.012996e+00
1.025642687875436e-02	2.887725e+00
1.026642687875436e-02	2.760444e+00
1.027642687875436e-02	2.631620e+00
1.028642687875436e-02	2.501789e+00
1.029642687875436e-02	2.371252e+00
1.030642687875436e-02	2.240400e+00
1.031642687875436e-02	2.109463e+00
1.032642687875436e-02	1.978838e+00
1.033642687875436e-02	1.848918e+00
1.034642687875436e-02	1.720762e+00
1.035642687875436e-02	1.598109e+00
1.036642687875436e-02	1.484174e+00
1.037642687875436e-02	1.375164e+00
1.038642687875436e-02	1.265192e+00
1.039642687875436e-02	1.147822e+00
1.040642687875436e-02	9.919648e-01
1.041642687875436e-02	7.707143e-01
1.042641835458377e-02	5.100167e-01
1.043641835458377e-02	2.685468e-01
1.044641835458377e-02	1.040413e-01
1.045589702286615e-02	3.222561e-02
1.046589702286614e-02	2.039313e-02
1.047576027642319e-02	8.351088e-03
1.048576027642319e-02	-1.462173e-02
1.049576027642319e-02	-7.308006e-03
1.050576027642319e-02	2.007484e-04
1.051576027642319e-02	-5.578995e-05
1.052576027642319e-02	1.215935e-05
1.053576027642319e-02	-4.291534e-06
1.054576027642319e-02	5.245209e-06
1.055576027642319e-02	-3.814697e-06
1.056576027642319e-02	5.245209e-06
1.057576027642319e-02	-3.814697e-06
1.058576027642319e-02	5.245209e-06
1.059576027642319e-02	-4.291534e-06
1.060576027642319e-02	3.337860e-06
1.061576027642319e-02	-6.914139e-06
1.062576027642319e-02	3.099442e-06
1.063576027642319e-02	-5.245209e-06
1.064576027642319e-02	4.291534e-06
1.065576027642319e-02	-4.768372e-06
1.066576027642319e-02	4.768372e-06
1.067576027642319e-02	-4.053116e-06
1.068576027642319e-02	5.245209e-06
1.069576027642319e-02	-3.814697e-06
1.070576027642319e-02	5.483627e-06
1.071576027642319e-02	-3.576279e-06
1.072576027642319e-02	5.483627e-06
1.073576027642319e-02	-3.576279e-06
1.074576027642319e-02	5.245209e-06
1.075576027642319e-02	-3.337860e-06
1.076576027642319e-02	5.483627e-06
1.077576027642319e-02	-3.576279e-06
1.078576027642319e-02	5.245209e-06
1.079576027642319e-02	-3.099442e-06
1.080576027642319e-02	5.483627e-06
1.081576027642319e-02	-3.337860e-06
1.082576027642319e-02	5.245209e-06
1.083576027642319e-02	-3.099442e-06
1.084576027642319e-02	5.483627e-06
1.085576027642319e-02	-3.099442e-06
1.086576027642319e-02	5.006790e-06
1.087576027642319e-02	-3.099442e-06
1.088576027642319e-02	5.245209e-06
1.089576027642319e-02	-3.099442e-06
1.090576027642319e-02	5.245209e-06
1.091576027642319e-02	-2.861023e-06
1.092576027642319e-02	5.006790e-06
1.093576027642319e-02	-3.099442e-06
1.094576027642319e-02	4.768372e-06
1.095576027642319e-02	-3.099442e-06
1.096576027642319e-02	4.768372e-06
1.097576027642319e-02	-2.861023e-06
1.098576027642319e-02	4.768372e-06
1.099576027642319e-02	-3.814697e-06
1.100000000100000e-02	-4.529953e-06
1.100000000200000e-02	-4.529953e-06
1.100000001800000e-02	-4.291534e-06
1.100000005000000e-02	-4.291534e-06
1.100000011400000e-02	-4.053116e-06
1.100000024200000e-02	-3.814697e-06
1.100000049800000e-02	-3.576279e-06
1.100000101000000e-02	-2.622604e-06
1.100000203400000e-02	-1.668930e-06
1.100000408200000e-02	-9.536743e-07
1.100000817800000e-02	-4.768372e-07
1.100001637000000e-02	-4.768372e-07
1.100003275400001e-02	-7.152557e-07
1.100006552200002e-02	-2.384186e-07
1.100013105800003e-02	-2.384186e-07
1.100026213000006e-02	-4.768372e-07
1.100052427400013e-02	-2.384186e-07
1.100104856200025e-02	-4.768372e-07
1.100209713800050e-02	-2.384186e-07
1.100419429000100e-02	-2.384186e-07
1.100838859400201e-02	2.384186e-07
1.101677720200402e-02	7.152557e-07
1.102677720200402e-02	9.536743e-07
1.103677720200402e-02	9.536743e-07
1.104677720200402e-02	9.536743e-07
1.105677720200402e-02	9.536743e-07
1.106677720200402e-02	9.536743e-07
1.107677720200402e-02	9.536743e-07
1.108677720200402e-02	9.536743e-07
1.109677720200402e-02	9.536743e-07
1.110677720200402e-02	9.536743e-07
1.111677720200402e-02	9.536743e-07
1.112677720200402e-02	7.152557e-07
1.113677720200402e-02	9.536743e-07
1.114677720200402e-02	9.536743e-07
1.115677720200402e-02	7.152557e-07
1.116677720200402e-02	9.536743e-07
1.117677720200402e-02	9.536743e-07
1.118677720200402e-02	9.536743e-07
1.119677720200402e-02	7.152557e-07
1.120677720200402e-02	7.152557e-07
1.121677720200402e-02	7.152557e-07
1.122677720200402e-02	7.152557e-07
1.123677720200402e-02	7.152557e-07
1.124677720200402e-02	7.152557e-07
1.125677720200402e-02	4.768372e-07
1.126677720200402e-02	4.768372e-07
1.127677720200402e-02	7.152557e-07
1.128677720200402e-02	7.152557e-07
1.129677720200402e-02	7.152557e-07
1.130677720200402e-02	7.152557e-07
1.131677720200402e-02	4.768372e-07
1.132677720200402e-02	4.768372e-07
1.133677720200402e-02	4.768372e-07
1.134677720200402e-02	2.384186e-07
1.135677720200402e-02	2.384186e-07
1.136677720200402e-02	4.768372e-07
1.137677720200402e-02	2.384186e-07
1.138677720200402e-02	2.384186e-07
1.139677720200402e-02	4.768372e-07
1.140677720200402e-02	2.384186e-07
1.141677720200402e-02	2.384186e-07
1.142677720200402e-02	2.384186e-07
1.143677720200402e-02	2.384186e-07
1.144677720200402e-02	0.000000e+00
1.145677720200402e-02	0.000000e+00
1.146677720200402e-02	0.000000e+00
1.147677720200402e-02	2.384186e-07
1.148677720200402e-02	0.000000e+00
1.149677720200402e-02	2.384186e-07
1.150677720200402e-02	0.000000e+00
1.151677720200402e-02	2.384186e-07
1.152677720200402e-02	0.000000e+00
1.153677720200402e-02	2.384186e-07
1.154677720200402e-02	0.000000e+00
1.155677720200402e-02	0.000000e+00
1.156677720200402e-02	2.384186e-07
1.157677720200402e-02	0.000000e+00
1.158677720200402e-02	0.000000e+00
1.159677720200402e-02	0.000000e+00
1.160677720200402e-02	0.000000e+00
1.161677720200402e-02	0.000000e+00
1.162677720200402e-02	0.000000e+00
1.163677720200402e-02	0.000000e+00
1.164677720200402e-02	-2.384186e-07
1.165677720200402e-02	-2.384186e-07
1.166677720200402e-02	0.000000e+00
1.167677720200402e-02	0.000000e+00
1.168677720200402e-02	0.000000e+00
1.169677720200402e-02	0.000000e+00
1.170677720200402e-02	0.000000e+00
1.171677720200402e-02	-2.384186e-07
1.172677720200402e-02	0.000000e+00
1.173677720200402e-02	0.000000e+00
1.174677720200402e-02	0.000000e+00
1.175677720200402e-02	-2.384186e-07
1.176677720200402e-02	-2.384186e-07
1.177677720200402e-02	-2.384186e-07
1.178677720200402e-02	0.000000e+00
1.179677720200402e-02	0.000000e+00
1.180677720200402e-02	0.000000e+00
1.181677720200402e-02	0.000000e+00
1.182677720200402e-02	-2.384186e-07
1.183677720200402e-02	-2.384186e-07
1.184677720200402e-02	0.000000e+00
1.185677720200402e-02	0.000000e+00
1.186677720200402e-02	0.000000e+00
1.187677720200402e-02	0.000000e+00
1.188677720200402e-02	-2.384186e-07
1.189677720200402e-02	0.000000e+00
1.190677720200402e-02	0.000000e+00
1.191677720200402e-02	-2.384186e-07
1.192677720200402e-02	-2.384186e-07
1.193677720200402e-02	0.000000e+00
1.194677720200402e-02	0.000000e+00
1.195677720200402e-02	0.000000e+00
1.196677720200402e-02	-2.384186e-07
1.197677720200402e-02	0.000000e+00
1.198677720200402e-02	0.000000e+00
1.199677720200402e-02	0.000000e+00
1.200677720200402e-02	0.000000e+00
1.201677720200402e-02	0.000000e+00
1.202677720200402e-02	-2.384186e-07
1.203677720200402e-02	0.000000e+00
1.204677720200402e-02	0.000000e+00
1.205677720200402e-02	-2.384186e-07
1.206677720200402e-02	-2.384186e-07
1.207677720200402e-02	-2.384186e-07
1.208677720200402e-02	-2.384186e-07
1.209677720200402e-02	-2.384186e-07
1.210677720200402e-02	-2.384186e-07
1.211677720200402e-02	-2.384186e-07
1.212677720200402e-02	-2.384186e-07
1.213677720200402e-02	-2.384186e-07
1.214677720200402e-02	-2.384186e-07
1.215677720200402e-02	-2.384186e-07
1.216677720200402e-02	-2.384186e-07
1.217677720200402e-02	0.000000e+00
1.218677720200402e-02	-2.384186e-07
1.219677720200402e-02	-2.384186e-07
1.220677720200402e-02	-2.384186e-07
1.221677720200402e-02	0.000000e+00
1.222677720200402e-02	0.000000e+00
1.223677720200402e-02	-2.384186e-07
1.224677720200402e-02	0.000000e+00
1.225677720200402e-02	0.000000e+00
1.226677720200402e-02	-2.384186e-07
1.227677720200402e-02	-2.384186e-07
1.228677720200402e-02	0.000000e+00
1.229677720200402e-02	0.000000e+00
1.230677720200402e-02	0.000000e+00
1.231677720200402e-02	2.384186e-07
1.232677720200402e-02	0.000000e+00
1.233677720200402e-02	2.384186e-07
1.234677720200402e-02	4.768372e-07
1.235677720200402e-02	2.384186e-07
1.236677720200402e-02	2.384186e-07
1.237677720200402e-02	4.768372e-07
1.238677720200402e-02	2.384186e-07
1.239677720200402e-02	4.768372e-07
1.240677720200402e-02	2.384186e-07
1.241677720200402e-02	2.384186e-07
1.242677720200402e-02	4.768372e-07
1.243677720200402e-02	2.384186e-07
1.244677720200402e-02	2.384186e-07
1.245677720200402e-02	2.384186e-07
1.246677720200402e-02	2.384186e-07
1.247677720200402e-02	2.384186e-07
1.248677720200402e-02	0.000000e+00
1.249677720200402e-02	0.000000e+00
1.250677720200402e-02	2.384186e-07
1.251677720200402e-02	2.384186e-07
1.252677720200402e-02	2.384186e-07
1.253677720200402e-02	0.000000e+00
1.254677720200402e-02	0.000000e+00
1.255677720200402e-02	0.000000e+00
1.256677720200402e-02	0.000000e+00
1.257677720200402e-02	0.000000e+00
1.258677720200402e-02	0.000000e+00
1.259677720200402e-02	0.000000e+00
1.260677720200402e-02	0.000000e+00
1.261677720200402e-02	-2.384186e-07
1.262677720200402e-02	0.000000e+00
1.263677720200402e-02	0.000000e+00
1.264677720200402e-02	0.000000e+00
1.265677720200402e-02	0.000000e+00
1.266677720200402e-02	0.000000e+00
1.267677720200402e-02	0.000000e+00
1.268677720200402e-02	-2.384186e-07
1.269677720200402e-02	0.000000e+00
1.270677720200402e-02	-2.384186e-07
1.271677720200402e-02	-2.384186e-07
1.272677720200402e-02	0.000000e+00
1.273677720200402e-02	0.000000e+00
1.274677720200402e-02	-2.384186e-07
1.275677720200402e-02	-2.384186e-07
1.276677720200402e-02	-2.384186e-07
1.277677720200402e-02	-2.384186e-07
1.278677720200402e-02	-2.384186e-07
1.279677720200402e-02	-2.384186e-07
1.280677720200402e-02	-2.384186e-07
1.281677720200402e-02	-2.384186e-07
1.282677720200402e-02	-4.768372e-07
1.283677720200402e-02	-4.768372e-07
1.284677720200402e-02	-4.768372e-07
1.285677720200402e-02	-2.384186e-07
1.286677720200402e-02	-4.768372e-07
1.287677720200402e-02	-4.768372e-07
1.288677720200402e-02	-2.384186e-07
1.289677720200402e-02	-2.384186e-07
1.290677720200402e-02	-2.384186e-07
1.291677720200402e-02	-2.384186e-07
1.292677720200402e-02	-2.384186e-07
1.293677720200402e-02	-2.384186e-07
1.294677720200402e-02	-2.384186e-07
1.295677720200402e-02	-2.384186e-07
1.296677720200402e-02	-2.384186e-07
1.297677720200402e-02	-4.768372e-07
1.298677720200402e-02	-2.384186e-07
1.299677720200402e-02	-4.768372e-07
1.300677720200402e-02	-4.768372e-07
1.301677720200402e-02	-4.768372e-07
1.302677720200402e-02	-2.384186e-07
1.303677720200402e-02	-2.384186e-07
1.304677720200402e-02	-2.384186e-07
1.305677720200402e-02	-4.768372e-07
1.306677720200402e-02	-2.384186e-07
1.307677720200402e-02	-4.768372e-07
1.308677720200402e-02	-2.384186e-07
1.309677720200402e-02	-2.384186e-07
1.310677720200402e-02	-2.384186e-07
1.311677720200402e-02	-2.384186e-07
1.312677720200402e-02	-2.384186e-07
1.313677720200402e-02	-2.384186e-07
1.314677720200402e-02	-2.384186e-07
1.315677720200402e-02	-2.384186e-07
1.316677720200402e-02	-4.768372e-07
1.317677720200402e-02	-4.768372e-07
1.318677720200402e-02	-4.768372e-07
1.319677720200402e-02	-2.384186e-07
1.320677720200402e-02	-4.768372e-07
1.321677720200402e-02	-4.768372e-07
1.322677720200402e-02	-2.384186e-07
1.323677720200402e-02	-2.384186e-07
1.324677720200402e-02	-2.384186e-07
1.325677720200402e-02	-2.384186e-07
1.326677720200402e-02	-2.384186e-07
1.327677720200402e-02	-4.768372e-07
1.328677720200402e-02	-2.384186e-07
1.329677720200402e-02	-2.384186e-07
1.330677720200402e-02	-2.384186e-07
1.331677720200402e-02	-4.768372e-07
1.332677720200402e-02	-2.384186e-07
1.333677720200402e-02	-2.384186e-07
1.334677720200402e-02	-4.768372e-07
1.335677720200402e-02	-4.768372e-07
1.336677720200402e-02	-2.384186e-07
1.337677720200402e-02	-2.384186e-07
1.338677720200402e-02	-2.384186e-07
1.339677720200402e-02	-4.768372e-07
1.340677720200402e-02	-4.768372e-07
1.341677720200402e-02	-4.768372e-07
1.342677720200402e-02	-4.768372e-07
1.343677720200402e-02	-2.384186e-07
1.344677720200402e-02	-2.384186e-07
1.345677720200402e-02	-4.768372e-07
1.346677720200402e-02	-2.384186e-07
1.347677720200402e-02	-2.384186e-07
1.348677720200402e-02	-2.384186e-07
1.349677720200402e-02	-4.768372e-07
1.350677720200402e-02	-2.384186e-07
1.351677720200402e-02	-2.384186e-07
1.352677720200402e-02	-2.384186e-07
1.353677720200402e-02	-2.384186e-07
1.354677720200402e-02	-4.768372e-07
1.355677720200401e-02	-2.384186e-07
1.356677720200402e-02	-4.768372e-07
1.357677720200402e-02	-2.384186e-07
1.358677720200402e-02	-2.384186e-07
1.359677720200402e-02	-4.768372e-07
1.360677720200402e-02	-4.768372e-07
1.361677720200402e-02	-2.384186e-07
1.362677720200402e-02	-2.384186e-07
1.363677720200402e-02	-2.384186e-07
1.364677720200402e-02	-2.384186e-07
1.365677720200402e-02	-2.384186e-07
1.366677720200402e-02	-2.384186e-07
1.367677720200402e-02	-4.768372e-07
1.368677720200402e-02	-4.768372e-07
1.369677720200402e-02	-2.384186e-07
1.370677720200402e-02	-2.384186e-07
1.371677720200402e-02	-4.768372e-07
1.372677720200401e-02	-2.384186e-07
1.373677720200402e-02	-2.384186e-07
1.374677720200402e-02	-4.768372e-07
1.375677720200402e-02	-2.384186e-07
1.376677720200402e-02	-4.768372e-07
1.377677720200402e-02	-2.384186e-07
1.378677720200402e-02	-4.768372e-07
1.379677720200402e-02	-2.384186e-07
1.380677720200402e-02	-2.384186e-07
1.381677720200402e-02	-2.384186e-07
1.382677720200402e-02	-2.384186e-07
1.383677720200402e-02	-4.768372e-07
1.384677720200402e-02	-2.384186e-07
1.385677720200402e-02	-2.384186e-07
1.386677720200402e-02	-4.768372e-07
1.387677720200402e-02	-4.768372e-07
1.388677720200402e-02	-2.384186e-07
1.389677720200401e-02	-2.384186e-07
1.390677720200402e-02	-4.768372e-07
1.391677720200402e-02	-4.768372e-07
1.392677720200402e-02	-2.384186e-07
1.393677720200402e-02	-2.384186e-07
1.394677720200402e-02	-2.384186e-07
1.395677720200402e-02	-2.384186e-07
1.396677720200402e-02	-4.768372e-07
1.397677720200402e-02	-4.768372e-07
1.398677720200402e-02	-2.384186e-07
1.399677720200402e-02	-2.384186e-07
1.400677720200402e-02	-2.384186e-07
1.401677720200402e-02	-2.384186e-07
1.402677720200402e-02	-2.384186e-07
1.403677720200402e-02	-2.384186e-07
1.404677720200402e-02	-2.384186e-07
1.405677720200402e-02	-4.768372e-07
1.406677720200402e-02	-4.768372e-07
1.407677720200402e-02	-4.768372e-07
1.408677720200402e-02	-4.768372e-07
1.409677720200402e-02	-4.768372e-07
1.410677720200402e-02	-4.768372e-07
1.411677720200402e-02	-2.384186e-07
1.412677720200402e-02	-2.384186e-07
1.413677720200402e-02	-2.384186e-07
1.414677720200402e-02	-2.384186e-07
1.415677720200402e-02	-2.384186e-07
1.416677720200402e-02	-2.384186e-07
1.417677720200402e-02	-2.384186e-07
1.418677720200402e-02	-2.384186e-07
1.419677720200401e-02	-2.384186e-07
1.420677720200402e-02	-2.384186e-07
1.421677720200402e-02	-2.384186e-07
1.422677720200402e-02	-2.384186e-07
1.423677720200402e-02	-2.384186e-07
1.424677720200402e-02	-2.384186e-07
1.425677720200402e-02	-2.384186e-07
1.426677720200402e-02	-2.384186e-07
1.427677720200402e-02	-2.384186e-07
1.428677720200402e-02	-2.384186e-07
1.429677720200402e-02	-2.384186e-07
1.430677720200402e-02	-2.384186e-07
1.431677720200402e-02	-2.384186e-07
1.432677720200402e-02	-2.384186e-07
1.433677720200402e-02	-2.384186e-07
1.434677720200402e-02	-2.384186e-07
1.435677720200402e-02	-2.384186e-07
1.436677720200401e-02	-2.384186e-07
1.437677720200402e-02	-2.384186e-07
1.438677720200402e-02	-4.768372e-07
1.439677720200402e-02	-4.768372e-07
1.440677720200402e-02	-4.768372e-07
1.441677720200402e-02	-4.768372e-07
1.442677720200402e-02	-4.768372e-07
1.443677720200402e-02	-4.768372e-07
1.444677720200402e-02	-4.768372e-07
1.445677720200402e-02	-4.768372e-07
1.446677720200402e-02	-4.768372e-07
1.447677720200402e-02	-4.768372e-07
1.448677720200402e-02	-4.768372e-07
1.449677720200402e-02	-4.768372e-07
1.450677720200402e-02	-2.384186e-07
1.451677720200402e-02	-2.384186e-07
1.452677720200402e-02	-2.384186e-07
1.453677720200401e-02	-2.384186e-07
1.454677720200402e-02	-2.384186e-07
1.455677720200402e-02	-2.384186e-07
1.456677720200402e-02	-2.384186e-07
1.457677720200402e-02	-2.384186e-07
1.458677720200402e-02	-2.384186e-07
1.459677720200402e-02	-2.384186e-07
1.460677720200402e-02	-2.384186e-07
1.461677720200402e-02	-2.384186e-07
1.462677720200402e-02	-2.384186e-07
1.463677720200402e-02	-2.384186e-07
1.464677720200402e-02	-2.384186e-07
1.465677720200402e-02	-2.384186e-07
1.466677720200402e-02	-2.384186e-07
1.467677720200402e-02	-2.384186e-07
1.468677720200402e-02	-2.384186e-07
1.469677720200402e-02	-2.384186e-07
1.470677720200401e-02	-2.384186e-07
1.471677720200402e-02	-2.384186e-07
1.472677720200402e-02	-4.768372e-07
1.473677720200402e-02	-4.768372e-07
1.474677720200402e-02	-4.768372e-07
1.475677720200402e-02	-4.768372e-07
1.476677720200402e-02	-4.768372e-07
1.477677720200402e-02	-4.768372e-07
1.478677720200402e-02	-4.768372e-07
1.479677720200402e-02	-4.768372e-07
1.480677720200402e-02	-4.768372e-07
1.481677720200402e-02	-4.768372e-07
1.482677720200402e-02	-4.768372e-07
1.483677720200401e-02	-4.768372e-07
1.484677720200402e-02	-2.384186e-07
1.485677720200402e-02	-2.384186e-07
1.486677720200402e-02	-2.384186e-07
1.487677720200401e-02	-2.384186e-07
1.488677720200402e-02	-2.384186e-07
1.489677720200402e-02	-2.384186e-07
1.490677720200402e-02	-2.384186e-07
1.491677720200402e-02	-2.384186e-07
1.492677720200402e-02	-2.384186e-07
1.493677720200402e-02	-2.384186e-07
1.494677720200402e-02	-2.384186e-07
1.495677720200402e-02	-2.384186e-07
1.496677720200402e-02	-2.384186e-07
1.497677720200402e-02	-2.384186e-07
1.498677720200402e-02	-2.384186e-07
1.499677720200402e-02	-2.384186e-07
1.500677720200401e-02	-2.384186e-07
1.501677720200402e-02	-2.384186e-07
1.502677720200402e-02	-2.384186e-07
1.503677720200402e-02	-2.384186e-07
1.504677720200401e-02	-2.384186e-07
1.505677720200402e-02	-2.384186e-07
1.506677720200402e-02	-2.384186e-07
1.507677720200402e-02	-2.384186e-07
1.508677720200402e-02	-2.384186e-07
1.509677720200402e-02	-2.384186e-07
1.510677720200402e-02	-2.384186e-07
1.511677720200402e-02	-2.384186e-07
1.512677720200402e-02	-4.768372e-07
1.513677720200402e-02	-4.768372e-07
1.514677720200402e-02	-4.768372e-07
1.515677720200402e-02	-4.768372e-07
1.516677720200402e-02	-4.768372e-07
1.517677720200401e-02	-4.768372e-07
1.518677720200402e-02	-4.768372e-07
1.519677720200402e-02	-4.768372e-07
1.520677720200402e-02	-4.768372e-07
1.521677720200401e-02	-4.768372e-07
1.522677720200402e-02	-4.768372e-07
1.523677720200402e-02	-4.768372e-07
1.524677720200402e-02	-4.768372e-07
1.525677720200402e-02	-4.768372e-07
1.526677720200402e-02	-4.768372e-07
1.527677720200402e-02	-4.768372e-07
1.528677720200402e-02	-4.768372e-07
1.529677720200402e-02	-4.768372e-07
1.530677720200402e-02	-4.768372e-07
1.531677720200402e-02	-4.768372e-07
1.532677720200402e-02	-2.384186e-07
1.533677720200402e-02	-2.384186e-07
1.534677720200401e-02	-2.384186e-07
1.535677720200402e-02	-2.384186e-07
1.536677720200402e-02	-2.384186e-07
1.537677720200402e-02	-2.384186e-07
1.538677720200401e-02	-2.384186e-07
1.539677720200402e-02	-2.384186e-07
1.540677720200402e-02	-2.384186e-07
1.541677720200402e-02	-2.384186e-07
1.542677720200402e-02	-2.384186e-07
1.543677720200402e-02	-2.384186e-07
1.544677720200402e-02	-2.384186e-07
1.545677720200402e-02	-2.384186e-07
1.546677720200402e-02	-2.384186e-07
1.547677720200401e-02	-2.384186e-07
1.548677720200402e-02	-2.384186e-07
1.549677720200402e-02	-2.384186e-07
1.550677720200402e-02	-2.384186e-07
1.551677720200401e-02	-2.384186e-07
1.552677720200402e-02	-2.384186e-07
1.553677720200402e-02	-2.384186e-07
1.554677720200402e-02	-2.384186e-07
1.555677720200402e-02	-2.384186e-07
1.556677720200402e-02	-2.384186e-07
1.557677720200402e-02	-2.384186e-07
1.558677720200402e-02	-2.384186e-07
1.559677720200402e-02	-2.384186e-07
1.560677720200402e-02	-2.384186e-07
1.561677720200402e-02	-2.384186e-07
1.562677720200402e-02	-2.384186e-07
1.563677720200402e-02	-2.384186e-07
1.564677720200401e-02	-2.384186e-07
1.565677720200401e-02	-2.384186e-07
1.566677720200401e-02	-2.384186e-07
1.567677720200402e-02	-2.384186e-07
1.568677720200402e-02	-2.384186e-07
1.569677720200402e-02	-2.384186e-07
1.570677720200402e-02	-2.384186e-07
1.571677720200402e-02	-2.384186e-07
1.572677720200402e-02	-2.384186e-07
1.573677720200401e-02	-2.384186e-07
1.574677720200401e-02	-2.384186e-07
1.575677720200402e-02	-2.384186e-07
1.576677720200402e-02	-2.384186e-07
1.577677720200402e-02	-2.384186e-07
1.578677720200402e-02	-2.384186e-07
1.579677720200402e-02	-2.384186e-07
1.580677720200402e-02	-2.384186e-07
1.581677720200401e-02	-2.384186e-07
1.582677720200401e-02	-2.384186e-07
1.583677720200401e-02	-2.384186e-07
1.584677720200402e-02	-2.384186e-07
1.585677720200402e-02	-2.384186e-07
1.586677720200402e-02	-2.384186e-07
1.587677720200402e-02	-2.384186e-07
1.588677720200402e-02	-2.384186e-07
1.589677720200402e-02	-2.384186e-07
1.590677720200401e-02	-2.384186e-07
1.591677720200401e-02	-2.384186e-07
1.592677720200402e-02	-2.384186e-07
1.593677720200402e-02	-2.384186e-07
1.594677720200402e-02	-2.384186e-07
1.595677720200402e-02	-2.384186e-07
1.596677720200402e-02	-2.384186e-07
1.597677720200402e-02	-2.384186e-07
1.598677720200401e-02	-2.384186e-07
1.599677720200401e-02	-2.384186e-07
1.600677720200401e-02	-4.768372e-07
1.601677720200402e-02	-4.768372e-07
1.602677720200402e-02	-4.768372e-07
1.603677720200402e-02	-4.768372e-07
1.604677720200402e-02	-4.768372e-07
1.605677720200402e-02	-4.768372e-07
1.606677720200402e-02	-4.768372e-07
1.607677720200401e-02	-4.768372e-07
1.608677720200401e-02	-4.768372e-07
1.609677720200402e-02	-4.768372e-07
1.610677720200402e-02	-4.768372e-07
1.611677720200402e-02	-4.768372e-07
1.612677720200402e-02	-4.768372e-07
1.613677720200402e-02	-4.768372e-07
1.614677720200402e-02	-4.768372e-07
1.615677720200401e-02	-4.768372e-07
1.616677720200401e-02	-4.768372e-07
1.617677720200401e-02	-4.768372e-07
1.618677720200402e-02	-4.768372e-07
1.619677720200402e-02	-4.768372e-07
1.620677720200402e-02	-4.768372e-07
1.621677720200402e-02	-4.768372e-07
1.622677720200402e-02	-4.768372e-07
1.623677720200402e-02	-4.768372e-07
1.624677720200401e-02	-4.768372e-07
1.625677720200401e-02	-4.768372e-07
1.626677720200402e-02	-4.768372e-07
1.627677720200402e-02	-4.768372e-07
1.628677720200402e-02	-4.768372e-07
1.629677720200402e-02	-4.768372e-07
1.630677720200402e-02	-4.768372e-07
1.631677720200402e-02	-4.768372e-07
1.632677720200401e-02	-4.768372e-07
1.633677720200401e-02	-4.768372e-07
1.634677720200401e-02	-4.768372e-07
1.635677720200402e-02	-4.768372e-07
1.636677720200402e-02	-4.768372e-07
1.637677720200402e-02	-4.768372e-07
1.638677720200402e-02	-4.768372e-07
1.639677720200402e-02	-4.768372e-07
1.640677720200402e-02	-4.768372e-07
1.641677720200401e-02	-4.768372e-07
1.642677720200401e-02	-4.768372e-07
1.643677720200401e-02	-4.768372e-07
1.644677720200402e-02	-4.768372e-07
1.645677720200402e-02	-4.768372e-07
1.646677720200402e-02	-4.768372e-07
1.647677720200402e-02	-4.768372e-07
1.648677720200402e-02	-4.768372e-07
1.649677720200401e-02	-4.768372e-07
1.650677720200401e-02	-4.768372e-07
1.651677720200401e-02	-4.768372e-07
1.652677720200402e-02	-4.768372e-07
1.653677720200402e-02	-4.768372e-07
1.654677720200402e-02	-4.768372e-07
1.655677720200402e-02	-4.768372e-07
1.656677720200402e-02	-4.768372e-07
1.657677720200402e-02	-4.768372e-07
1.658677720200401e-02	-4.768372e-07
1.659677720200401e-02	-4.768372e-07
1.660677720200401e-02	-4.768372e-07
1.661677720200402e-02	-4.768372e-07
1.662677720200402e-02	-4.768372e-07
1.663677720200402e-02	-4.768372e-07
1.664677720200402e-02	-4.768372e-07
1.665677720200402e-02	-4.768372e-07
1.666677720200401e-02	-4.768372e-07
1.667677720200401e-02	-4.768372e-07
1.668677720200401e-02	-4.768372e-07
1.669677720200402e-02	-4.768372e-07
1.670677720200402e-02	-4.768372e-07
1.671677720200402e-02	-4.768372e-07
1.672677720200402e-02	-4.768372e-07
1.673677720200402e-02	-4.768372e-07
1.674677720200402e-02	-4.768372e-07
1.675677720200401e-02	-4.768372e-07
1.676677720200401e-02	-4.768372e-07
1.677677720200401e-02	-4.768372e-07
1.678677720200402e-02	-4.768372e-07
1.679677720200402e-02	-4.768372e-07
1.680677720200402e-02	-4.768372e-07
1.681677720200402e-02	-4.768372e-07
1.682677720200402e-02	-4.768372e-07
1.683677720200401e-02	-4.768372e-07
1.684677720200401e-02	-4.768372e-07
1.685677720200401e-02	-4.768372e-07
1.686677720200402e-02	-4.768372e-07
1.687677720200402e-02	-4.768372e-07
1.688677720200402e-02	-4.768372e-07
1.689677720200402e-02	-4.768372e-07
1.690677720200402e-02	-4.768372e-07
1.691677720200402e-02	-4.768372e-07
1.692677720200401e-02	-4.768372e-07
1.693677720200401e-02	-4.768372e-07
1.694677720200401e-02	-4.768372e-07
1.695677720200402e-02	-4.768372e-07
1.696677720200402e-02	-4.768372e-07
1.697677720200402e-02	-4.768372e-07
1.698677720200402e-02	-4.768372e-07
1.699677720200402e-02	-4.768372e-07
1.700677720200401e-02	-4.768372e-07
1.701677720200401e-02	-4.768372e-07
1.702677720200401e-02	-4.768372e-07
1.703677720200402e-02	-4.768372e-07
1.704677720200402e-02	-4.768372e-07
1.705677720200402e-02	-4.768372e-07
1.706677720200402e-02	-4.768372e-07
1.707677720200402e-02	-4.768372e-07
1.708677720200402e-02	-4.768372e-07
1.709677720200401e-02	-4.768372e-07
1.710677720200401e-02	-4.768372e-07
1.711677720200401e-02	-4.768372e-07
1.712677720200402e-02	-4.768372e-07
1.713677720200402e-02	-4.768372e-07
1.714677720200402e-02	-4.768372e-07
1.715677720200402e-02	-4.768372e-07
1.716677720200402e-02	-4.768372e-07
1.717677720200401e-02	-4.768372e-07
1.718677720200401e-02	-4.768372e-07
1.719677720200401e-02	-4.768372e-07
1.720677720200402e-02	-4.768372e-07
1.721677720200402e-02	-4.768372e-07
1.722677720200402e-02	-4.768372e-07
1.723677720200402e-02	-4.768372e-07
1.724677720200402e-02	-4.768372e-07
1.725677720200402e-02	-4.768372e-07
1.726677720200401e-02	-4.768372e-07
1.727677720200401e-02	-4.768372e-07
1.728677720200401e-02	-4.768372e-07
1.729677720200402e-02	-4.768372e-07
1.730677720200402e-02	-4.768372e-07
1.731677720200402e-02	-4.768372e-07
1.732677720200402e-02	-4.768372e-07
1.733677720200402e-02	-4.768372e-07
1.734677720200401e-02	-4.768372e-07
1.735677720200401e-02	-4.768372e-07
1.736677720200401e-02	-2.384186e-07
1.737677720200402e-02	-4.768372e-07
1.738677720200402e-02	-2.384186e-07
1.739677720200402e-02	-4.768372e-07
1.740677720200402e-02	-2.384186e-07
1.741677720200402e-02	-4.768372e-07
1.742677720200402e-02	-2.384186e-07
1.743677720200401e-02	-4.768372e-07
1.744677720200401e-02	-2.384186e-07
1.745677720200401e-02	-4.768372e-07
1.746677720200402e-02	-2.384186e-07
1.747677720200402e-02	-4.768372e-07
1.748677720200402e-02	-2.384186e-07
1.749677720200402e-02	-4.768372e-07
1.750677720200402e-02	-2.384186e-07
1.751677720200401e-02	-4.768372e-07
1.752677720200401e-02	-2.384186e-07
1.753677720200401e-02	-4.768372e-07
1.754677720200402e-02	-2.384186e-07
1.755677720200402e-02	-4.768372e-07
1.756677720200402e-02	-2.384186e-07
1.757677720200402e-02	-4.768372e-07
1.758677720200402e-02	-2.384186e-07
1.759677720200402e-02	-4.768372e-07
1.760677720200401e-02	-2.384186e-07
1.761677720200401e-02	-4.768372e-07
1.762677720200401e-02	-2.384186e-07
1.763677720200402e-02	-4.768372e-07
1.764677720200402e-02	-2.384186e-07
1.765677720200402e-02	-2.384186e-07
1.766677720200402e-02	-2.384186e-07
1.767677720200402e-02	-2.384186e-07
1.768677720200401e-02	-2.384186e-07
1.769677720200401e-02	-2.384186e-07
1.770677720200401e-02	-2.384186e-07
1.771677720200401e-02	-2.384186e-07
1.772677720200402e-02	-2.384186e-07
1.773677720200402e-02	-2.384186e-07
1.774677720200402e-02	-2.384186e-07
1.775677720200402e-02	-2.384186e-07
1.776677720200402e-02	-2.384186e-07
1.777677720200401e-02	-2.384186e-07
1.778677720200401e-02	-2.384186e-07
1.779677720200401e-02	-2.384186e-07
1.780677720200402e-02	-2.384186e-07
1.781677720200402e-02	-2.384186e-07
1.782677720200402e-02	-2.384186e-07
1.783677720200402e-02	-2.384186e-07
1.784677720200402e-02	-2.384186e-07
1.785677720200401e-02	-2.384186e-07
1.786677720200401e-02	-2.384186e-07
1.787677720200401e-02	-2.384186e-07
1.788677720200401e-02	-2.384186e-07
1.789677720200402e-02	-2.384186e-07
1.790677720200402e-02	-2.384186e-07
1.791677720200402e-02	-2.384186e-07
1.792677720200402e-02	-2.384186e-07
1.793677720200402e-02	-2.384186e-07
1.794677720200401e-02	-2.384186e-07
1.795677720200401e-02	-2.384186e-07
1.796677720200401e-02	-2.384186e-07
1.797677720200402e-02	-2.384186e-07
1.798677720200402e-02	-2.384186e-07
1.799677720200402e-02	-2.384186e-07
1.800677720200402e-02	-2.384186e-07
1.801677720200402e-02	-2.384186e-07
1.802677720200401e-02	-2.384186e-07
1.803677720200401e-02	-2.384186e-07
1.804677720200401e-02	-2.384186e-07
1.805677720200401e-02	-2.384186e-07
1.806677720200402e-02	-2.384186e-07
1.807677720200402e-02	-2.384186e-07
1.808677720200402e-02	-2.384186e-07
1.809677720200402e-02	-2.384186e-07
1.810677720200402e-02	-2.384186e-07
1.811677720200401e-02	-2.384186e-07
1.812677720200401e-02	-2.384186e-07
1.813677720200401e-02	-2.384186e-07
1.814677720200402e-02	-2.384186e-07
1.815677720200402e-02	-2.384186e-07
1.816677720200402e-02	-2.384186e-07
1.817677720200402e-02	-2.384186e-07
1.818677720200402e-02	-2.384186e-07
1.819677720200401e-02	-2.384186e-07
1.820677720200401e-02	-2.384186e-07
1.821677720200401e-02	-2.384186e-07
1.822677720200401e-02	-2.384186e-07
1.823677720200402e-02	-2.384186e-07
1.824677720200402e-02	-2.384186e-07
1.825677720200402e-02	-2.384186e-07
1.826677720200402e-02	-2.384186e-07
1.827677720200402e-02	-2.384186e-07
1.828677720200401e-02	-2.384186e-07
1.829677720200401e-02	-2.384186e-07
1.830677720200401e-02	-2.384186e-07
1.831677720200402e-02	-2.384186e-07
1.832677720200402e-02	-2.384186e-07
1.833677720200402e-02	-2.384186e-07
1.834677720200402e-02	-2.384186e-07
1.835677720200402e-02	-2.384186e-07
1.836677720200402e-02	-2.384186e-07
1.837677720200401e-02	-2.384186e-07
1.838677720200401e-02	-2.384186e-07
1.839677720200401e-02	-2.384186e-07
1.840677720200402e-02	-2.384186e-07
1.841677720200402e-02	-2.384186e-07
1.842677720200402e-02	-2.384186e-07
1.843677720200402e-02	-2.384186e-07
1.844677720200402e-02	-2.384186e-07
1.845677720200401e-02	-2.384186e-07
1.846677720200401e-02	-2.384186e-07
1.847677720200401e-02	-2.384186e-07
1.848677720200402e-02	-2.384186e-07
1.849677720200402e-02	-2.384186e-07
1.850677720200402e-02	-2.384186e-07
1.851677720200402e-02	-2.384186e-07
1.852677720200402e-02	-2.384186e-07
1.853677720200402e-02	-2.384186e-07
1.854677720200401e-02	-2.384186e-07
1.855677720200401e-02	-2.384186e-07
1.856677720200401e-02	-2.384186e-07
1.857677720200402e-02	-2.384186e-07
1.858677720200402e-02	-2.384186e-07
1.859677720200402e-02	-2.384186e-07
1.860677720200402e-02	-2.384186e-07
1.861677720200402e-02	-2.384186e-07
1.862677720200401e-02	-2.384186e-07
1.863677720200401e-02	-2.384186e-07
1.864677720200401e-02	-2.384186e-07
1.865677720200402e-02	-2.384186e-07
1.866677720200402e-02	-2.384186e-07
1.867677720200402e-02	-2.384186e-07
1.868677720200402e-02	-2.384186e-07
1.869677720200402e-02	-2.384186e-07
1.870677720200402e-02	-2.384186e-07
1.871677720200401e-02	-2.384186e-07
1.872677720200401e-02	-2.384186e-07
1.873677720200401e-02	-2.384186e-07
1.874677720200402e-02	-2.384186e-07
1.875677720200402e-02	-2.384186e-07
1.876677720200402e-02	-2.384186e-07
1.877677720200402e-02	-2.384186e-07
1.878677720200402e-02	-2.384186e-07
1.879677720200401e-02	-2.384186e-07
1.880677720200401e-02	-2.384186e-07
1.881677720200401e-02	-2.384186e-07
1.882677720200402e-02	-2.384186e-07
1.883677720200402e-02	-2.384186e-07
1.884677720200402e-02	-2.384186e-07
1.885677720200402e-02	-2.384186e-07
1.886677720200402e-02	-2.384186e-07
1.887677720200402e-02	-2.384186e-07
1.888677720200401e-02	-2.384186e-07
1.889677720200401e-02	-2.384186e-07
1.890677720200401e-02	-2.384186e-07
1.891677720200402e-02	-2.384186e-07
1.892677720200402e-02	-2.384186e-07
1.893677720200402e-02	-2.384186e-07
1.894677720200402e-02	-2.384186e-07
1.895677720200402e-02	-2.384186e-07
1.896677720200401e-02	-2.384186e-07
1.897677720200401e-02	-2.384186e-07
1.898677720200401e-02	-2.384186e-07
1.899677720200401e-02	-2.384186e-07
1.900677720200402e-02	-2.384186e-07
1.901677720200402e-02	-2.384186e-07
1.902677720200402e-02	-2.384186e-07
1.903677720200402e-02	-2.384186e-07
1.904677720200402e-02	-2.384186e-07
1.905677720200401e-02	-2.384186e-07
1.906677720200401e-02	-2.384186e-07
1.907677720200401e-02	-2.384186e-07
1.908677720200402e-02	-2.384186e-07
1.909677720200402e-02	-2.384186e-07
1.910677720200402e-02	-2.384186e-07
1.911677720200402e-02	-2.384186e-07
1.912677720200402e-02	-2.384186e-07
1.913677720200401e-02	-2.384186e-07
1.914677720200401e-02	-2.384186e-07
1.915677720200401e-02	-2.384186e-07
1.916677720200401e-02	-2.384186e-07
1.917677720200402e-02	-2.384186e-07
1.918677720200402e-02	-2.384186e-07
1.919677720200402e-02	-2.384186e-07
1.920677720200402e-02	-2.384186e-07
1.921677720200402e-02	-2.384186e-07
1.922677720200401e-02	-2.384186e-07
1.923677720200401e-02	-2.384186e-07
1.924677720200401e-02	-2.384186e-07
1.925677720200402e-02	-2.384186e-07
1.926677720200402e-02	-2.384186e-07
1.927677720200402e-02	-2.384186e-07
1.928677720200402e-02	-2.384186e-07
1.929677720200402e-02	-2.384186e-07
1.930677720200401e-02	-2.384186e-07
1.931677720200401e-02	-2.384186e-07
1.932677720200401e-02	-2.384186e-07
1.933677720200401e-02	-2.384186e-07
1.934677720200402e-02	-2.384186e-07
1.935677720200402e-02	-2.384186e-07
1.936677720200402e-02	-2.384186e-07
1.937677720200402e-02	-2.384186e-07
1.938677720200402e-02	-2.384186e-07
1.939677720200401e-02	-2.384186e-07
1.940677720200401e-02	-2.384186e-07
1.941677720200401e-02	-2.384186e-07
1.942677720200402e-02	-2.384186e-07
1.943677720200402e-02	-2.384186e-07
1.944677720200402e-02	-2.384186e-07
1.945677720200402e-02	-2.384186e-07
1.946677720200402e-02	-2.384186e-07
1.947677720200401e-02	-2.384186e-07
1.948677720200401e-02	-2.384186e-07
1.949677720200401e-02	-2.384186e-07
1.950677720200401e-02	-2.384186e-07
1.951677720200402e-02	-2.384186e-07
1.952677720200402e-02	-2.384186e-07
1.953677720200402e-02	-2.384186e-07
1.954677720200402e-02	-2.384186e-07
1.955677720200402e-02	-2.384186e-07
1.956677720200401e-02	-2.384186e-07
1.957677720200401e-02	-2.384186e-07
1.958677720200401e-02	-2.384186e-07
1.959677720200402e-02	-2.384186e-07
1.960677720200402e-02	-2.384186e-07
1.961677720200402e-02	-2.384186e-07
1.962677720200402e-02	-2.384186e-07
1.963677720200402e-02	-2.384186e-07
1.964677720200401e-02	-2.384186e-07
1.965677720200401e-02	-2.384186e-07
1.966677720200401e-02	-2.384186e-07
1.967677720200401e-02	-2.384186e-07
1.968677720200402e-02	-2.384186e-07
1.969677720200402e-02	-2.384186e-07
1.970677720200402e-02	-2.384186e-07
1.971677720200402e-02	-2.384186e-07
1.972677720200402e-02	-2.384186e-07
1.973677720200401e-02	-2.384186e-07
1.974677720200401e-02	-2.384186e-07
1.975677720200401e-02	-2.384186e-07
1.976677720200402e-02	-2.384186e-07
1.977677720200402e-02	-2.384186e-07
1.978677720200402e-02	-2.384186e-07
1.979677720200402e-02	-2.384186e-07
1.980677720200402e-02	-2.384186e-07
1.981677720200401e-02	-2.384186e-07
1.982677720200401e-02	-2.384186e-07
1.983677720200401e-02	-2.384186e-07
1.984677720200401e-02	-2.384186e-07
1.985677720200402e-02	-2.384186e-07
1.986677720200402e-02	-2.384186e-07
1.987677720200402e-02	-2.384186e-07
1.988677720200402e-02	-2.384186e-07
1.989677720200402e-02	-2.384186e-07
1.990677720200401e-02	-2.384186e-07
1.991677720200401e-02	-2.384186e-07
1.992677720200401e-02	-2.384186e-07
1.993677720200402e-02	-2.384186e-07
1.994677720200402e-02	-2.384186e-07
1.995677720200402e-02	-2.384186e-07
1.996677720200402e-02	-2.384186e-07
1.997677720200402e-02	-2.384186e-07
1.998677720200401e-02	-2.384186e-07
1.999677720200401e-02	-2.384186e-07
2.000000000000000e-02	-2.384186e-07
