time	I(Vcell25)
0.000000000000000e+00	-2.656571e-07
9.999999439624929e-11	-2.655381e-07
1.999999887924986e-10	-2.654023e-07
3.999999775849972e-10	-2.650978e-07
7.999999551699943e-10	-2.643226e-07
1.599999910339989e-09	-2.623111e-07
3.199999820679977e-09	-2.573672e-07
6.399999641359955e-09	-2.468078e-07
1.279999928271991e-08	-2.278138e-07
2.559999856543982e-08	-1.971679e-07
5.119999713087964e-08	-1.494000e-07
9.252070311618464e-08	-9.142740e-08
1.510333739817309e-07	-2.155384e-07
2.057408767038243e-07	-5.128662e-07
2.712252236998067e-07	-7.962724e-07
3.308483285955238e-07	-9.432744e-07
4.500945383869579e-07	-9.390226e-07
4.715278489310965e-07	-9.174552e-07
5.143944700193735e-07	-8.738179e-07
6.001277121959275e-07	-7.904707e-07
7.715941965490356e-07	-6.443880e-07
1.114527165255252e-06	-4.338885e-07
1.680622112752960e-06	-2.677033e-07
2.395090483783586e-06	-2.295259e-07
3.411490828398060e-06	-2.707261e-07
5.126686116133788e-06	-3.716981e-07
8.557076691605245e-06	-5.587671e-07
1.541785784254816e-05	-3.761896e-06
2.541785784254816e-05	-1.670626e-05
3.541785784254816e-05	-2.446544e-05
4.541785784254816e-05	-2.742437e-05
5.541785784254816e-05	-2.699985e-05
6.541785784254815e-05	-2.411669e-05
7.541785784254815e-05	-2.055917e-05
8.541785784254815e-05	-1.752787e-05
9.541785784254815e-05	-1.501332e-05
1.000000009999994e-04	-1.398274e-05
1.000000019999994e-04	-1.398226e-05
1.000000179999994e-04	-1.398200e-05
1.000000499999994e-04	-1.398188e-05
1.000001139999994e-04	-1.398148e-05
1.000002419999994e-04	-1.398118e-05
1.000004979999994e-04	-1.398077e-05
1.000010099999994e-04	-1.398058e-05
1.000020339999994e-04	-1.398012e-05
1.000040819999994e-04	-1.397961e-05
1.000081779999994e-04	-1.397882e-05
1.000163699999994e-04	-1.397796e-05
1.000327539999994e-04	-1.397607e-05
1.000655219999995e-04	-1.397183e-05
1.001310579999995e-04	-1.396053e-05
1.002621299999997e-04	-1.393410e-05
1.005242740000000e-04	-1.387843e-05
1.010485620000006e-04	-1.376808e-05
1.020971380000018e-04	-1.355002e-05
1.041942900000042e-04	-1.312536e-05
1.083885940000089e-04	-1.231861e-05
1.167772020000184e-04	-1.086174e-05
1.267772020000184e-04	-9.369338e-06
1.367772020000184e-04	-7.037836e-05
1.467772020000184e-04	-1.472319e-03
1.520022794647161e-04	-1.071866e-02
1.570540523639880e-04	-2.153509e-02
1.600466409562815e-04	-2.599254e-02
1.632617690497503e-04	-2.879116e-02
1.669045297167822e-04	-3.177845e-02
1.707456845975716e-04	-3.450722e-02
1.784279943591504e-04	-4.010783e-02
1.884279943591504e-04	-4.694239e-02
1.984279943591504e-04	-5.392933e-02
2.084279943591504e-04	-6.062672e-02
2.184279943591504e-04	-6.748420e-02
2.284279943591504e-04	-7.405055e-02
2.384279943591504e-04	-8.087684e-02
2.484279943591504e-04	-8.744717e-02
2.584279943591505e-04	-9.426336e-02
2.684279943591504e-04	-1.008267e-01
2.784279943591504e-04	-1.076331e-01
2.884279943591504e-04	-1.141859e-01
2.984279943591504e-04	-1.209805e-01
3.084279943591504e-04	-1.275206e-01
3.184279943591504e-04	-1.301901e-01
3.284279943591504e-04	-1.305436e-01
3.384279943591504e-04	-1.308108e-01
3.484279943591504e-04	-1.312955e-01
3.584279943591504e-04	-1.354749e-01
3.632856701076135e-04	-1.471141e-01
3.680260150749855e-04	-1.594277e-01
3.738104959281599e-04	-1.743809e-01
3.838104959281599e-04	-1.992967e-01
3.938104959281599e-04	-2.195933e-01
4.038104959281599e-04	-2.272243e-01
4.138104959281599e-04	-2.344392e-01
4.238104959281599e-04	-2.408738e-01
4.338104959281599e-04	-2.477470e-01
4.438104959281599e-04	-2.540035e-01
4.538104959281599e-04	-2.607606e-01
4.638104959281599e-04	-2.669339e-01
4.738104959281599e-04	-2.736240e-01
4.838104959281599e-04	-2.797438e-01
4.938104959281599e-04	-2.863859e-01
5.038104959281599e-04	-2.924653e-01
5.138104959281599e-04	-2.990690e-01
5.238104959281600e-04	-3.051153e-01
5.338104959281599e-04	-3.116860e-01
5.438104959281599e-04	-3.177033e-01
5.538104959281599e-04	-3.242446e-01
5.638104959281600e-04	-3.264236e-01
5.738104959281599e-04	-3.274750e-01
5.838104959281599e-04	-3.275401e-01
5.938104959281599e-04	-3.281245e-01
6.038104959281600e-04	-3.279731e-01
6.138104959281599e-04	-3.284371e-01
6.238104959281599e-04	-3.282098e-01
6.338104959281599e-04	-3.286231e-01
6.438104959281600e-04	-3.283597e-01
6.538104959281599e-04	-3.287466e-01
6.638104959281599e-04	-3.284631e-01
6.738104959281599e-04	-3.288344e-01
6.838104959281599e-04	-3.285385e-01
6.938104959281599e-04	-3.288998e-01
7.038104959281599e-04	-3.285957e-01
7.138104959281599e-04	-3.289502e-01
7.238104959281599e-04	-3.286404e-01
7.338104959281599e-04	-3.289900e-01
7.438104959281599e-04	-3.286761e-01
7.538104959281599e-04	-3.290221e-01
7.638104959281599e-04	-3.287052e-01
7.738104959281599e-04	-3.290484e-01
7.838104959281599e-04	-3.287292e-01
7.938104959281599e-04	-3.290703e-01
8.038104959281599e-04	-3.287493e-01
8.138104959281599e-04	-3.290886e-01
8.238104959281599e-04	-3.287663e-01
8.338104959281599e-04	-3.291042e-01
8.438104959281599e-04	-3.287807e-01
8.538104959281599e-04	-3.291175e-01
8.638104959281599e-04	-3.287930e-01
8.738104959281599e-04	-3.291289e-01
8.838104959281599e-04	-3.288037e-01
8.938104959281598e-04	-3.291387e-01
9.038104959281599e-04	-3.288130e-01
9.138104959281599e-04	-3.291473e-01
9.238104959281599e-04	-3.288210e-01
9.338104959281598e-04	-3.291548e-01
9.438104959281599e-04	-3.288281e-01
9.538104959281599e-04	-3.291613e-01
9.638104959281599e-04	-3.288343e-01
9.738104959281598e-04	-3.291671e-01
9.838104959281600e-04	-3.288397e-01
9.938104959281598e-04	-3.291721e-01
1.000000000000000e-03	-3.288437e-01
1.000000001000000e-03	-3.288642e-01
1.000000017000000e-03	-3.289075e-01
1.000000049000000e-03	-3.288970e-01
1.000000113000000e-03	-3.289340e-01
1.000000241000000e-03	-3.289425e-01
1.000000497000000e-03	-3.289904e-01
1.000001009000000e-03	-3.289957e-01
1.000002033000000e-03	-3.290169e-01
1.000004081000000e-03	-3.289996e-01
1.000008177000000e-03	-3.290170e-01
1.000016369000001e-03	-3.290001e-01
1.000032753000001e-03	-3.290170e-01
1.000065521000002e-03	-3.290002e-01
1.000131057000004e-03	-3.290171e-01
1.000262129000007e-03	-3.290003e-01
1.000524273000015e-03	-3.290172e-01
1.001048561000029e-03	-3.290004e-01
1.002097137000058e-03	-3.290175e-01
1.004194289000116e-03	-3.290012e-01
1.008388593000232e-03	-3.290189e-01
1.016777201000463e-03	-3.290039e-01
1.026777201000463e-03	-3.290227e-01
1.036777201000463e-03	-3.290078e-01
1.046777201000463e-03	-3.290265e-01
1.056777201000463e-03	-3.290113e-01
1.066777201000463e-03	-3.290297e-01
1.076777201000463e-03	-3.290144e-01
1.086777201000463e-03	-3.290327e-01
1.096777201000463e-03	-3.290172e-01
1.106777201000463e-03	-3.290353e-01
1.116777201000463e-03	-3.290197e-01
1.126777201000463e-03	-3.290376e-01
1.136777201000463e-03	-3.290219e-01
1.146777201000463e-03	-3.290397e-01
1.156777201000463e-03	-3.290239e-01
1.166777201000463e-03	-3.290416e-01
1.176777201000463e-03	-3.290256e-01
1.186777201000463e-03	-3.290433e-01
1.196777201000463e-03	-3.290272e-01
1.206777201000463e-03	-3.290448e-01
1.216777201000463e-03	-3.290287e-01
1.226777201000463e-03	-3.290462e-01
1.236777201000463e-03	-3.290299e-01
1.246777201000463e-03	-3.290474e-01
1.256777201000463e-03	-3.290311e-01
1.266777201000463e-03	-3.290485e-01
1.276777201000463e-03	-3.290322e-01
1.286777201000463e-03	-3.290495e-01
1.296777201000463e-03	-3.290331e-01
1.306777201000463e-03	-3.290504e-01
1.316777201000463e-03	-3.290339e-01
1.326777201000463e-03	-3.290511e-01
1.336777201000463e-03	-3.290347e-01
1.346777201000463e-03	-3.290519e-01
1.356777201000463e-03	-3.290354e-01
1.366777201000463e-03	-3.290525e-01
1.376777201000463e-03	-3.290360e-01
1.386777201000463e-03	-3.290531e-01
1.396777201000463e-03	-3.290366e-01
1.406777201000463e-03	-3.290536e-01
1.416777201000463e-03	-3.290371e-01
1.426777201000463e-03	-3.290541e-01
1.436777201000463e-03	-3.290375e-01
1.446777201000463e-03	-3.290546e-01
1.456777201000463e-03	-3.290379e-01
1.466777201000463e-03	-3.290550e-01
1.476777201000463e-03	-3.290383e-01
1.486777201000463e-03	-3.290553e-01
1.496777201000463e-03	-3.290386e-01
1.506777201000463e-03	-3.290556e-01
1.516777201000463e-03	-3.290389e-01
1.526777201000463e-03	-3.290559e-01
1.536777201000463e-03	-3.290392e-01
1.546777201000463e-03	-3.290562e-01
1.556777201000463e-03	-3.290395e-01
1.566777201000463e-03	-3.290564e-01
1.576777201000463e-03	-3.290397e-01
1.586777201000463e-03	-3.290566e-01
1.596777201000463e-03	-3.290399e-01
1.606777201000463e-03	-3.290568e-01
1.616777201000463e-03	-3.290401e-01
1.626777201000463e-03	-3.290570e-01
1.636777201000463e-03	-3.290403e-01
1.646777201000463e-03	-3.290572e-01
1.656777201000463e-03	-3.290404e-01
1.666777201000463e-03	-3.290573e-01
1.676777201000463e-03	-3.290405e-01
1.686777201000463e-03	-3.290574e-01
1.696777201000463e-03	-3.290406e-01
1.706777201000463e-03	-3.290575e-01
1.716777201000463e-03	-3.290408e-01
1.726777201000463e-03	-3.290576e-01
1.736777201000463e-03	-3.290409e-01
1.746777201000463e-03	-3.290578e-01
1.756777201000463e-03	-3.290409e-01
1.766777201000463e-03	-3.290578e-01
1.776777201000463e-03	-3.290410e-01
1.786777201000463e-03	-3.290579e-01
1.796777201000463e-03	-3.290411e-01
1.806777201000463e-03	-3.290580e-01
1.816777201000463e-03	-3.290412e-01
1.826777201000463e-03	-3.290581e-01
1.836777201000463e-03	-3.290412e-01
1.846777201000463e-03	-3.290581e-01
1.856777201000463e-03	-3.290413e-01
1.866777201000463e-03	-3.290582e-01
1.876777201000463e-03	-3.290414e-01
1.886777201000463e-03	-3.290582e-01
1.896777201000463e-03	-3.290414e-01
1.906777201000463e-03	-3.290583e-01
1.916777201000463e-03	-3.290415e-01
1.926777201000463e-03	-3.290583e-01
1.936777201000463e-03	-3.290415e-01
1.946777201000463e-03	-3.290583e-01
1.956777201000463e-03	-3.290415e-01
1.966777201000463e-03	-3.290583e-01
1.976777201000463e-03	-3.290415e-01
1.986777201000463e-03	-3.290584e-01
1.996777201000463e-03	-3.290416e-01
2.006777201000463e-03	-3.290584e-01
2.016777201000463e-03	-3.290416e-01
2.026777201000463e-03	-3.290584e-01
2.036777201000463e-03	-3.290416e-01
2.046777201000463e-03	-3.290585e-01
2.056777201000463e-03	-3.290416e-01
2.066777201000463e-03	-3.290585e-01
2.076777201000463e-03	-3.290417e-01
2.086777201000463e-03	-3.290585e-01
2.096777201000463e-03	-3.290417e-01
2.106777201000463e-03	-3.290585e-01
2.116777201000463e-03	-3.290417e-01
2.126777201000463e-03	-3.290585e-01
2.136777201000463e-03	-3.290417e-01
2.146777201000463e-03	-3.290585e-01
2.156777201000463e-03	-3.290417e-01
2.166777201000463e-03	-3.290586e-01
2.176777201000463e-03	-3.290417e-01
2.186777201000463e-03	-3.290586e-01
2.196777201000463e-03	-3.290417e-01
2.206777201000463e-03	-3.290586e-01
2.216777201000463e-03	-3.290417e-01
2.226777201000463e-03	-3.290586e-01
2.236777201000463e-03	-3.290417e-01
2.246777201000463e-03	-3.290586e-01
2.256777201000463e-03	-3.290417e-01
2.266777201000463e-03	-3.290586e-01
2.276777201000463e-03	-3.290418e-01
2.286777201000463e-03	-3.290586e-01
2.296777201000463e-03	-3.290418e-01
2.306777201000463e-03	-3.290586e-01
2.316777201000463e-03	-3.290418e-01
2.326777201000463e-03	-3.290586e-01
2.336777201000463e-03	-3.290418e-01
2.346777201000463e-03	-3.290586e-01
2.356777201000463e-03	-3.290418e-01
2.366777201000463e-03	-3.290586e-01
2.376777201000463e-03	-3.290418e-01
2.386777201000463e-03	-3.290586e-01
2.396777201000463e-03	-3.290418e-01
2.406777201000463e-03	-3.290586e-01
2.416777201000463e-03	-3.290418e-01
2.426777201000463e-03	-3.290586e-01
2.436777201000463e-03	-3.290418e-01
2.446777201000463e-03	-3.290586e-01
2.456777201000463e-03	-3.290418e-01
2.466777201000463e-03	-3.290586e-01
2.476777201000463e-03	-3.290418e-01
2.486777201000463e-03	-3.290586e-01
2.496777201000463e-03	-3.290418e-01
2.506777201000463e-03	-3.290586e-01
2.516777201000463e-03	-3.290418e-01
2.526777201000463e-03	-3.290586e-01
2.536777201000463e-03	-3.290418e-01
2.546777201000463e-03	-3.290586e-01
2.556777201000463e-03	-3.290418e-01
2.566777201000463e-03	-3.290586e-01
2.576777201000463e-03	-3.290418e-01
2.586777201000463e-03	-3.290586e-01
2.596777201000463e-03	-3.290418e-01
2.606777201000463e-03	-3.290586e-01
2.616777201000463e-03	-3.290418e-01
2.626777201000463e-03	-3.290586e-01
2.636777201000463e-03	-3.290418e-01
2.646777201000463e-03	-3.290586e-01
2.656777201000463e-03	-3.290418e-01
2.666777201000463e-03	-3.290586e-01
2.676777201000463e-03	-3.290418e-01
2.686777201000463e-03	-3.290586e-01
2.696777201000463e-03	-3.290418e-01
2.706777201000463e-03	-3.290586e-01
2.716777201000463e-03	-3.290418e-01
2.726777201000463e-03	-3.290586e-01
2.736777201000463e-03	-3.290418e-01
2.746777201000463e-03	-3.290586e-01
2.756777201000463e-03	-3.290418e-01
2.766777201000463e-03	-3.290586e-01
2.776777201000463e-03	-3.290418e-01
2.786777201000463e-03	-3.290586e-01
2.796777201000463e-03	-3.290418e-01
2.806777201000463e-03	-3.290586e-01
2.816777201000463e-03	-3.290418e-01
2.826777201000463e-03	-3.290586e-01
2.836777201000463e-03	-3.290418e-01
2.846777201000463e-03	-3.290586e-01
2.856777201000463e-03	-3.290418e-01
2.866777201000463e-03	-3.290586e-01
2.876777201000463e-03	-3.290418e-01
2.886777201000463e-03	-3.290586e-01
2.896777201000463e-03	-3.290418e-01
2.906777201000463e-03	-3.290586e-01
2.916777201000463e-03	-3.290418e-01
2.926777201000463e-03	-3.290586e-01
2.936777201000463e-03	-3.290418e-01
2.946777201000463e-03	-3.290586e-01
2.956777201000463e-03	-3.290418e-01
2.966777201000463e-03	-3.290586e-01
2.976777201000463e-03	-3.290418e-01
2.986777201000463e-03	-3.290586e-01
2.996777201000463e-03	-3.290418e-01
3.006777201000463e-03	-3.290586e-01
3.016777201000463e-03	-3.290418e-01
3.026777201000463e-03	-3.290586e-01
3.036777201000463e-03	-3.290418e-01
3.046777201000463e-03	-3.290586e-01
3.056777201000463e-03	-3.290418e-01
3.066777201000463e-03	-3.290586e-01
3.076777201000463e-03	-3.290418e-01
3.086777201000463e-03	-3.290586e-01
3.096777201000463e-03	-3.290418e-01
3.106777201000463e-03	-3.290586e-01
3.116777201000463e-03	-3.290418e-01
3.126777201000463e-03	-3.290586e-01
3.136777201000463e-03	-3.290418e-01
3.146777201000463e-03	-3.290586e-01
3.156777201000463e-03	-3.290418e-01
3.166777201000463e-03	-3.290586e-01
3.176777201000463e-03	-3.290418e-01
3.186777201000463e-03	-3.290586e-01
3.196777201000463e-03	-3.290418e-01
3.206777201000463e-03	-3.290586e-01
3.216777201000463e-03	-3.290418e-01
3.226777201000463e-03	-3.290586e-01
3.236777201000463e-03	-3.290418e-01
3.246777201000463e-03	-3.290586e-01
3.256777201000463e-03	-3.290418e-01
3.266777201000463e-03	-3.290586e-01
3.276777201000463e-03	-3.290418e-01
3.286777201000463e-03	-3.290586e-01
3.296777201000463e-03	-3.290418e-01
3.306777201000463e-03	-3.290586e-01
3.316777201000463e-03	-3.290418e-01
3.326777201000463e-03	-3.290586e-01
3.336777201000463e-03	-3.290418e-01
3.346777201000463e-03	-3.290586e-01
3.356777201000463e-03	-3.290418e-01
3.366777201000463e-03	-3.290586e-01
3.376777201000463e-03	-3.290418e-01
3.386777201000463e-03	-3.290586e-01
3.396777201000463e-03	-3.290418e-01
3.406777201000463e-03	-3.290586e-01
3.416777201000463e-03	-3.290418e-01
3.426777201000463e-03	-3.290586e-01
3.436777201000463e-03	-3.290418e-01
3.446777201000463e-03	-3.290586e-01
3.456777201000463e-03	-3.290418e-01
3.466777201000463e-03	-3.290586e-01
3.476777201000463e-03	-3.290418e-01
3.486777201000463e-03	-3.290586e-01
3.496777201000463e-03	-3.290418e-01
3.506777201000463e-03	-3.290586e-01
3.516777201000463e-03	-3.290418e-01
3.526777201000463e-03	-3.290586e-01
3.536777201000463e-03	-3.290418e-01
3.546777201000463e-03	-3.290586e-01
3.556777201000463e-03	-3.290418e-01
3.566777201000463e-03	-3.290586e-01
3.576777201000463e-03	-3.290418e-01
3.586777201000463e-03	-3.290586e-01
3.596777201000463e-03	-3.290418e-01
3.606777201000463e-03	-3.290586e-01
3.616777201000463e-03	-3.290418e-01
3.626777201000463e-03	-3.290586e-01
3.636777201000463e-03	-3.290418e-01
3.646777201000463e-03	-3.290586e-01
3.656777201000463e-03	-3.290418e-01
3.666777201000463e-03	-3.290586e-01
3.676777201000463e-03	-3.290418e-01
3.686777201000463e-03	-3.290586e-01
3.696777201000463e-03	-3.290418e-01
3.706777201000463e-03	-3.290586e-01
3.716777201000463e-03	-3.290418e-01
3.726777201000463e-03	-3.290586e-01
3.736777201000463e-03	-3.290418e-01
3.746777201000463e-03	-3.290586e-01
3.756777201000463e-03	-3.290418e-01
3.766777201000463e-03	-3.290586e-01
3.776777201000463e-03	-3.290418e-01
3.786777201000463e-03	-3.290586e-01
3.796777201000463e-03	-3.290418e-01
3.806777201000463e-03	-3.290586e-01
3.816777201000463e-03	-3.290418e-01
3.826777201000463e-03	-3.290586e-01
3.836777201000463e-03	-3.290418e-01
3.846777201000463e-03	-3.290586e-01
3.856777201000463e-03	-3.290418e-01
3.866777201000463e-03	-3.290586e-01
3.876777201000463e-03	-3.290418e-01
3.886777201000463e-03	-3.290586e-01
3.896777201000463e-03	-3.290418e-01
3.906777201000463e-03	-3.290586e-01
3.916777201000463e-03	-3.290418e-01
3.926777201000463e-03	-3.290586e-01
3.936777201000463e-03	-3.290418e-01
3.946777201000463e-03	-3.290586e-01
3.956777201000463e-03	-3.290418e-01
3.966777201000463e-03	-3.290586e-01
3.976777201000463e-03	-3.290418e-01
3.986777201000463e-03	-3.290586e-01
3.996777201000463e-03	-3.290418e-01
4.006777201000463e-03	-3.290586e-01
4.016777201000463e-03	-3.290418e-01
4.026777201000463e-03	-3.290586e-01
4.036777201000463e-03	-3.290418e-01
4.046777201000462e-03	-3.290586e-01
4.056777201000463e-03	-3.290418e-01
4.066777201000463e-03	-3.290586e-01
4.076777201000463e-03	-3.290418e-01
4.086777201000463e-03	-3.290586e-01
4.096777201000463e-03	-3.290418e-01
4.106777201000463e-03	-3.290586e-01
4.116777201000463e-03	-3.290418e-01
4.126777201000463e-03	-3.290586e-01
4.136777201000463e-03	-3.290418e-01
4.146777201000463e-03	-3.290586e-01
4.156777201000463e-03	-3.290418e-01
4.166777201000463e-03	-3.290586e-01
4.176777201000463e-03	-3.290418e-01
4.186777201000463e-03	-3.290586e-01
4.196777201000462e-03	-3.290418e-01
4.206777201000463e-03	-3.290586e-01
4.216777201000462e-03	-3.290418e-01
4.226777201000463e-03	-3.290586e-01
4.236777201000463e-03	-3.290418e-01
4.246777201000463e-03	-3.290586e-01
4.256777201000463e-03	-3.290418e-01
4.266777201000463e-03	-3.290586e-01
4.276777201000463e-03	-3.290418e-01
4.286777201000463e-03	-3.290586e-01
4.296777201000463e-03	-3.290418e-01
4.306777201000463e-03	-3.290586e-01
4.316777201000463e-03	-3.290418e-01
4.326777201000463e-03	-3.290586e-01
4.336777201000463e-03	-3.290418e-01
4.346777201000463e-03	-3.290586e-01
4.356777201000463e-03	-3.290418e-01
4.366777201000462e-03	-3.290586e-01
4.376777201000463e-03	-3.290418e-01
4.386777201000462e-03	-3.290586e-01
4.396777201000463e-03	-3.290418e-01
4.406777201000463e-03	-3.290586e-01
4.416777201000463e-03	-3.290418e-01
4.426777201000463e-03	-3.290586e-01
4.436777201000463e-03	-3.290418e-01
4.446777201000463e-03	-3.290586e-01
4.456777201000463e-03	-3.290418e-01
4.466777201000463e-03	-3.290586e-01
4.476777201000463e-03	-3.290418e-01
4.486777201000463e-03	-3.290586e-01
4.496777201000463e-03	-3.290418e-01
4.506777201000463e-03	-3.290586e-01
4.516777201000462e-03	-3.290418e-01
4.526777201000463e-03	-3.290586e-01
4.536777201000462e-03	-3.290418e-01
4.546777201000463e-03	-3.290586e-01
4.556777201000463e-03	-3.290418e-01
4.566777201000463e-03	-3.290586e-01
4.576777201000463e-03	-3.290418e-01
4.586777201000463e-03	-3.290586e-01
4.596777201000463e-03	-3.290418e-01
4.606777201000463e-03	-3.290586e-01
4.616777201000463e-03	-3.290418e-01
4.626777201000463e-03	-3.290586e-01
4.636777201000463e-03	-3.290418e-01
4.646777201000463e-03	-3.290586e-01
4.656777201000463e-03	-3.290418e-01
4.666777201000463e-03	-3.290586e-01
4.676777201000463e-03	-3.290418e-01
4.686777201000462e-03	-3.290586e-01
4.696777201000463e-03	-3.290418e-01
4.706777201000462e-03	-3.290586e-01
4.716777201000463e-03	-3.290418e-01
4.726777201000463e-03	-3.290586e-01
4.736777201000463e-03	-3.290418e-01
4.746777201000463e-03	-3.290586e-01
4.756777201000463e-03	-3.290418e-01
4.766777201000463e-03	-3.290586e-01
4.776777201000463e-03	-3.290418e-01
4.786777201000463e-03	-3.290586e-01
4.796777201000463e-03	-3.290418e-01
4.806777201000463e-03	-3.290586e-01
4.816777201000463e-03	-3.290418e-01
4.826777201000463e-03	-3.290586e-01
4.836777201000462e-03	-3.290418e-01
4.846777201000463e-03	-3.290586e-01
4.856777201000462e-03	-3.290418e-01
4.866777201000463e-03	-3.290586e-01
4.876777201000462e-03	-3.290418e-01
4.886777201000463e-03	-3.290586e-01
4.896777201000463e-03	-3.290418e-01
4.906777201000463e-03	-3.290586e-01
4.916777201000463e-03	-3.290418e-01
4.926777201000463e-03	-3.290586e-01
4.936777201000463e-03	-3.290418e-01
4.946777201000463e-03	-3.290586e-01
4.956777201000463e-03	-3.290418e-01
4.966777201000463e-03	-3.290586e-01
4.976777201000463e-03	-3.290418e-01
4.986777201000463e-03	-3.290586e-01
4.996777201000463e-03	-3.290418e-01
5.006777201000462e-03	-3.290586e-01
5.016777201000463e-03	-3.290418e-01
5.026777201000462e-03	-3.290586e-01
5.036777201000463e-03	-3.290418e-01
5.046777201000462e-03	-3.290586e-01
5.056777201000463e-03	-3.290418e-01
5.066777201000463e-03	-3.290586e-01
5.076777201000463e-03	-3.290418e-01
5.086777201000463e-03	-3.290586e-01
5.096777201000463e-03	-3.290418e-01
5.106777201000463e-03	-3.290586e-01
5.116777201000463e-03	-3.290418e-01
5.126777201000463e-03	-3.290586e-01
5.136777201000463e-03	-3.290418e-01
5.146777201000463e-03	-3.290586e-01
5.156777201000462e-03	-3.290418e-01
5.166777201000463e-03	-3.290586e-01
5.176777201000462e-03	-3.290418e-01
5.186777201000463e-03	-3.290586e-01
5.196777201000462e-03	-3.290418e-01
5.206777201000463e-03	-3.290586e-01
5.216777201000463e-03	-3.290418e-01
5.226777201000463e-03	-3.290586e-01
5.236777201000463e-03	-3.290418e-01
5.246777201000463e-03	-3.290586e-01
5.256777201000463e-03	-3.290418e-01
5.266777201000463e-03	-3.290586e-01
5.276777201000463e-03	-3.290418e-01
5.286777201000463e-03	-3.290586e-01
5.296777201000463e-03	-3.290418e-01
5.306777201000463e-03	-3.290586e-01
5.316777201000463e-03	-3.290418e-01
5.326777201000462e-03	-3.290586e-01
5.336777201000463e-03	-3.290418e-01
5.346777201000462e-03	-3.290586e-01
5.356777201000463e-03	-3.290418e-01
5.366777201000462e-03	-3.290586e-01
5.376777201000463e-03	-3.290418e-01
5.386777201000463e-03	-3.290586e-01
5.396777201000463e-03	-3.290418e-01
5.406777201000463e-03	-3.290586e-01
5.416777201000463e-03	-3.290418e-01
5.426777201000463e-03	-3.290586e-01
5.436777201000463e-03	-3.290418e-01
5.446777201000463e-03	-3.290586e-01
5.456777201000463e-03	-3.290418e-01
5.466777201000463e-03	-3.290586e-01
5.476777201000462e-03	-3.290418e-01
5.486777201000463e-03	-3.290586e-01
5.496777201000462e-03	-3.290418e-01
5.506777201000463e-03	-3.290586e-01
5.516777201000462e-03	-3.290418e-01
5.526777201000463e-03	-3.290586e-01
5.536777201000462e-03	-3.290418e-01
5.546777201000463e-03	-3.290586e-01
5.556777201000463e-03	-3.290418e-01
5.566777201000463e-03	-3.290586e-01
5.576777201000463e-03	-3.290418e-01
5.586777201000463e-03	-3.290586e-01
5.596777201000463e-03	-3.290418e-01
5.606777201000463e-03	-3.290586e-01
5.616777201000463e-03	-3.290418e-01
5.626777201000463e-03	-3.290586e-01
5.636777201000463e-03	-3.290418e-01
5.646777201000462e-03	-3.290586e-01
5.656777201000463e-03	-3.290418e-01
5.666777201000462e-03	-3.290586e-01
5.676777201000463e-03	-3.290418e-01
5.686777201000462e-03	-3.290586e-01
5.696777201000463e-03	-3.290418e-01
5.706777201000462e-03	-3.290586e-01
5.716777201000463e-03	-3.290418e-01
5.726777201000463e-03	-3.290586e-01
5.736777201000463e-03	-3.290418e-01
5.746777201000463e-03	-3.290586e-01
5.756777201000463e-03	-3.290418e-01
5.766777201000463e-03	-3.290586e-01
5.776777201000463e-03	-3.290418e-01
5.786777201000463e-03	-3.290586e-01
5.796777201000462e-03	-3.290418e-01
5.806777201000463e-03	-3.290586e-01
5.816777201000462e-03	-3.290418e-01
5.826777201000463e-03	-3.290586e-01
5.836777201000462e-03	-3.290418e-01
5.846777201000463e-03	-3.290586e-01
5.856777201000462e-03	-3.290418e-01
5.866777201000463e-03	-3.290586e-01
5.876777201000462e-03	-3.290418e-01
5.886777201000463e-03	-3.290586e-01
5.896777201000463e-03	-3.290418e-01
5.906777201000463e-03	-3.290586e-01
5.916777201000463e-03	-3.290418e-01
5.926777201000463e-03	-3.290586e-01
5.936777201000463e-03	-3.290418e-01
5.946777201000463e-03	-3.290586e-01
5.956777201000463e-03	-3.290418e-01
5.966777201000462e-03	-3.290586e-01
5.976777201000463e-03	-3.290418e-01
5.986777201000462e-03	-3.290586e-01
5.996777201000463e-03	-3.290418e-01
6.006777201000462e-03	-3.290586e-01
6.016777201000463e-03	-3.290418e-01
6.026777201000462e-03	-3.290586e-01
6.036777201000463e-03	-3.290418e-01
6.046777201000463e-03	-3.290586e-01
6.056777201000463e-03	-3.290418e-01
6.066777201000463e-03	-3.290586e-01
6.076777201000463e-03	-3.290418e-01
6.086777201000463e-03	-3.290586e-01
6.096777201000463e-03	-3.290418e-01
6.106777201000463e-03	-3.290586e-01
6.116777201000462e-03	-3.290418e-01
6.126777201000463e-03	-3.290586e-01
6.136777201000462e-03	-3.290418e-01
6.146777201000463e-03	-3.290586e-01
6.156777201000462e-03	-3.290418e-01
6.166777201000463e-03	-3.290586e-01
6.176777201000462e-03	-3.290418e-01
6.186777201000463e-03	-3.290586e-01
6.196777201000462e-03	-3.290418e-01
6.206777201000463e-03	-3.290586e-01
6.216777201000463e-03	-3.290418e-01
6.226777201000463e-03	-3.290586e-01
6.236777201000463e-03	-3.290418e-01
6.246777201000463e-03	-3.290586e-01
6.256777201000463e-03	-3.290418e-01
6.266777201000463e-03	-3.290586e-01
6.276777201000463e-03	-3.290418e-01
6.286777201000462e-03	-3.290586e-01
6.296777201000463e-03	-3.290418e-01
6.306777201000462e-03	-3.290586e-01
6.316777201000463e-03	-3.290418e-01
6.326777201000462e-03	-3.290586e-01
6.336777201000463e-03	-3.290418e-01
6.346777201000462e-03	-3.290586e-01
6.356777201000463e-03	-3.290418e-01
6.366777201000462e-03	-3.290586e-01
6.376777201000463e-03	-3.290418e-01
6.386777201000463e-03	-3.290586e-01
6.396777201000463e-03	-3.290418e-01
6.406777201000463e-03	-3.290586e-01
6.416777201000463e-03	-3.290418e-01
6.426777201000463e-03	-3.290586e-01
6.436777201000462e-03	-3.290418e-01
6.446777201000463e-03	-3.290586e-01
6.456777201000462e-03	-3.290418e-01
6.466777201000463e-03	-3.290586e-01
6.476777201000462e-03	-3.290418e-01
6.486777201000463e-03	-3.290586e-01
6.496777201000462e-03	-3.290418e-01
6.506777201000463e-03	-3.290586e-01
6.516777201000462e-03	-3.290418e-01
6.526777201000463e-03	-3.290586e-01
6.536777201000462e-03	-3.290418e-01
6.546777201000463e-03	-3.290586e-01
6.556777201000463e-03	-3.290418e-01
6.566777201000463e-03	-3.290586e-01
6.576777201000463e-03	-3.290418e-01
6.586777201000463e-03	-3.290586e-01
6.596777201000463e-03	-3.290418e-01
6.606777201000462e-03	-3.290586e-01
6.616777201000463e-03	-3.290418e-01
6.626777201000462e-03	-3.290586e-01
6.636777201000463e-03	-3.290418e-01
6.646777201000462e-03	-3.290586e-01
6.656777201000463e-03	-3.290418e-01
6.666777201000462e-03	-3.290586e-01
6.676777201000463e-03	-3.290418e-01
6.686777201000462e-03	-3.290586e-01
6.696777201000463e-03	-3.290418e-01
6.706777201000463e-03	-3.290586e-01
6.716777201000463e-03	-3.290418e-01
6.726777201000463e-03	-3.290586e-01
6.736777201000463e-03	-3.290418e-01
6.746777201000463e-03	-3.290586e-01
6.756777201000462e-03	-3.290418e-01
6.766777201000463e-03	-3.290586e-01
6.776777201000462e-03	-3.290418e-01
6.786777201000463e-03	-3.290586e-01
6.796777201000462e-03	-3.290418e-01
6.806777201000463e-03	-3.290586e-01
6.816777201000462e-03	-3.290418e-01
6.826777201000463e-03	-3.290586e-01
6.836777201000462e-03	-3.290418e-01
6.846777201000463e-03	-3.290586e-01
6.856777201000462e-03	-3.290418e-01
6.866777201000463e-03	-3.290586e-01
6.876777201000463e-03	-3.290418e-01
6.886777201000463e-03	-3.290586e-01
6.896777201000463e-03	-3.290418e-01
6.906777201000463e-03	-3.290586e-01
6.916777201000463e-03	-3.290418e-01
6.926777201000462e-03	-3.290586e-01
6.936777201000463e-03	-3.290418e-01
6.946777201000462e-03	-3.290586e-01
6.956777201000463e-03	-3.290418e-01
6.966777201000462e-03	-3.290586e-01
6.976777201000463e-03	-3.290418e-01
6.986777201000462e-03	-3.290586e-01
6.996777201000463e-03	-3.290418e-01
7.006777201000462e-03	-3.290586e-01
7.016777201000463e-03	-3.290418e-01
7.026777201000462e-03	-3.290586e-01
7.036777201000463e-03	-3.290418e-01
7.046777201000463e-03	-3.290586e-01
7.056777201000463e-03	-3.290418e-01
7.066777201000463e-03	-3.290586e-01
7.076777201000462e-03	-3.290418e-01
7.086777201000463e-03	-3.290586e-01
7.096777201000462e-03	-3.290418e-01
7.106777201000463e-03	-3.290586e-01
7.116777201000462e-03	-3.290418e-01
7.126777201000463e-03	-3.290586e-01
7.136777201000462e-03	-3.290418e-01
7.146777201000463e-03	-3.290586e-01
7.156777201000462e-03	-3.290418e-01
7.166777201000463e-03	-3.290586e-01
7.176777201000462e-03	-3.290418e-01
7.186777201000463e-03	-3.290586e-01
7.196777201000462e-03	-3.290418e-01
7.206777201000463e-03	-3.290586e-01
7.216777201000463e-03	-3.290418e-01
7.226777201000463e-03	-3.290586e-01
7.236777201000463e-03	-3.290418e-01
7.246777201000462e-03	-3.290586e-01
7.256777201000463e-03	-3.290418e-01
7.266777201000462e-03	-3.290586e-01
7.276777201000463e-03	-3.290418e-01
7.286777201000462e-03	-3.290586e-01
7.296777201000463e-03	-3.290418e-01
7.306777201000462e-03	-3.290586e-01
7.316777201000463e-03	-3.290418e-01
7.326777201000462e-03	-3.290586e-01
7.336777201000463e-03	-3.290418e-01
7.346777201000462e-03	-3.290586e-01
7.356777201000463e-03	-3.290418e-01
7.366777201000463e-03	-3.290586e-01
7.376777201000463e-03	-3.290418e-01
7.386777201000463e-03	-3.290586e-01
7.396777201000462e-03	-3.290418e-01
7.406777201000463e-03	-3.290586e-01
7.416777201000462e-03	-3.290418e-01
7.426777201000463e-03	-3.290586e-01
7.436777201000462e-03	-3.290418e-01
7.446777201000463e-03	-3.290586e-01
7.456777201000462e-03	-3.290418e-01
7.466777201000463e-03	-3.290586e-01
7.476777201000462e-03	-3.290418e-01
7.486777201000463e-03	-3.290586e-01
7.496777201000462e-03	-3.290418e-01
7.506777201000463e-03	-3.290586e-01
7.516777201000462e-03	-3.290418e-01
7.526777201000463e-03	-3.290586e-01
7.536777201000463e-03	-3.290418e-01
7.546777201000463e-03	-3.290586e-01
7.556777201000463e-03	-3.290418e-01
7.566777201000462e-03	-3.290586e-01
7.576777201000463e-03	-3.290418e-01
7.586777201000462e-03	-3.290586e-01
7.596777201000463e-03	-3.290418e-01
7.606777201000462e-03	-3.290586e-01
7.616777201000463e-03	-3.290418e-01
7.626777201000462e-03	-3.290586e-01
7.636777201000463e-03	-3.290418e-01
7.646777201000462e-03	-3.290586e-01
7.656777201000463e-03	-3.290418e-01
7.666777201000462e-03	-3.290586e-01
7.676777201000463e-03	-3.290418e-01
7.686777201000462e-03	-3.290586e-01
7.696777201000463e-03	-3.290418e-01
7.706777201000463e-03	-3.290586e-01
7.716777201000462e-03	-3.290418e-01
7.726777201000463e-03	-3.290586e-01
7.736777201000462e-03	-3.290418e-01
7.746777201000463e-03	-3.290586e-01
7.756777201000462e-03	-3.290418e-01
7.766777201000463e-03	-3.290586e-01
7.776777201000462e-03	-3.290418e-01
7.786777201000463e-03	-3.290586e-01
7.796777201000462e-03	-3.290418e-01
7.806777201000463e-03	-3.290586e-01
7.816777201000463e-03	-3.290418e-01
7.826777201000463e-03	-3.290586e-01
7.836777201000462e-03	-3.290418e-01
7.846777201000462e-03	-3.290586e-01
7.856777201000463e-03	-3.290418e-01
7.866777201000463e-03	-3.290586e-01
7.876777201000463e-03	-3.290418e-01
7.886777201000462e-03	-3.290586e-01
7.896777201000462e-03	-3.290418e-01
7.906777201000463e-03	-3.290586e-01
7.916777201000463e-03	-3.290418e-01
7.926777201000462e-03	-3.290586e-01
7.936777201000462e-03	-3.290418e-01
7.946777201000463e-03	-3.290586e-01
7.956777201000463e-03	-3.290418e-01
7.966777201000462e-03	-3.290586e-01
7.976777201000462e-03	-3.290418e-01
7.986777201000463e-03	-3.290586e-01
7.996777201000463e-03	-3.290418e-01
8.006777201000462e-03	-3.290586e-01
8.016777201000462e-03	-3.290418e-01
8.026777201000463e-03	-3.290586e-01
8.036777201000463e-03	-3.290418e-01
8.046777201000463e-03	-3.290586e-01
8.056777201000462e-03	-3.290418e-01
8.066777201000462e-03	-3.290586e-01
8.076777201000463e-03	-3.290418e-01
8.086777201000463e-03	-3.290586e-01
8.096777201000462e-03	-3.290418e-01
8.106777201000462e-03	-3.290586e-01
8.116777201000463e-03	-3.290418e-01
8.126777201000463e-03	-3.290586e-01
8.136777201000462e-03	-3.290418e-01
8.146777201000462e-03	-3.290586e-01
8.156777201000463e-03	-3.290418e-01
8.166777201000463e-03	-3.290586e-01
8.176777201000462e-03	-3.290419e-01
8.186777201000462e-03	-3.290586e-01
8.196777201000462e-03	-3.290419e-01
8.206777201000463e-03	-3.290586e-01
8.216777201000463e-03	-3.290419e-01
8.226777201000462e-03	-3.290586e-01
8.236777201000462e-03	-3.290419e-01
8.246777201000463e-03	-3.290586e-01
8.256777201000463e-03	-3.290419e-01
8.266777201000462e-03	-3.290586e-01
8.276777201000462e-03	-3.290419e-01
8.286777201000463e-03	-3.290586e-01
8.296777201000463e-03	-3.290419e-01
8.306777201000462e-03	-3.290586e-01
8.316777201000462e-03	-3.290419e-01
8.326777201000463e-03	-3.290586e-01
8.336777201000463e-03	-3.290419e-01
8.346777201000462e-03	-3.290586e-01
8.356777201000462e-03	-3.290419e-01
8.366777201000462e-03	-3.290586e-01
8.376777201000463e-03	-3.290419e-01
8.386777201000463e-03	-3.290586e-01
8.396777201000462e-03	-3.290419e-01
8.406777201000462e-03	-3.290586e-01
8.416777201000463e-03	-3.290419e-01
8.426777201000463e-03	-3.290586e-01
8.436777201000462e-03	-3.290419e-01
8.446777201000462e-03	-3.290586e-01
8.456777201000463e-03	-3.290419e-01
8.466777201000463e-03	-3.290586e-01
8.476777201000462e-03	-3.290419e-01
8.486777201000462e-03	-3.290586e-01
8.496777201000463e-03	-3.290419e-01
8.506777201000463e-03	-3.290586e-01
8.516777201000462e-03	-3.290419e-01
8.526777201000462e-03	-3.290586e-01
8.536777201000462e-03	-3.290419e-01
8.546777201000463e-03	-3.290586e-01
8.556777201000463e-03	-3.290419e-01
8.566777201000462e-03	-3.290586e-01
8.576777201000462e-03	-3.290419e-01
8.586777201000463e-03	-3.290586e-01
8.596777201000463e-03	-3.290419e-01
8.606777201000462e-03	-3.290586e-01
8.616777201000462e-03	-3.290419e-01
8.626777201000463e-03	-3.290586e-01
8.636777201000463e-03	-3.290419e-01
8.646777201000462e-03	-3.290586e-01
8.656777201000462e-03	-3.290419e-01
8.666777201000463e-03	-3.290586e-01
8.676777201000463e-03	-3.290419e-01
8.686777201000462e-03	-3.290586e-01
8.696777201000462e-03	-3.290419e-01
8.706777201000462e-03	-3.290586e-01
8.716777201000463e-03	-3.290419e-01
8.726777201000463e-03	-3.290586e-01
8.736777201000462e-03	-3.290419e-01
8.746777201000462e-03	-3.290586e-01
8.756777201000463e-03	-3.290419e-01
8.766777201000463e-03	-3.290586e-01
8.776777201000462e-03	-3.290419e-01
8.786777201000462e-03	-3.290586e-01
8.796777201000463e-03	-3.290419e-01
8.806777201000463e-03	-3.290586e-01
8.816777201000462e-03	-3.290419e-01
8.826777201000462e-03	-3.290586e-01
8.836777201000462e-03	-3.290419e-01
8.846777201000463e-03	-3.290586e-01
8.856777201000463e-03	-3.290419e-01
8.866777201000462e-03	-3.290586e-01
8.876777201000462e-03	-3.290419e-01
8.886777201000463e-03	-3.290586e-01
8.896777201000463e-03	-3.290419e-01
8.906777201000462e-03	-3.290586e-01
8.916777201000462e-03	-3.290419e-01
8.926777201000463e-03	-3.290586e-01
8.936777201000463e-03	-3.290419e-01
8.946777201000462e-03	-3.290586e-01
8.956777201000462e-03	-3.290419e-01
8.966777201000463e-03	-3.290586e-01
8.976777201000463e-03	-3.290419e-01
8.986777201000462e-03	-3.290586e-01
8.996777201000462e-03	-3.290419e-01
9.006777201000462e-03	-3.290586e-01
9.016777201000463e-03	-3.290419e-01
9.026777201000463e-03	-3.290586e-01
9.036777201000462e-03	-3.290419e-01
9.046777201000462e-03	-3.290586e-01
9.056777201000463e-03	-3.290419e-01
9.066777201000463e-03	-3.290586e-01
9.076777201000462e-03	-3.290419e-01
9.086777201000462e-03	-3.290586e-01
9.096777201000463e-03	-3.290419e-01
9.106777201000463e-03	-3.290586e-01
9.116777201000462e-03	-3.290419e-01
9.126777201000462e-03	-3.290586e-01
9.136777201000463e-03	-3.290419e-01
9.146777201000463e-03	-3.290586e-01
9.156777201000462e-03	-3.290419e-01
9.166777201000462e-03	-3.290586e-01
9.176777201000462e-03	-3.290419e-01
9.186777201000463e-03	-3.290586e-01
9.196777201000463e-03	-3.290419e-01
9.206777201000462e-03	-3.290586e-01
9.216777201000462e-03	-3.290419e-01
9.226777201000463e-03	-3.290586e-01
9.236777201000463e-03	-3.290419e-01
9.246777201000462e-03	-3.290586e-01
9.256777201000462e-03	-3.290419e-01
9.266777201000463e-03	-3.290586e-01
9.276777201000463e-03	-3.290419e-01
9.286777201000462e-03	-3.290586e-01
9.296777201000462e-03	-3.290419e-01
9.306777201000463e-03	-3.290586e-01
9.316777201000463e-03	-3.290419e-01
9.326777201000462e-03	-3.290586e-01
9.336777201000462e-03	-3.290419e-01
9.346777201000462e-03	-3.290586e-01
9.356777201000463e-03	-3.290419e-01
9.366777201000463e-03	-3.290586e-01
9.376777201000462e-03	-3.290419e-01
9.386777201000462e-03	-3.290586e-01
9.396777201000463e-03	-3.290419e-01
9.406777201000463e-03	-3.290586e-01
9.416777201000462e-03	-3.290419e-01
9.426777201000462e-03	-3.290586e-01
9.436777201000463e-03	-3.290419e-01
9.446777201000463e-03	-3.290586e-01
9.456777201000462e-03	-3.290419e-01
9.466777201000462e-03	-3.290586e-01
9.476777201000462e-03	-3.290419e-01
9.486777201000463e-03	-3.290586e-01
9.496777201000462e-03	-3.290419e-01
9.506777201000462e-03	-3.290586e-01
9.516777201000462e-03	-3.290419e-01
9.526777201000463e-03	-3.290586e-01
9.536777201000463e-03	-3.290419e-01
9.546777201000462e-03	-3.290586e-01
9.556777201000462e-03	-3.290419e-01
9.566777201000463e-03	-3.290586e-01
9.576777201000463e-03	-3.290419e-01
9.586777201000462e-03	-3.290586e-01
9.596777201000462e-03	-3.290419e-01
9.606777201000463e-03	-3.290586e-01
9.616777201000463e-03	-3.290419e-01
9.626777201000462e-03	-3.290586e-01
9.636777201000462e-03	-3.290419e-01
9.646777201000462e-03	-3.290586e-01
9.656777201000463e-03	-3.290419e-01
9.666777201000462e-03	-3.290586e-01
9.676777201000462e-03	-3.290419e-01
9.686777201000462e-03	-3.290586e-01
9.696777201000463e-03	-3.290419e-01
9.706777201000463e-03	-3.290586e-01
9.716777201000462e-03	-3.290419e-01
9.726777201000462e-03	-3.290586e-01
9.736777201000463e-03	-3.290419e-01
9.746777201000463e-03	-3.290586e-01
9.756777201000462e-03	-3.290419e-01
9.766777201000462e-03	-3.290586e-01
9.776777201000463e-03	-3.290419e-01
9.786777201000463e-03	-3.290586e-01
9.796777201000462e-03	-3.290419e-01
9.806777201000462e-03	-3.290586e-01
9.816777201000462e-03	-3.290419e-01
9.826777201000463e-03	-3.290586e-01
9.836777201000462e-03	-3.290419e-01
9.846777201000462e-03	-3.290586e-01
9.856777201000462e-03	-3.290419e-01
9.866777201000463e-03	-3.290586e-01
9.876777201000463e-03	-3.290419e-01
9.886777201000462e-03	-3.290586e-01
9.896777201000462e-03	-3.290419e-01
9.906777201000463e-03	-3.290586e-01
9.916777201000463e-03	-3.290419e-01
9.926777201000462e-03	-3.290586e-01
9.936777201000462e-03	-3.290419e-01
9.946777201000463e-03	-3.290586e-01
9.956777201000463e-03	-3.290419e-01
9.966777201000462e-03	-3.290586e-01
9.976777201000462e-03	-3.290419e-01
9.986777201000462e-03	-3.290586e-01
9.996777201000463e-03	-3.290419e-01
1.000000000000000e-02	-3.290586e-01
1.000000000100000e-02	-3.290539e-01
1.000000000200000e-02	-3.290522e-01
1.000000000440036e-02	-3.290507e-01
1.000000000670974e-02	-3.290505e-01
1.000000001132851e-02	-3.290505e-01
1.000000002056606e-02	-3.290504e-01
1.000000003904114e-02	-3.290504e-01
1.000000007599130e-02	-3.290504e-01
1.000000014989163e-02	-3.290504e-01
1.000000029769228e-02	-3.290503e-01
1.000000059329359e-02	-3.290503e-01
1.000000118449621e-02	-3.290502e-01
1.000000236690145e-02	-3.290502e-01
1.000000473171193e-02	-3.290502e-01
1.000000946133289e-02	-3.290502e-01
1.000001768468402e-02	-3.290500e-01
1.000002962942897e-02	-3.290500e-01
1.000005351891888e-02	-3.290496e-01
1.000010129789868e-02	-3.290421e-01
1.000017105027691e-02	-3.290509e-01
1.000023626403225e-02	-3.290535e-01
1.000031614377578e-02	-3.290558e-01
1.000039209500841e-02	-3.290582e-01
1.000054399747366e-02	-3.290607e-01
1.000056482753760e-02	-3.290610e-01
1.000060648766549e-02	-3.290612e-01
1.000068980792126e-02	-3.290613e-01
1.000085644843280e-02	-3.290614e-01
1.000118972945588e-02	-3.290611e-01
1.000176798343029e-02	-3.290594e-01
1.000243495305696e-02	-3.290556e-01
1.000255254084788e-02	-3.290548e-01
1.000278771642972e-02	-3.290530e-01
1.000325806759341e-02	-3.290492e-01
1.000337565538433e-02	-3.290482e-01
1.000361083096617e-02	-3.290461e-01
1.000408118212986e-02	-3.290419e-01
1.000502188445724e-02	-3.290333e-01
1.000690328911199e-02	-3.290158e-01
1.001062905468319e-02	-3.289794e-01
1.001808058582558e-02	-3.288985e-01
1.002808058582558e-02	-3.287619e-01
1.003808058582558e-02	-3.285656e-01
1.004808058582558e-02	-3.282437e-01
1.005808058582558e-02	-3.275824e-01
1.006808058582558e-02	-3.248769e-01
1.007808058582558e-02	-3.152098e-01
1.008808058582558e-02	-3.080965e-01
1.009808058582558e-02	-3.225352e-01
1.010000000000000e-02	-3.294263e-01
1.010000000100000e-02	-3.294277e-01
1.010000001700000e-02	-3.294303e-01
1.010000004900000e-02	-3.294308e-01
1.010000011300000e-02	-3.294310e-01
1.010000024100000e-02	-3.294289e-01
1.010000049700000e-02	-3.294252e-01
1.010000100900000e-02	-3.294176e-01
1.010000203300000e-02	-3.294089e-01
1.010000408100000e-02	-3.294015e-01
1.010000817700000e-02	-3.294073e-01
1.010001636900000e-02	-3.294352e-01
1.010003275300001e-02	-3.294981e-01
1.010006552100002e-02	-3.296220e-01
1.010013105700003e-02	-3.298723e-01
1.010026212900006e-02	-3.303746e-01
1.010052427300013e-02	-3.313936e-01
1.010104856100025e-02	-3.334810e-01
1.010209713700050e-02	-3.378555e-01
1.010419428900100e-02	-3.473554e-01
1.010838859300201e-02	-3.690469e-01
1.011677720100402e-02	-4.207816e-01
1.012677720100402e-02	-4.908901e-01
1.013677720100402e-02	-5.612581e-01
1.014677720100401e-02	-6.075377e-01
1.015677720100402e-02	-6.038225e-01
1.016677720100402e-02	-5.948075e-01
1.017677720100402e-02	-5.385978e-01
1.018677720100401e-02	-3.997755e-01
1.019677720100402e-02	-2.531912e-01
1.020642687882405e-02	-5.444189e-02
1.021642687882405e-02	6.675546e-06
1.022642687882405e-02	4.997873e-06
1.023642687882405e-02	6.488617e-06
1.024642687882405e-02	4.865243e-06
1.025642687882405e-02	6.219046e-06
1.026642687882405e-02	4.611430e-06
1.027642687882405e-02	5.961794e-06
1.028642687882405e-02	4.367516e-06
1.029642687882405e-02	5.715632e-06
1.030642687882405e-02	4.133036e-06
1.031642687882405e-02	5.479751e-06
1.032642687882405e-02	3.907508e-06
1.033642687882405e-02	5.253118e-06
1.034642687882405e-02	3.689580e-06
1.035642687882405e-02	5.034976e-06
1.036642687882405e-02	3.473295e-06
1.037642687882405e-02	4.827013e-06
1.038642687882405e-02	3.276639e-06
1.039642687882405e-02	4.632523e-06
1.040642687882405e-02	3.108613e-06
1.041642687882405e-02	4.589830e-06
1.042641836019209e-02	2.946740e-06
1.043641836019209e-02	4.409158e-06
1.044641836019209e-02	2.634523e-06
1.045589700501564e-02	4.109218e-06
1.046589700501564e-02	2.424820e-06
1.047576027258791e-02	3.763868e-06
1.048576027258791e-02	1.846458e-06
1.049576027258791e-02	3.131313e-06
1.050576027258791e-02	1.244737e-06
1.051576027258791e-02	2.563439e-06
1.052576027258791e-02	7.058644e-07
1.053576027258791e-02	2.060987e-06
1.054576027258791e-02	2.245799e-07
1.055576027258791e-02	1.609113e-06
1.056576027258791e-02	-2.009584e-07
1.057576027258791e-02	1.216525e-06
1.058576027258791e-02	-5.667304e-07
1.059576027258791e-02	8.857394e-07
1.060576027258791e-02	-8.758120e-07
1.061576027258791e-02	6.083176e-07
1.062576027258791e-02	-1.136068e-06
1.063576027258791e-02	3.752996e-07
1.064576027258791e-02	-1.357692e-06
1.065576027258791e-02	1.770948e-07
1.066576027258791e-02	-1.548691e-06
1.067576027258791e-02	8.397521e-09
1.068576027258791e-02	-1.713657e-06
1.069576027258791e-02	-1.339000e-07
1.070576027258791e-02	-1.856817e-06
1.071576027258791e-02	-2.511418e-07
1.072576027258791e-02	-1.984737e-06
1.073576027258791e-02	-3.401350e-07
1.074576027258791e-02	-2.105715e-06
1.075576027258791e-02	-4.018187e-07
1.076576027258791e-02	-2.216811e-06
1.077576027258791e-02	-4.504791e-07
1.078576027258791e-02	-2.302483e-06
1.079576027258791e-02	-5.097672e-07
1.080576027258791e-02	-2.338931e-06
1.081576027258791e-02	-6.083511e-07
1.082576027258791e-02	-2.303486e-06
1.083576027258791e-02	-7.551624e-07
1.084576027258791e-02	-2.219476e-06
1.085576027258791e-02	-8.847099e-07
1.086576027258791e-02	-2.180707e-06
1.087576027258791e-02	-9.167372e-07
1.088576027258791e-02	-2.209077e-06
1.089576027258791e-02	-8.969847e-07
1.090576027258791e-02	-2.240485e-06
1.091576027258791e-02	-8.714313e-07
1.092576027258791e-02	-2.264431e-06
1.093576027258791e-02	-8.451204e-07
1.094576027258791e-02	-2.284762e-06
1.095576027258791e-02	-8.186448e-07
1.096576027258791e-02	-2.299610e-06
1.097576027258791e-02	-7.904377e-07
1.098576027258791e-02	-2.310150e-06
1.099576027258791e-02	-7.622930e-07
1.100000000100000e-02	-2.331997e-06
1.100000000200000e-02	-1.024901e-06
1.100000001800000e-02	-5.605187e-07
1.100000005000000e-02	-8.267760e-07
1.100000011400000e-02	-8.926727e-07
1.100000024200000e-02	-1.094855e-06
1.100000049800000e-02	-1.305195e-06
1.100000101000000e-02	-1.456283e-06
1.100000203400000e-02	-1.544964e-06
1.100000408200000e-02	-1.437090e-06
1.100000817800000e-02	-1.388777e-06
1.100001637000000e-02	-1.373865e-06
1.100003275400001e-02	-1.405435e-06
1.100006552200002e-02	-1.420188e-06
1.100013105800003e-02	-1.490924e-06
1.100026213000006e-02	-1.511071e-06
1.100052427400013e-02	-1.548277e-06
1.100104856200025e-02	-1.523831e-06
1.100209713800050e-02	-1.546508e-06
1.100419429000100e-02	-1.522388e-06
1.100838859400201e-02	-1.543002e-06
1.101677720200402e-02	-1.515368e-06
1.102677720200402e-02	-1.532219e-06
1.103677720200402e-02	-1.503062e-06
1.104677720200402e-02	-1.519232e-06
1.105677720200402e-02	-1.489530e-06
1.106677720200402e-02	-1.505223e-06
1.107677720200402e-02	-1.475207e-06
1.108677720200402e-02	-1.490540e-06
1.109677720200402e-02	-1.460249e-06
1.110677720200402e-02	-1.475287e-06
1.111677720200402e-02	-1.444800e-06
1.112677720200402e-02	-1.459640e-06
1.113677720200402e-02	-1.429048e-06
1.114677720200402e-02	-1.443784e-06
1.115677720200402e-02	-1.413173e-06
1.116677720200402e-02	-1.427887e-06
1.117677720200402e-02	-1.397329e-06
1.118677720200402e-02	-1.412090e-06
1.119677720200402e-02	-1.381643e-06
1.120677720200402e-02	-1.396506e-06
1.121677720200402e-02	-1.366213e-06
1.122677720200402e-02	-1.381221e-06
1.123677720200402e-02	-1.351117e-06
1.124677720200402e-02	-1.366433e-06
1.125677720200402e-02	-1.339456e-06
1.126677720200402e-02	-1.360291e-06
1.127677720200402e-02	-1.337286e-06
1.128677720200402e-02	-1.359867e-06
1.129677720200402e-02	-1.337125e-06
1.130677720200402e-02	-1.358903e-06
1.131677720200402e-02	-1.334695e-06
1.132677720200402e-02	-1.354637e-06
1.133677720200402e-02	-1.328536e-06
1.134677720200402e-02	-1.346705e-06
1.135677720200402e-02	-1.319094e-06
1.136677720200402e-02	-1.334580e-06
1.137677720200402e-02	-1.302735e-06
1.138677720200402e-02	-1.314596e-06
1.139677720200402e-02	-1.280599e-06
1.140677720200402e-02	-1.291281e-06
1.141677720200402e-02	-1.256794e-06
1.142677720200402e-02	-1.267455e-06
1.143677720200402e-02	-1.233272e-06
1.144677720200402e-02	-1.244425e-06
1.145677720200402e-02	-1.210834e-06
1.146677720200402e-02	-1.222600e-06
1.147677720200402e-02	-1.189606e-06
1.148677720200402e-02	-1.201917e-06
1.149677720200402e-02	-1.169417e-06
1.150677720200402e-02	-1.182167e-06
1.151677720200402e-02	-1.150060e-06
1.152677720200402e-02	-1.163164e-06
1.153677720200402e-02	-1.131383e-06
1.154677720200402e-02	-1.144791e-06
1.155677720200402e-02	-1.113297e-06
1.156677720200402e-02	-1.126980e-06
1.157677720200402e-02	-1.095752e-06
1.158677720200402e-02	-1.109694e-06
1.159677720200402e-02	-1.078717e-06
1.160677720200402e-02	-1.092908e-06
1.161677720200402e-02	-1.062173e-06
1.162677720200402e-02	-1.076604e-06
1.163677720200402e-02	-1.046104e-06
1.164677720200402e-02	-1.060768e-06
1.165677720200402e-02	-1.030493e-06
1.166677720200402e-02	-1.045384e-06
1.167677720200402e-02	-1.015328e-06
1.168677720200402e-02	-1.030438e-06
1.169677720200402e-02	-1.000594e-06
1.170677720200402e-02	-1.015917e-06
1.171677720200402e-02	-9.862769e-07
1.172677720200402e-02	-1.001805e-06
1.173677720200402e-02	-9.723627e-07
1.174677720200402e-02	-9.880903e-07
1.175677720200402e-02	-9.588377e-07
1.176677720200402e-02	-9.747578e-07
1.177677720200402e-02	-9.456884e-07
1.178677720200402e-02	-9.617943e-07
1.179677720200402e-02	-9.329013e-07
1.180677720200402e-02	-9.491867e-07
1.181677720200402e-02	-9.204635e-07
1.182677720200402e-02	-9.369222e-07
1.183677720200402e-02	-9.083625e-07
1.184677720200402e-02	-9.249884e-07
1.185677720200402e-02	-8.965860e-07
1.186677720200402e-02	-9.133733e-07
1.187677720200402e-02	-8.851221e-07
1.188677720200402e-02	-9.020653e-07
1.189677720200402e-02	-8.739597e-07
1.190677720200402e-02	-8.910532e-07
1.191677720200402e-02	-8.630876e-07
1.192677720200402e-02	-8.803263e-07
1.193677720200402e-02	-8.524954e-07
1.194677720200402e-02	-8.698743e-07
1.195677720200402e-02	-1.106605e-06
1.196677720200402e-02	-1.487342e-06
1.197677720200402e-02	-1.104739e-06
1.198677720200402e-02	-1.369750e-06
1.199677720200402e-02	-1.107236e-06
1.200677720200402e-02	-1.281007e-06
1.201677720200402e-02	-1.101928e-06
1.202677720200402e-02	-1.227814e-06
1.203677720200402e-02	-1.091165e-06
1.204677720200402e-02	-1.182461e-06
1.205677720200402e-02	-1.082426e-06
1.206677720200402e-02	-1.147137e-06
1.207677720200402e-02	-1.072457e-06
1.208677720200402e-02	-1.119772e-06
1.209677720200402e-02	-1.062233e-06
1.210677720200402e-02	-1.098039e-06
1.211677720200402e-02	-1.051678e-06
1.212677720200402e-02	-1.080116e-06
1.213677720200402e-02	-1.040956e-06
1.214677720200402e-02	-1.064735e-06
1.215677720200402e-02	-1.030155e-06
1.216677720200402e-02	-1.051036e-06
1.217677720200402e-02	-1.019322e-06
1.218677720200402e-02	-9.229547e-06
1.219677720200402e-02	-4.380837e-06
1.220677720200402e-02	-5.999340e-06
1.221677720200402e-02	-3.700034e-06
1.222677720200402e-02	-4.569579e-06
1.223677720200402e-02	-3.481675e-06
1.224677720200402e-02	-3.941052e-06
1.225677720200402e-02	-3.406905e-06
1.226677720200402e-02	-3.657661e-06
1.227677720200402e-02	-3.369324e-06
1.228677720200402e-02	-3.523826e-06
1.229677720200402e-02	-3.345947e-06
1.230677720200402e-02	-3.452004e-06
1.231677720200402e-02	-3.328345e-06
1.232677720200402e-02	-3.407497e-06
1.233677720200402e-02	-3.313510e-06
1.234677720200402e-02	-3.376245e-06
1.235677720200402e-02	-3.300356e-06
1.236677720200402e-02	-3.352336e-06
1.237677720200402e-02	-3.288488e-06
1.238677720200402e-02	-3.333105e-06
1.239677720200402e-02	-3.277750e-06
1.240677720200402e-02	-3.317214e-06
1.241677720200402e-02	-3.268060e-06
1.242677720200402e-02	-3.303896e-06
1.243677720200402e-02	-3.259827e-06
1.244677720200402e-02	-3.292703e-06
1.245677720200402e-02	-3.251775e-06
1.246677720200402e-02	-3.283158e-06
1.247677720200402e-02	-3.244722e-06
1.248677720200402e-02	-3.275024e-06
1.249677720200402e-02	-3.238509e-06
1.250677720200402e-02	-3.268090e-06
1.251677720200402e-02	-3.233030e-06
1.252677720200402e-02	-3.262172e-06
1.253677720200402e-02	-3.228203e-06
1.254677720200402e-02	-3.257117e-06
1.255677720200402e-02	-3.223955e-06
1.256677720200402e-02	-3.252797e-06
1.257677720200402e-02	-3.220222e-06
1.258677720200402e-02	-3.249102e-06
1.259677720200402e-02	-3.216949e-06
1.260677720200402e-02	-3.245942e-06
1.261677720200402e-02	-3.214081e-06
1.262677720200402e-02	-3.243239e-06
1.263677720200402e-02	-3.211572e-06
1.264677720200402e-02	-3.240928e-06
1.265677720200402e-02	-3.209381e-06
1.266677720200402e-02	-3.238952e-06
1.267677720200402e-02	-3.207469e-06
1.268677720200402e-02	-3.237264e-06
1.269677720200402e-02	-3.205804e-06
1.270677720200402e-02	-3.235823e-06
1.271677720200402e-02	-3.204354e-06
1.272677720200402e-02	-3.234595e-06
1.273677720200402e-02	-3.203094e-06
1.274677720200402e-02	-3.233550e-06
1.275677720200402e-02	-3.202001e-06
1.276677720200402e-02	-3.232662e-06
1.277677720200402e-02	-3.201053e-06
1.278677720200402e-02	-3.231909e-06
1.279677720200402e-02	-3.200233e-06
1.280677720200402e-02	-3.231272e-06
1.281677720200402e-02	-3.199524e-06
1.282677720200402e-02	-3.230736e-06
1.283677720200402e-02	-3.198913e-06
1.284677720200402e-02	-3.230286e-06
1.285677720200402e-02	-3.198388e-06
1.286677720200402e-02	-3.229909e-06
1.287677720200402e-02	-3.197936e-06
1.288677720200402e-02	-3.229596e-06
1.289677720200402e-02	-3.197549e-06
1.290677720200402e-02	-3.229338e-06
1.291677720200402e-02	-3.197219e-06
1.292677720200402e-02	-3.229127e-06
1.293677720200402e-02	-3.196938e-06
1.294677720200402e-02	-3.228956e-06
1.295677720200402e-02	-3.196700e-06
1.296677720200402e-02	-3.228819e-06
1.297677720200402e-02	-3.196500e-06
1.298677720200402e-02	-3.228712e-06
1.299677720200402e-02	-3.196331e-06
1.300677720200402e-02	-3.228630e-06
1.301677720200402e-02	-3.196191e-06
1.302677720200402e-02	-3.228570e-06
1.303677720200402e-02	-3.196076e-06
1.304677720200402e-02	-3.228528e-06
1.305677720200402e-02	-3.195981e-06
1.306677720200402e-02	-3.228502e-06
1.307677720200402e-02	-3.195905e-06
1.308677720200402e-02	-3.228489e-06
1.309677720200402e-02	-3.195845e-06
1.310677720200402e-02	-3.228487e-06
1.311677720200402e-02	-3.195799e-06
1.312677720200402e-02	-3.228495e-06
1.313677720200402e-02	-3.195764e-06
1.314677720200402e-02	-3.228510e-06
1.315677720200402e-02	-3.195740e-06
1.316677720200402e-02	-3.228532e-06
1.317677720200402e-02	-3.195724e-06
1.318677720200402e-02	-3.228560e-06
1.319677720200402e-02	-3.195716e-06
1.320677720200402e-02	-3.228592e-06
1.321677720200402e-02	-3.195714e-06
1.322677720200402e-02	-3.228627e-06
1.323677720200402e-02	-3.195718e-06
1.324677720200402e-02	-3.228666e-06
1.325677720200402e-02	-3.195726e-06
1.326677720200402e-02	-3.228707e-06
1.327677720200402e-02	-3.195739e-06
1.328677720200402e-02	-3.228750e-06
1.329677720200402e-02	-3.195754e-06
1.330677720200402e-02	-3.228794e-06
1.331677720200402e-02	-3.195773e-06
1.332677720200402e-02	-3.228839e-06
1.333677720200402e-02	-3.195793e-06
1.334677720200402e-02	-3.228885e-06
1.335677720200402e-02	-3.195816e-06
1.336677720200402e-02	-3.228931e-06
1.337677720200402e-02	-3.195840e-06
1.338677720200402e-02	-3.228978e-06
1.339677720200402e-02	-3.195866e-06
1.340677720200402e-02	-3.229024e-06
1.341677720200402e-02	-3.195892e-06
1.342677720200402e-02	-3.229071e-06
1.343677720200402e-02	-3.195919e-06
1.344677720200402e-02	-3.229117e-06
1.345677720200402e-02	-3.195947e-06
1.346677720200402e-02	-3.229162e-06
1.347677720200402e-02	-3.195975e-06
1.348677720200402e-02	-3.229208e-06
1.349677720200402e-02	-3.196003e-06
1.350677720200402e-02	-3.229252e-06
1.351677720200402e-02	-3.196031e-06
1.352677720200402e-02	-3.229296e-06
1.353677720200402e-02	-3.196059e-06
1.354677720200402e-02	-3.229339e-06
1.355677720200401e-02	-3.196087e-06
1.356677720200402e-02	-3.229382e-06
1.357677720200402e-02	-3.196115e-06
1.358677720200402e-02	-3.229423e-06
1.359677720200402e-02	-3.196143e-06
1.360677720200402e-02	-3.229464e-06
1.361677720200402e-02	-3.196170e-06
1.362677720200402e-02	-3.229505e-06
1.363677720200402e-02	-3.196197e-06
1.364677720200402e-02	-3.229544e-06
1.365677720200402e-02	-3.196224e-06
1.366677720200402e-02	-3.229582e-06
1.367677720200402e-02	-3.196250e-06
1.368677720200402e-02	-3.229620e-06
1.369677720200402e-02	-3.196275e-06
1.370677720200402e-02	-3.229657e-06
1.371677720200402e-02	-3.196300e-06
1.372677720200401e-02	-3.229693e-06
1.373677720200402e-02	-3.196325e-06
1.374677720200402e-02	-3.229728e-06
1.375677720200402e-02	-3.196349e-06
1.376677720200402e-02	-3.229763e-06
1.377677720200402e-02	-3.196373e-06
1.378677720200402e-02	-3.229797e-06
1.379677720200402e-02	-3.196395e-06
1.380677720200402e-02	-3.229830e-06
1.381677720200402e-02	-3.196418e-06
1.382677720200402e-02	-3.229862e-06
1.383677720200402e-02	-3.196440e-06
1.384677720200402e-02	-3.229894e-06
1.385677720200402e-02	-3.196461e-06
1.386677720200402e-02	-3.229924e-06
1.387677720200402e-02	-3.196482e-06
1.388677720200402e-02	-3.229954e-06
1.389677720200401e-02	-3.196502e-06
1.390677720200402e-02	-3.229984e-06
1.391677720200402e-02	-3.196522e-06
1.392677720200402e-02	-3.230013e-06
1.393677720200402e-02	-3.196541e-06
1.394677720200402e-02	-3.230041e-06
1.395677720200402e-02	-3.196560e-06
1.396677720200402e-02	-3.230068e-06
1.397677720200402e-02	-3.196578e-06
1.398677720200402e-02	-3.230095e-06
1.399677720200402e-02	-3.196596e-06
1.400677720200402e-02	-3.230121e-06
1.401677720200402e-02	-3.196613e-06
1.402677720200402e-02	-3.230147e-06
1.403677720200402e-02	-3.196629e-06
1.404677720200402e-02	-3.230172e-06
1.405677720200402e-02	-3.196646e-06
1.406677720200402e-02	-3.230196e-06
1.407677720200402e-02	-3.196661e-06
1.408677720200402e-02	-3.230220e-06
1.409677720200402e-02	-3.196677e-06
1.410677720200402e-02	-3.230244e-06
1.411677720200402e-02	-3.196691e-06
1.412677720200402e-02	-3.230267e-06
1.413677720200402e-02	-3.196706e-06
1.414677720200402e-02	-3.230289e-06
1.415677720200402e-02	-3.196719e-06
1.416677720200402e-02	-3.230311e-06
1.417677720200402e-02	-3.196733e-06
1.418677720200402e-02	-3.230332e-06
1.419677720200401e-02	-3.196746e-06
1.420677720200402e-02	-3.230353e-06
1.421677720200402e-02	-3.196759e-06
1.422677720200402e-02	-3.230374e-06
1.423677720200402e-02	-3.196771e-06
1.424677720200402e-02	-3.230394e-06
1.425677720200402e-02	-3.196783e-06
1.426677720200402e-02	-3.230413e-06
1.427677720200402e-02	-3.196794e-06
1.428677720200402e-02	-3.230432e-06
1.429677720200402e-02	-3.196805e-06
1.430677720200402e-02	-3.230451e-06
1.431677720200402e-02	-3.196816e-06
1.432677720200402e-02	-3.230469e-06
1.433677720200402e-02	-3.196826e-06
1.434677720200402e-02	-3.230487e-06
1.435677720200402e-02	-3.196836e-06
1.436677720200401e-02	-3.230505e-06
1.437677720200402e-02	-3.196846e-06
1.438677720200402e-02	-3.230522e-06
1.439677720200402e-02	-3.196855e-06
1.440677720200402e-02	-3.230539e-06
1.441677720200402e-02	-3.196865e-06
1.442677720200402e-02	-3.230555e-06
1.443677720200402e-02	-3.196873e-06
1.444677720200402e-02	-3.230571e-06
1.445677720200402e-02	-3.196882e-06
1.446677720200402e-02	-3.230587e-06
1.447677720200402e-02	-3.196890e-06
1.448677720200402e-02	-3.230603e-06
1.449677720200402e-02	-3.196898e-06
1.450677720200402e-02	-3.230618e-06
1.451677720200402e-02	-3.196905e-06
1.452677720200402e-02	-3.230633e-06
1.453677720200401e-02	-3.196912e-06
1.454677720200402e-02	-3.230647e-06
1.455677720200402e-02	-3.196919e-06
1.456677720200402e-02	-3.230661e-06
1.457677720200402e-02	-3.196926e-06
1.458677720200402e-02	-3.230675e-06
1.459677720200402e-02	-3.196932e-06
1.460677720200402e-02	-3.230689e-06
1.461677720200402e-02	-3.196939e-06
1.462677720200402e-02	-3.230703e-06
1.463677720200402e-02	-3.196945e-06
1.464677720200402e-02	-3.230715e-06
1.465677720200402e-02	-3.196950e-06
1.466677720200402e-02	-3.230728e-06
1.467677720200402e-02	-3.196956e-06
1.468677720200402e-02	-3.230741e-06
1.469677720200402e-02	-3.196961e-06
1.470677720200401e-02	-3.230753e-06
1.471677720200402e-02	-3.196966e-06
1.472677720200402e-02	-3.230766e-06
1.473677720200402e-02	-3.196971e-06
1.474677720200402e-02	-3.230778e-06
1.475677720200402e-02	-3.196976e-06
1.476677720200402e-02	-3.230789e-06
1.477677720200402e-02	-3.196980e-06
1.478677720200402e-02	-3.230801e-06
1.479677720200402e-02	-3.196984e-06
1.480677720200402e-02	-3.230812e-06
1.481677720200402e-02	-3.196988e-06
1.482677720200402e-02	-3.230823e-06
1.483677720200401e-02	-3.196992e-06
1.484677720200402e-02	-3.230834e-06
1.485677720200402e-02	-3.196996e-06
1.486677720200402e-02	-3.230845e-06
1.487677720200401e-02	-3.196999e-06
1.488677720200402e-02	-3.230855e-06
1.489677720200402e-02	-3.197003e-06
1.490677720200402e-02	-3.230865e-06
1.491677720200402e-02	-3.197006e-06
1.492677720200402e-02	-3.230876e-06
1.493677720200402e-02	-3.197009e-06
1.494677720200402e-02	-3.230885e-06
1.495677720200402e-02	-3.197012e-06
1.496677720200402e-02	-3.230895e-06
1.497677720200402e-02	-3.197014e-06
1.498677720200402e-02	-3.230905e-06
1.499677720200402e-02	-3.197017e-06
1.500677720200401e-02	-3.230914e-06
1.501677720200402e-02	-3.197019e-06
1.502677720200402e-02	-3.230923e-06
1.503677720200402e-02	-3.197021e-06
1.504677720200401e-02	-3.230932e-06
1.505677720200402e-02	-3.197023e-06
1.506677720200402e-02	-3.230941e-06
1.507677720200402e-02	-3.197026e-06
1.508677720200402e-02	-3.230950e-06
1.509677720200402e-02	-3.197027e-06
1.510677720200402e-02	-3.230959e-06
1.511677720200402e-02	-3.197029e-06
1.512677720200402e-02	-3.230967e-06
1.513677720200402e-02	-3.197031e-06
1.514677720200402e-02	-3.230976e-06
1.515677720200402e-02	-3.197032e-06
1.516677720200402e-02	-3.230984e-06
1.517677720200401e-02	-3.197033e-06
1.518677720200402e-02	-3.230992e-06
1.519677720200402e-02	-3.197035e-06
1.520677720200402e-02	-3.231000e-06
1.521677720200401e-02	-3.197036e-06
1.522677720200402e-02	-3.231008e-06
1.523677720200402e-02	-3.197037e-06
1.524677720200402e-02	-3.231015e-06
1.525677720200402e-02	-3.197038e-06
1.526677720200402e-02	-3.231023e-06
1.527677720200402e-02	-3.197038e-06
1.528677720200402e-02	-3.231030e-06
1.529677720200402e-02	-3.197039e-06
1.530677720200402e-02	-3.231038e-06
1.531677720200402e-02	-3.197040e-06
1.532677720200402e-02	-3.231045e-06
1.533677720200402e-02	-3.197040e-06
1.534677720200401e-02	-3.231052e-06
1.535677720200402e-02	-3.197041e-06
1.536677720200402e-02	-3.231059e-06
1.537677720200402e-02	-3.197041e-06
1.538677720200401e-02	-3.231066e-06
1.539677720200402e-02	-3.197041e-06
1.540677720200402e-02	-3.231073e-06
1.541677720200402e-02	-3.197041e-06
1.542677720200402e-02	-3.231080e-06
1.543677720200402e-02	-3.197041e-06
1.544677720200402e-02	-3.231086e-06
1.545677720200402e-02	-3.197041e-06
1.546677720200402e-02	-3.231093e-06
1.547677720200401e-02	-3.197041e-06
1.548677720200402e-02	-3.231099e-06
1.549677720200402e-02	-3.197041e-06
1.550677720200402e-02	-3.231106e-06
1.551677720200401e-02	-3.197041e-06
1.552677720200402e-02	-3.231112e-06
1.553677720200402e-02	-3.197041e-06
1.554677720200402e-02	-3.231118e-06
1.555677720200402e-02	-3.197040e-06
1.556677720200402e-02	-3.231124e-06
1.557677720200402e-02	-3.197040e-06
1.558677720200402e-02	-3.231130e-06
1.559677720200402e-02	-3.197039e-06
1.560677720200402e-02	-3.231136e-06
1.561677720200402e-02	-3.197039e-06
1.562677720200402e-02	-3.231142e-06
1.563677720200402e-02	-3.197038e-06
1.564677720200401e-02	-3.231148e-06
1.565677720200401e-02	-3.197037e-06
1.566677720200401e-02	-3.231154e-06
1.567677720200402e-02	-3.197037e-06
1.568677720200402e-02	-3.231159e-06
1.569677720200402e-02	-3.197036e-06
1.570677720200402e-02	-3.231165e-06
1.571677720200402e-02	-3.197035e-06
1.572677720200402e-02	-3.231170e-06
1.573677720200401e-02	-3.197034e-06
1.574677720200401e-02	-3.231176e-06
1.575677720200402e-02	-3.197033e-06
1.576677720200402e-02	-3.231181e-06
1.577677720200402e-02	-3.197032e-06
1.578677720200402e-02	-3.231186e-06
1.579677720200402e-02	-3.197031e-06
1.580677720200402e-02	-3.231192e-06
1.581677720200401e-02	-3.197030e-06
1.582677720200401e-02	-3.231197e-06
1.583677720200401e-02	-3.197029e-06
1.584677720200402e-02	-3.231202e-06
1.585677720200402e-02	-3.197028e-06
1.586677720200402e-02	-3.231207e-06
1.587677720200402e-02	-3.197026e-06
1.588677720200402e-02	-3.231212e-06
1.589677720200402e-02	-3.197025e-06
1.590677720200401e-02	-3.231217e-06
1.591677720200401e-02	-3.197023e-06
1.592677720200402e-02	-3.231222e-06
1.593677720200402e-02	-3.197022e-06
1.594677720200402e-02	-3.231227e-06
1.595677720200402e-02	-3.197021e-06
1.596677720200402e-02	-3.231232e-06
1.597677720200402e-02	-3.197019e-06
1.598677720200401e-02	-3.231236e-06
1.599677720200401e-02	-3.197018e-06
1.600677720200401e-02	-3.231241e-06
1.601677720200402e-02	-3.197016e-06
1.602677720200402e-02	-3.231246e-06
1.603677720200402e-02	-3.197015e-06
1.604677720200402e-02	-3.231251e-06
1.605677720200402e-02	-3.197013e-06
1.606677720200402e-02	-3.231255e-06
1.607677720200401e-02	-3.197011e-06
1.608677720200401e-02	-3.231260e-06
1.609677720200402e-02	-3.197010e-06
1.610677720200402e-02	-3.231264e-06
1.611677720200402e-02	-3.197008e-06
1.612677720200402e-02	-3.231268e-06
1.613677720200402e-02	-3.197006e-06
1.614677720200402e-02	-3.231273e-06
1.615677720200401e-02	-3.197005e-06
1.616677720200401e-02	-3.231277e-06
1.617677720200401e-02	-3.197003e-06
1.618677720200402e-02	-3.231282e-06
1.619677720200402e-02	-3.197001e-06
1.620677720200402e-02	-3.231286e-06
1.621677720200402e-02	-3.196999e-06
1.622677720200402e-02	-3.231290e-06
1.623677720200402e-02	-3.196997e-06
1.624677720200401e-02	-3.231294e-06
1.625677720200401e-02	-3.196996e-06
1.626677720200402e-02	-3.231298e-06
1.627677720200402e-02	-3.196994e-06
1.628677720200402e-02	-3.231303e-06
1.629677720200402e-02	-3.196992e-06
1.630677720200402e-02	-3.231307e-06
1.631677720200402e-02	-3.196990e-06
1.632677720200401e-02	-3.231311e-06
1.633677720200401e-02	-3.196988e-06
1.634677720200401e-02	-3.231315e-06
1.635677720200402e-02	-3.196986e-06
1.636677720200402e-02	-3.231319e-06
1.637677720200402e-02	-3.196984e-06
1.638677720200402e-02	-3.231323e-06
1.639677720200402e-02	-3.196982e-06
1.640677720200402e-02	-3.231327e-06
1.641677720200401e-02	-3.196980e-06
1.642677720200401e-02	-3.231331e-06
1.643677720200401e-02	-3.196978e-06
1.644677720200402e-02	-3.231335e-06
1.645677720200402e-02	-3.196976e-06
1.646677720200402e-02	-3.231338e-06
1.647677720200402e-02	-3.196973e-06
1.648677720200402e-02	-3.231342e-06
1.649677720200401e-02	-3.196971e-06
1.650677720200401e-02	-3.231346e-06
1.651677720200401e-02	-3.196969e-06
1.652677720200402e-02	-3.231350e-06
1.653677720200402e-02	-3.196967e-06
1.654677720200402e-02	-3.231354e-06
1.655677720200402e-02	-3.196965e-06
1.656677720200402e-02	-3.231357e-06
1.657677720200402e-02	-3.196963e-06
1.658677720200401e-02	-3.231361e-06
1.659677720200401e-02	-3.196961e-06
1.660677720200401e-02	-3.231365e-06
1.661677720200402e-02	-3.196958e-06
1.662677720200402e-02	-3.231368e-06
1.663677720200402e-02	-3.196956e-06
1.664677720200402e-02	-3.231372e-06
1.665677720200402e-02	-3.196954e-06
1.666677720200401e-02	-3.231376e-06
1.667677720200401e-02	-3.196951e-06
1.668677720200401e-02	-3.231379e-06
1.669677720200402e-02	-3.196949e-06
1.670677720200402e-02	-3.231383e-06
1.671677720200402e-02	-3.196947e-06
1.672677720200402e-02	-3.231386e-06
1.673677720200402e-02	-3.196945e-06
1.674677720200402e-02	-3.231390e-06
1.675677720200401e-02	-3.196942e-06
1.676677720200401e-02	-3.231393e-06
1.677677720200401e-02	-3.196940e-06
1.678677720200402e-02	-3.231397e-06
1.679677720200402e-02	-3.196938e-06
1.680677720200402e-02	-3.231400e-06
1.681677720200402e-02	-3.196935e-06
1.682677720200402e-02	-3.231404e-06
1.683677720200401e-02	-3.196933e-06
1.684677720200401e-02	-3.231407e-06
1.685677720200401e-02	-3.196931e-06
1.686677720200402e-02	-3.231410e-06
1.687677720200402e-02	-3.196928e-06
1.688677720200402e-02	-3.231414e-06
1.689677720200402e-02	-3.196926e-06
1.690677720200402e-02	-3.231417e-06
1.691677720200402e-02	-3.196924e-06
1.692677720200401e-02	-3.231420e-06
1.693677720200401e-02	-3.196921e-06
1.694677720200401e-02	-3.231424e-06
1.695677720200402e-02	-3.196919e-06
1.696677720200402e-02	-3.231427e-06
1.697677720200402e-02	-3.196916e-06
1.698677720200402e-02	-3.231430e-06
1.699677720200402e-02	-3.196914e-06
1.700677720200401e-02	-3.231434e-06
1.701677720200401e-02	-3.196912e-06
1.702677720200401e-02	-3.231437e-06
1.703677720200402e-02	-3.196909e-06
1.704677720200402e-02	-3.231440e-06
1.705677720200402e-02	-3.196907e-06
1.706677720200402e-02	-3.231443e-06
1.707677720200402e-02	-3.196904e-06
1.708677720200402e-02	-3.231446e-06
1.709677720200401e-02	-3.196902e-06
1.710677720200401e-02	-3.231450e-06
1.711677720200401e-02	-3.196900e-06
1.712677720200402e-02	-3.231453e-06
1.713677720200402e-02	-3.196897e-06
1.714677720200402e-02	-3.231456e-06
1.715677720200402e-02	-3.196895e-06
1.716677720200402e-02	-3.231459e-06
1.717677720200401e-02	-3.196892e-06
1.718677720200401e-02	-3.231462e-06
1.719677720200401e-02	-3.196890e-06
1.720677720200402e-02	-3.231465e-06
1.721677720200402e-02	-3.196887e-06
1.722677720200402e-02	-3.231469e-06
1.723677720200402e-02	-3.196885e-06
1.724677720200402e-02	-3.231472e-06
1.725677720200402e-02	-3.196883e-06
1.726677720200401e-02	-3.231475e-06
1.727677720200401e-02	-3.196880e-06
1.728677720200401e-02	-3.231478e-06
1.729677720200402e-02	-3.196878e-06
1.730677720200402e-02	-3.231481e-06
1.731677720200402e-02	-3.196875e-06
1.732677720200402e-02	-3.231484e-06
1.733677720200402e-02	-3.196873e-06
1.734677720200401e-02	-3.231487e-06
1.735677720200401e-02	-3.196870e-06
1.736677720200401e-02	-3.231490e-06
1.737677720200402e-02	-3.196868e-06
1.738677720200402e-02	-3.231493e-06
1.739677720200402e-02	-3.196865e-06
1.740677720200402e-02	-3.231496e-06
1.741677720200402e-02	-3.196863e-06
1.742677720200402e-02	-3.231499e-06
1.743677720200401e-02	-3.196860e-06
1.744677720200401e-02	-3.231502e-06
1.745677720200401e-02	-3.196858e-06
1.746677720200402e-02	-3.231505e-06
1.747677720200402e-02	-3.196855e-06
1.748677720200402e-02	-3.231508e-06
1.749677720200402e-02	-3.196853e-06
1.750677720200402e-02	-3.231511e-06
1.751677720200401e-02	-3.196850e-06
1.752677720200401e-02	-3.231514e-06
1.753677720200401e-02	-3.196848e-06
1.754677720200402e-02	-3.231517e-06
1.755677720200402e-02	-3.196845e-06
1.756677720200402e-02	-3.231519e-06
1.757677720200402e-02	-3.196843e-06
1.758677720200402e-02	-3.231522e-06
1.759677720200402e-02	-3.196840e-06
1.760677720200401e-02	-3.231525e-06
1.761677720200401e-02	-3.196838e-06
1.762677720200401e-02	-3.231528e-06
1.763677720200402e-02	-3.196835e-06
1.764677720200402e-02	-3.231531e-06
1.765677720200402e-02	-3.196833e-06
1.766677720200402e-02	-3.231534e-06
1.767677720200402e-02	-3.196830e-06
1.768677720200401e-02	-3.231537e-06
1.769677720200401e-02	-3.196828e-06
1.770677720200401e-02	-3.231540e-06
1.771677720200401e-02	-3.196825e-06
1.772677720200402e-02	-3.231542e-06
1.773677720200402e-02	-3.196823e-06
1.774677720200402e-02	-3.231545e-06
1.775677720200402e-02	-3.196820e-06
1.776677720200402e-02	-3.231548e-06
1.777677720200401e-02	-3.196818e-06
1.778677720200401e-02	-3.231551e-06
1.779677720200401e-02	-3.196815e-06
1.780677720200402e-02	-3.231554e-06
1.781677720200402e-02	-3.196813e-06
1.782677720200402e-02	-3.231557e-06
1.783677720200402e-02	-3.196810e-06
1.784677720200402e-02	-3.231559e-06
1.785677720200401e-02	-3.196808e-06
1.786677720200401e-02	-3.231562e-06
1.787677720200401e-02	-3.196805e-06
1.788677720200401e-02	-3.231565e-06
1.789677720200402e-02	-3.196803e-06
1.790677720200402e-02	-3.231568e-06
1.791677720200402e-02	-3.196800e-06
1.792677720200402e-02	-3.231570e-06
1.793677720200402e-02	-3.196798e-06
1.794677720200401e-02	-3.231573e-06
1.795677720200401e-02	-3.196795e-06
1.796677720200401e-02	-3.231576e-06
1.797677720200402e-02	-3.196793e-06
1.798677720200402e-02	-3.231579e-06
1.799677720200402e-02	-3.196790e-06
1.800677720200402e-02	-3.231581e-06
1.801677720200402e-02	-3.196788e-06
1.802677720200401e-02	-3.231584e-06
1.803677720200401e-02	-3.196785e-06
1.804677720200401e-02	-3.231587e-06
1.805677720200401e-02	-3.196783e-06
1.806677720200402e-02	-3.231590e-06
1.807677720200402e-02	-3.196780e-06
1.808677720200402e-02	-3.231592e-06
1.809677720200402e-02	-3.196778e-06
1.810677720200402e-02	-3.231595e-06
1.811677720200401e-02	-3.196775e-06
1.812677720200401e-02	-3.231598e-06
1.813677720200401e-02	-3.196773e-06
1.814677720200402e-02	-3.231600e-06
1.815677720200402e-02	-3.196770e-06
1.816677720200402e-02	-3.231603e-06
1.817677720200402e-02	-3.196768e-06
1.818677720200402e-02	-3.231606e-06
1.819677720200401e-02	-3.196765e-06
1.820677720200401e-02	-3.231608e-06
1.821677720200401e-02	-3.196763e-06
1.822677720200401e-02	-3.231611e-06
1.823677720200402e-02	-3.196760e-06
1.824677720200402e-02	-3.231614e-06
1.825677720200402e-02	-3.196758e-06
1.826677720200402e-02	-3.231616e-06
1.827677720200402e-02	-3.196755e-06
1.828677720200401e-02	-3.231619e-06
1.829677720200401e-02	-3.196753e-06
1.830677720200401e-02	-3.231622e-06
1.831677720200402e-02	-3.196750e-06
1.832677720200402e-02	-3.231624e-06
1.833677720200402e-02	-3.196748e-06
1.834677720200402e-02	-3.231627e-06
1.835677720200402e-02	-3.196745e-06
1.836677720200402e-02	-3.231629e-06
1.837677720200401e-02	-3.196743e-06
1.838677720200401e-02	-3.231632e-06
1.839677720200401e-02	-3.196741e-06
1.840677720200402e-02	-3.231635e-06
1.841677720200402e-02	-3.196738e-06
1.842677720200402e-02	-3.231637e-06
1.843677720200402e-02	-3.196736e-06
1.844677720200402e-02	-3.231640e-06
1.845677720200401e-02	-3.196733e-06
1.846677720200401e-02	-3.231642e-06
1.847677720200401e-02	-3.196731e-06
1.848677720200402e-02	-3.231645e-06
1.849677720200402e-02	-3.196728e-06
1.850677720200402e-02	-3.231647e-06
1.851677720200402e-02	-3.196726e-06
1.852677720200402e-02	-3.231650e-06
1.853677720200402e-02	-3.196723e-06
1.854677720200401e-02	-3.231653e-06
1.855677720200401e-02	-3.196721e-06
1.856677720200401e-02	-3.231655e-06
1.857677720200402e-02	-3.196718e-06
1.858677720200402e-02	-3.231658e-06
1.859677720200402e-02	-3.196716e-06
1.860677720200402e-02	-3.231660e-06
1.861677720200402e-02	-3.196714e-06
1.862677720200401e-02	-3.231663e-06
1.863677720200401e-02	-3.196711e-06
1.864677720200401e-02	-3.231665e-06
1.865677720200402e-02	-3.196709e-06
1.866677720200402e-02	-3.231668e-06
1.867677720200402e-02	-3.196706e-06
1.868677720200402e-02	-3.231670e-06
1.869677720200402e-02	-3.196704e-06
1.870677720200402e-02	-3.231673e-06
1.871677720200401e-02	-3.196701e-06
1.872677720200401e-02	-3.231676e-06
1.873677720200401e-02	-3.196699e-06
1.874677720200402e-02	-3.231678e-06
1.875677720200402e-02	-3.196697e-06
1.876677720200402e-02	-3.231681e-06
1.877677720200402e-02	-3.196694e-06
1.878677720200402e-02	-3.231683e-06
1.879677720200401e-02	-3.196692e-06
1.880677720200401e-02	-3.231686e-06
1.881677720200401e-02	-3.196689e-06
1.882677720200402e-02	-3.231688e-06
1.883677720200402e-02	-3.196687e-06
1.884677720200402e-02	-3.231691e-06
1.885677720200402e-02	-3.196684e-06
1.886677720200402e-02	-3.231693e-06
1.887677720200402e-02	-3.196682e-06
1.888677720200401e-02	-3.231696e-06
1.889677720200401e-02	-3.196679e-06
1.890677720200401e-02	-3.231698e-06
1.891677720200402e-02	-3.196677e-06
1.892677720200402e-02	-3.231700e-06
1.893677720200402e-02	-3.196675e-06
1.894677720200402e-02	-3.231703e-06
1.895677720200402e-02	-3.196672e-06
1.896677720200401e-02	-3.231705e-06
1.897677720200401e-02	-3.196670e-06
1.898677720200401e-02	-3.231708e-06
1.899677720200401e-02	-3.196667e-06
1.900677720200402e-02	-3.231710e-06
1.901677720200402e-02	-3.196665e-06
1.902677720200402e-02	-3.231713e-06
1.903677720200402e-02	-3.196663e-06
1.904677720200402e-02	-3.231715e-06
1.905677720200401e-02	-3.196660e-06
1.906677720200401e-02	-3.231718e-06
1.907677720200401e-02	-3.196658e-06
1.908677720200402e-02	-3.231720e-06
1.909677720200402e-02	-3.196656e-06
1.910677720200402e-02	-3.231723e-06
1.911677720200402e-02	-3.196653e-06
1.912677720200402e-02	-3.231725e-06
1.913677720200401e-02	-3.196651e-06
1.914677720200401e-02	-3.231728e-06
1.915677720200401e-02	-3.196648e-06
1.916677720200401e-02	-3.231730e-06
1.917677720200402e-02	-3.196646e-06
1.918677720200402e-02	-3.231732e-06
1.919677720200402e-02	-3.196644e-06
1.920677720200402e-02	-3.231735e-06
1.921677720200402e-02	-3.196641e-06
1.922677720200401e-02	-3.231737e-06
1.923677720200401e-02	-3.196639e-06
1.924677720200401e-02	-3.231740e-06
1.925677720200402e-02	-3.196636e-06
1.926677720200402e-02	-3.231742e-06
1.927677720200402e-02	-3.196634e-06
1.928677720200402e-02	-3.231744e-06
1.929677720200402e-02	-3.196632e-06
1.930677720200401e-02	-3.231747e-06
1.931677720200401e-02	-3.196629e-06
1.932677720200401e-02	-3.231749e-06
1.933677720200401e-02	-3.196627e-06
1.934677720200402e-02	-3.231752e-06
1.935677720200402e-02	-3.196625e-06
1.936677720200402e-02	-3.231754e-06
1.937677720200402e-02	-3.196622e-06
1.938677720200402e-02	-3.231756e-06
1.939677720200401e-02	-3.196620e-06
1.940677720200401e-02	-3.231759e-06
1.941677720200401e-02	-3.196618e-06
1.942677720200402e-02	-3.231761e-06
1.943677720200402e-02	-3.196615e-06
1.944677720200402e-02	-3.231764e-06
1.945677720200402e-02	-3.196613e-06
1.946677720200402e-02	-3.231766e-06
1.947677720200401e-02	-3.196611e-06
1.948677720200401e-02	-3.231768e-06
1.949677720200401e-02	-3.196608e-06
1.950677720200401e-02	-3.231771e-06
1.951677720200402e-02	-3.196606e-06
1.952677720200402e-02	-3.231773e-06
1.953677720200402e-02	-3.196604e-06
1.954677720200402e-02	-3.231776e-06
1.955677720200402e-02	-3.196601e-06
1.956677720200401e-02	-3.231778e-06
1.957677720200401e-02	-3.196599e-06
1.958677720200401e-02	-3.231780e-06
1.959677720200402e-02	-3.196597e-06
1.960677720200402e-02	-3.231783e-06
1.961677720200402e-02	-3.196594e-06
1.962677720200402e-02	-3.231785e-06
1.963677720200402e-02	-3.196592e-06
1.964677720200401e-02	-3.231787e-06
1.965677720200401e-02	-3.196590e-06
1.966677720200401e-02	-3.231789e-06
1.967677720200401e-02	-3.196588e-06
1.968677720200402e-02	-3.231792e-06
1.969677720200402e-02	-3.196585e-06
1.970677720200402e-02	-3.231794e-06
1.971677720200402e-02	-3.196583e-06
1.972677720200402e-02	-3.231796e-06
1.973677720200401e-02	-3.196581e-06
1.974677720200401e-02	-3.231799e-06
1.975677720200401e-02	-3.196578e-06
1.976677720200402e-02	-3.231801e-06
1.977677720200402e-02	-3.196576e-06
1.978677720200402e-02	-3.231803e-06
1.979677720200402e-02	-3.196574e-06
1.980677720200402e-02	-3.231806e-06
1.981677720200401e-02	-3.196571e-06
1.982677720200401e-02	-3.231808e-06
1.983677720200401e-02	-3.196569e-06
1.984677720200401e-02	-3.231810e-06
1.985677720200402e-02	-3.196567e-06
1.986677720200402e-02	-3.231813e-06
1.987677720200402e-02	-3.196565e-06
1.988677720200402e-02	-3.231815e-06
1.989677720200402e-02	-3.196562e-06
1.990677720200401e-02	-3.231817e-06
1.991677720200401e-02	-3.196560e-06
1.992677720200401e-02	-3.231820e-06
1.993677720200402e-02	-3.196558e-06
1.994677720200402e-02	-3.231822e-06
1.995677720200402e-02	-3.196556e-06
1.996677720200402e-02	-3.231824e-06
1.997677720200402e-02	-3.196553e-06
1.998677720200401e-02	-3.231826e-06
1.999677720200401e-02	-3.196551e-06
2.000000000000000e-02	-3.231831e-06
