time	I(Vcell15)
0.000000000000000e+00	-4.617976e-07
9.999999439624929e-11	-4.613706e-07
1.999999887924986e-10	-4.609149e-07
3.999999775849972e-10	-4.599472e-07
7.999999551699943e-10	-4.577315e-07
1.599999910339989e-09	-4.526031e-07
3.199999820679977e-09	-4.411152e-07
6.399999641359955e-09	-4.166259e-07
1.279999928271991e-08	-3.657116e-07
2.559999856543982e-08	-2.623059e-07
5.119999713087964e-08	-6.585245e-08
9.252070311618464e-08	2.008012e-07
1.510333739817309e-07	-3.787721e-07
2.057408767038243e-07	-1.830415e-06
2.712252236998067e-07	-3.359435e-06
3.308483285955238e-07	-4.329818e-06
4.500945383869579e-07	-4.954666e-06
4.715278489310965e-07	-4.962303e-06
5.143944700193735e-07	-4.971001e-06
6.001277121959275e-07	-4.989040e-06
7.715941965490356e-07	-5.040315e-06
1.114527165255252e-06	-5.146892e-06
1.680622112752960e-06	-5.225449e-06
2.395090483783586e-06	-5.175530e-06
3.411490828398060e-06	-5.006017e-06
5.126686116133788e-06	-4.702792e-06
8.557076691605245e-06	-4.215133e-06
1.541785784254816e-05	-9.310947e-06
2.541785784254816e-05	-2.611370e-05
3.541785784254816e-05	-3.668155e-05
4.541785784254816e-05	-4.118884e-05
5.541785784254816e-05	-4.095208e-05
6.541785784254815e-05	-3.815600e-05
7.541785784254815e-05	-3.524727e-05
8.541785784254815e-05	-3.270672e-05
9.541785784254815e-05	-3.029808e-05
1.000000009999994e-04	-2.927567e-05
1.000000019999994e-04	-2.927662e-05
1.000000179999994e-04	-2.927577e-05
1.000000499999994e-04	-2.927657e-05
1.000001139999994e-04	-2.927644e-05
1.000002419999994e-04	-2.927885e-05
1.000004979999994e-04	-2.928061e-05
1.000010099999994e-04	-2.928129e-05
1.000020339999994e-04	-2.927563e-05
1.000040819999994e-04	-2.927155e-05
1.000081779999994e-04	-2.927007e-05
1.000163699999994e-04	-2.926892e-05
1.000327539999994e-04	-2.926534e-05
1.000655219999995e-04	-2.925994e-05
1.001310579999995e-04	-2.924575e-05
1.002621299999997e-04	-2.921748e-05
1.005242740000000e-04	-2.915886e-05
1.010485620000006e-04	-2.904405e-05
1.020971380000018e-04	-2.881369e-05
1.041942900000042e-04	-2.835974e-05
1.083885940000089e-04	-2.746836e-05
1.167772020000184e-04	-2.575914e-05
1.267772020000184e-04	-2.384746e-05
1.367772020000184e-04	-5.394661e-05
1.467772020000184e-04	-5.490348e-05
1.520022794647161e-04	1.795847e-06
1.570540523639880e-04	-4.591655e-05
1.600466409562815e-04	6.221811e-06
1.632617690497503e-04	-4.422437e-05
1.669045297167822e-04	7.286222e-06
1.707456845975716e-04	-4.302121e-05
1.784279943591504e-04	8.653723e-06
1.884279943591504e-04	-4.091633e-05
1.984279943591504e-04	1.075220e-05
2.084279943591504e-04	-3.943683e-05
2.184279943591504e-04	-5.236259e-05
2.284279943591504e-04	-4.469042e-05
2.384279943591504e-04	-5.208194e-05
2.484279943591504e-04	-4.945230e-05
2.584279943591505e-04	-5.221841e-05
2.684279943591504e-04	-5.375115e-05
2.784279943591504e-04	-5.251960e-05
2.884279943591504e-04	-5.787424e-05
2.984279943591504e-04	-5.298721e-05
3.084279943591504e-04	-6.185564e-05
3.184279943591504e-04	-5.302006e-05
3.284279943591504e-04	-6.503346e-05
3.384279943591504e-04	-5.328355e-05
3.484279943591504e-04	-3.052546e-02
3.584279943591504e-04	-1.280995e-01
3.632856701076135e-04	-1.470255e-01
3.680260150749855e-04	-1.595523e-01
3.738104959281599e-04	-1.743006e-01
3.838104959281599e-04	-1.994053e-01
3.938104959281599e-04	-2.195078e-01
4.038104959281599e-04	-2.273302e-01
4.138104959281599e-04	-2.343540e-01
4.238104959281599e-04	-2.409803e-01
4.338104959281599e-04	-2.476624e-01
4.438104959281599e-04	-2.541105e-01
4.538104959281599e-04	-2.606764e-01
4.638104959281599e-04	-2.670414e-01
4.738104959281599e-04	-2.735401e-01
4.838104959281599e-04	-2.798516e-01
4.938104959281599e-04	-2.863024e-01
5.038104959281599e-04	-2.925735e-01
5.138104959281599e-04	-2.989857e-01
5.238104959281600e-04	-3.052236e-01
5.338104959281599e-04	-3.116029e-01
5.438104959281599e-04	-3.178119e-01
5.538104959281599e-04	-3.241616e-01
5.638104959281600e-04	-3.265307e-01
5.738104959281599e-04	-3.273908e-01
5.838104959281599e-04	-3.276463e-01
5.938104959281599e-04	-3.280395e-01
6.038104959281600e-04	-3.280786e-01
6.138104959281599e-04	-3.283514e-01
6.238104959281599e-04	-3.283146e-01
6.338104959281599e-04	-3.285368e-01
6.438104959281600e-04	-3.284639e-01
6.538104959281599e-04	-3.286598e-01
6.638104959281599e-04	-3.285667e-01
6.738104959281599e-04	-3.287470e-01
6.838104959281599e-04	-3.286417e-01
6.938104959281599e-04	-3.288119e-01
7.038104959281599e-04	-3.286984e-01
7.138104959281599e-04	-3.288619e-01
7.238104959281599e-04	-3.287427e-01
7.338104959281599e-04	-3.289013e-01
7.438104959281599e-04	-3.287780e-01
7.538104959281599e-04	-3.289331e-01
7.638104959281599e-04	-3.288068e-01
7.738104959281599e-04	-3.289591e-01
7.838104959281599e-04	-3.288305e-01
7.938104959281599e-04	-3.289807e-01
8.038104959281599e-04	-3.288502e-01
8.138104959281599e-04	-3.289987e-01
8.238104959281599e-04	-3.288669e-01
8.338104959281599e-04	-3.290140e-01
8.438104959281599e-04	-3.288811e-01
8.538104959281599e-04	-3.290271e-01
8.638104959281599e-04	-3.288932e-01
8.738104959281599e-04	-3.290383e-01
8.838104959281599e-04	-3.289037e-01
8.938104959281598e-04	-3.290480e-01
9.038104959281599e-04	-3.289128e-01
9.138104959281599e-04	-3.290564e-01
9.238104959281599e-04	-3.289207e-01
9.338104959281598e-04	-3.290637e-01
9.438104959281599e-04	-3.289276e-01
9.538104959281599e-04	-3.290701e-01
9.638104959281599e-04	-3.289337e-01
9.738104959281598e-04	-3.290758e-01
9.838104959281600e-04	-3.289390e-01
9.938104959281598e-04	-3.290807e-01
1.000000000000000e-03	-3.289429e-01
1.000000001000000e-03	-3.289133e-01
1.000000017000000e-03	-3.288879e-01
1.000000049000000e-03	-3.289287e-01
1.000000113000000e-03	-3.289174e-01
1.000000241000000e-03	-3.289707e-01
1.000000497000000e-03	-3.289745e-01
1.000001009000000e-03	-3.290226e-01
1.000002033000000e-03	-3.290002e-01
1.000004081000000e-03	-3.290251e-01
1.000008177000000e-03	-3.289995e-01
1.000016369000001e-03	-3.290253e-01
1.000032753000001e-03	-3.289996e-01
1.000065521000002e-03	-3.290254e-01
1.000131057000004e-03	-3.289996e-01
1.000262129000007e-03	-3.290254e-01
1.000524273000015e-03	-3.289997e-01
1.001048561000029e-03	-3.290256e-01
1.002097137000058e-03	-3.290001e-01
1.004194289000116e-03	-3.290263e-01
1.008388593000232e-03	-3.290014e-01
1.016777201000463e-03	-3.290290e-01
1.026777201000463e-03	-3.290052e-01
1.036777201000463e-03	-3.290328e-01
1.046777201000463e-03	-3.290088e-01
1.056777201000463e-03	-3.290362e-01
1.066777201000463e-03	-3.290120e-01
1.076777201000463e-03	-3.290393e-01
1.086777201000463e-03	-3.290148e-01
1.096777201000463e-03	-3.290420e-01
1.106777201000463e-03	-3.290174e-01
1.116777201000463e-03	-3.290444e-01
1.126777201000463e-03	-3.290197e-01
1.136777201000463e-03	-3.290465e-01
1.146777201000463e-03	-3.290217e-01
1.156777201000463e-03	-3.290485e-01
1.166777201000463e-03	-3.290235e-01
1.176777201000463e-03	-3.290502e-01
1.186777201000463e-03	-3.290252e-01
1.196777201000463e-03	-3.290518e-01
1.206777201000463e-03	-3.290267e-01
1.216777201000463e-03	-3.290531e-01
1.226777201000463e-03	-3.290280e-01
1.236777201000463e-03	-3.290544e-01
1.246777201000463e-03	-3.290292e-01
1.256777201000463e-03	-3.290555e-01
1.266777201000463e-03	-3.290302e-01
1.276777201000463e-03	-3.290565e-01
1.286777201000463e-03	-3.290312e-01
1.296777201000463e-03	-3.290575e-01
1.306777201000463e-03	-3.290321e-01
1.316777201000463e-03	-3.290583e-01
1.326777201000463e-03	-3.290328e-01
1.336777201000463e-03	-3.290590e-01
1.346777201000463e-03	-3.290336e-01
1.356777201000463e-03	-3.290597e-01
1.366777201000463e-03	-3.290342e-01
1.376777201000463e-03	-3.290603e-01
1.386777201000463e-03	-3.290347e-01
1.396777201000463e-03	-3.290608e-01
1.406777201000463e-03	-3.290353e-01
1.416777201000463e-03	-3.290613e-01
1.426777201000463e-03	-3.290357e-01
1.436777201000463e-03	-3.290617e-01
1.446777201000463e-03	-3.290361e-01
1.456777201000463e-03	-3.290622e-01
1.466777201000463e-03	-3.290365e-01
1.476777201000463e-03	-3.290625e-01
1.486777201000463e-03	-3.290369e-01
1.496777201000463e-03	-3.290628e-01
1.506777201000463e-03	-3.290372e-01
1.516777201000463e-03	-3.290631e-01
1.526777201000463e-03	-3.290375e-01
1.536777201000463e-03	-3.290634e-01
1.546777201000463e-03	-3.290377e-01
1.556777201000463e-03	-3.290637e-01
1.566777201000463e-03	-3.290380e-01
1.576777201000463e-03	-3.290639e-01
1.586777201000463e-03	-3.290382e-01
1.596777201000463e-03	-3.290641e-01
1.606777201000463e-03	-3.290384e-01
1.616777201000463e-03	-3.290642e-01
1.626777201000463e-03	-3.290385e-01
1.636777201000463e-03	-3.290644e-01
1.646777201000463e-03	-3.290387e-01
1.656777201000463e-03	-3.290645e-01
1.666777201000463e-03	-3.290388e-01
1.676777201000463e-03	-3.290647e-01
1.686777201000463e-03	-3.290389e-01
1.696777201000463e-03	-3.290648e-01
1.706777201000463e-03	-3.290391e-01
1.716777201000463e-03	-3.290649e-01
1.726777201000463e-03	-3.290392e-01
1.736777201000463e-03	-3.290650e-01
1.746777201000463e-03	-3.290392e-01
1.756777201000463e-03	-3.290651e-01
1.766777201000463e-03	-3.290393e-01
1.776777201000463e-03	-3.290652e-01
1.786777201000463e-03	-3.290394e-01
1.796777201000463e-03	-3.290653e-01
1.806777201000463e-03	-3.290395e-01
1.816777201000463e-03	-3.290653e-01
1.826777201000463e-03	-3.290395e-01
1.836777201000463e-03	-3.290654e-01
1.846777201000463e-03	-3.290396e-01
1.856777201000463e-03	-3.290654e-01
1.866777201000463e-03	-3.290397e-01
1.876777201000463e-03	-3.290655e-01
1.886777201000463e-03	-3.290397e-01
1.896777201000463e-03	-3.290655e-01
1.906777201000463e-03	-3.290398e-01
1.916777201000463e-03	-3.290656e-01
1.926777201000463e-03	-3.290398e-01
1.936777201000463e-03	-3.290656e-01
1.946777201000463e-03	-3.290398e-01
1.956777201000463e-03	-3.290657e-01
1.966777201000463e-03	-3.290398e-01
1.976777201000463e-03	-3.290657e-01
1.986777201000463e-03	-3.290399e-01
1.996777201000463e-03	-3.290657e-01
2.006777201000463e-03	-3.290399e-01
2.016777201000463e-03	-3.290657e-01
2.026777201000463e-03	-3.290399e-01
2.036777201000463e-03	-3.290657e-01
2.046777201000463e-03	-3.290399e-01
2.056777201000463e-03	-3.290658e-01
2.066777201000463e-03	-3.290400e-01
2.076777201000463e-03	-3.290658e-01
2.086777201000463e-03	-3.290400e-01
2.096777201000463e-03	-3.290658e-01
2.106777201000463e-03	-3.290400e-01
2.116777201000463e-03	-3.290658e-01
2.126777201000463e-03	-3.290400e-01
2.136777201000463e-03	-3.290658e-01
2.146777201000463e-03	-3.290400e-01
2.156777201000463e-03	-3.290658e-01
2.166777201000463e-03	-3.290400e-01
2.176777201000463e-03	-3.290659e-01
2.186777201000463e-03	-3.290401e-01
2.196777201000463e-03	-3.290659e-01
2.206777201000463e-03	-3.290401e-01
2.216777201000463e-03	-3.290659e-01
2.226777201000463e-03	-3.290401e-01
2.236777201000463e-03	-3.290659e-01
2.246777201000463e-03	-3.290401e-01
2.256777201000463e-03	-3.290659e-01
2.266777201000463e-03	-3.290401e-01
2.276777201000463e-03	-3.290659e-01
2.286777201000463e-03	-3.290401e-01
2.296777201000463e-03	-3.290659e-01
2.306777201000463e-03	-3.290401e-01
2.316777201000463e-03	-3.290659e-01
2.326777201000463e-03	-3.290401e-01
2.336777201000463e-03	-3.290659e-01
2.346777201000463e-03	-3.290401e-01
2.356777201000463e-03	-3.290659e-01
2.366777201000463e-03	-3.290401e-01
2.376777201000463e-03	-3.290659e-01
2.386777201000463e-03	-3.290401e-01
2.396777201000463e-03	-3.290659e-01
2.406777201000463e-03	-3.290401e-01
2.416777201000463e-03	-3.290659e-01
2.426777201000463e-03	-3.290401e-01
2.436777201000463e-03	-3.290659e-01
2.446777201000463e-03	-3.290401e-01
2.456777201000463e-03	-3.290659e-01
2.466777201000463e-03	-3.290401e-01
2.476777201000463e-03	-3.290659e-01
2.486777201000463e-03	-3.290401e-01
2.496777201000463e-03	-3.290659e-01
2.506777201000463e-03	-3.290401e-01
2.516777201000463e-03	-3.290659e-01
2.526777201000463e-03	-3.290401e-01
2.536777201000463e-03	-3.290659e-01
2.546777201000463e-03	-3.290401e-01
2.556777201000463e-03	-3.290659e-01
2.566777201000463e-03	-3.290401e-01
2.576777201000463e-03	-3.290659e-01
2.586777201000463e-03	-3.290401e-01
2.596777201000463e-03	-3.290659e-01
2.606777201000463e-03	-3.290401e-01
2.616777201000463e-03	-3.290659e-01
2.626777201000463e-03	-3.290401e-01
2.636777201000463e-03	-3.290659e-01
2.646777201000463e-03	-3.290401e-01
2.656777201000463e-03	-3.290659e-01
2.666777201000463e-03	-3.290401e-01
2.676777201000463e-03	-3.290659e-01
2.686777201000463e-03	-3.290401e-01
2.696777201000463e-03	-3.290659e-01
2.706777201000463e-03	-3.290401e-01
2.716777201000463e-03	-3.290659e-01
2.726777201000463e-03	-3.290401e-01
2.736777201000463e-03	-3.290659e-01
2.746777201000463e-03	-3.290401e-01
2.756777201000463e-03	-3.290659e-01
2.766777201000463e-03	-3.290401e-01
2.776777201000463e-03	-3.290659e-01
2.786777201000463e-03	-3.290401e-01
2.796777201000463e-03	-3.290659e-01
2.806777201000463e-03	-3.290401e-01
2.816777201000463e-03	-3.290659e-01
2.826777201000463e-03	-3.290401e-01
2.836777201000463e-03	-3.290659e-01
2.846777201000463e-03	-3.290401e-01
2.856777201000463e-03	-3.290659e-01
2.866777201000463e-03	-3.290401e-01
2.876777201000463e-03	-3.290659e-01
2.886777201000463e-03	-3.290401e-01
2.896777201000463e-03	-3.290659e-01
2.906777201000463e-03	-3.290401e-01
2.916777201000463e-03	-3.290659e-01
2.926777201000463e-03	-3.290401e-01
2.936777201000463e-03	-3.290659e-01
2.946777201000463e-03	-3.290401e-01
2.956777201000463e-03	-3.290659e-01
2.966777201000463e-03	-3.290401e-01
2.976777201000463e-03	-3.290659e-01
2.986777201000463e-03	-3.290401e-01
2.996777201000463e-03	-3.290659e-01
3.006777201000463e-03	-3.290401e-01
3.016777201000463e-03	-3.290659e-01
3.026777201000463e-03	-3.290401e-01
3.036777201000463e-03	-3.290659e-01
3.046777201000463e-03	-3.290401e-01
3.056777201000463e-03	-3.290659e-01
3.066777201000463e-03	-3.290401e-01
3.076777201000463e-03	-3.290659e-01
3.086777201000463e-03	-3.290401e-01
3.096777201000463e-03	-3.290659e-01
3.106777201000463e-03	-3.290401e-01
3.116777201000463e-03	-3.290659e-01
3.126777201000463e-03	-3.290401e-01
3.136777201000463e-03	-3.290659e-01
3.146777201000463e-03	-3.290401e-01
3.156777201000463e-03	-3.290659e-01
3.166777201000463e-03	-3.290401e-01
3.176777201000463e-03	-3.290659e-01
3.186777201000463e-03	-3.290401e-01
3.196777201000463e-03	-3.290659e-01
3.206777201000463e-03	-3.290401e-01
3.216777201000463e-03	-3.290659e-01
3.226777201000463e-03	-3.290401e-01
3.236777201000463e-03	-3.290659e-01
3.246777201000463e-03	-3.290401e-01
3.256777201000463e-03	-3.290659e-01
3.266777201000463e-03	-3.290401e-01
3.276777201000463e-03	-3.290659e-01
3.286777201000463e-03	-3.290401e-01
3.296777201000463e-03	-3.290659e-01
3.306777201000463e-03	-3.290401e-01
3.316777201000463e-03	-3.290659e-01
3.326777201000463e-03	-3.290401e-01
3.336777201000463e-03	-3.290659e-01
3.346777201000463e-03	-3.290401e-01
3.356777201000463e-03	-3.290659e-01
3.366777201000463e-03	-3.290401e-01
3.376777201000463e-03	-3.290659e-01
3.386777201000463e-03	-3.290401e-01
3.396777201000463e-03	-3.290659e-01
3.406777201000463e-03	-3.290401e-01
3.416777201000463e-03	-3.290659e-01
3.426777201000463e-03	-3.290401e-01
3.436777201000463e-03	-3.290659e-01
3.446777201000463e-03	-3.290401e-01
3.456777201000463e-03	-3.290659e-01
3.466777201000463e-03	-3.290401e-01
3.476777201000463e-03	-3.290659e-01
3.486777201000463e-03	-3.290401e-01
3.496777201000463e-03	-3.290659e-01
3.506777201000463e-03	-3.290401e-01
3.516777201000463e-03	-3.290659e-01
3.526777201000463e-03	-3.290401e-01
3.536777201000463e-03	-3.290659e-01
3.546777201000463e-03	-3.290401e-01
3.556777201000463e-03	-3.290659e-01
3.566777201000463e-03	-3.290401e-01
3.576777201000463e-03	-3.290659e-01
3.586777201000463e-03	-3.290401e-01
3.596777201000463e-03	-3.290659e-01
3.606777201000463e-03	-3.290401e-01
3.616777201000463e-03	-3.290659e-01
3.626777201000463e-03	-3.290401e-01
3.636777201000463e-03	-3.290659e-01
3.646777201000463e-03	-3.290401e-01
3.656777201000463e-03	-3.290659e-01
3.666777201000463e-03	-3.290401e-01
3.676777201000463e-03	-3.290659e-01
3.686777201000463e-03	-3.290401e-01
3.696777201000463e-03	-3.290659e-01
3.706777201000463e-03	-3.290401e-01
3.716777201000463e-03	-3.290659e-01
3.726777201000463e-03	-3.290401e-01
3.736777201000463e-03	-3.290659e-01
3.746777201000463e-03	-3.290401e-01
3.756777201000463e-03	-3.290659e-01
3.766777201000463e-03	-3.290401e-01
3.776777201000463e-03	-3.290659e-01
3.786777201000463e-03	-3.290401e-01
3.796777201000463e-03	-3.290659e-01
3.806777201000463e-03	-3.290401e-01
3.816777201000463e-03	-3.290659e-01
3.826777201000463e-03	-3.290401e-01
3.836777201000463e-03	-3.290659e-01
3.846777201000463e-03	-3.290401e-01
3.856777201000463e-03	-3.290659e-01
3.866777201000463e-03	-3.290401e-01
3.876777201000463e-03	-3.290659e-01
3.886777201000463e-03	-3.290401e-01
3.896777201000463e-03	-3.290659e-01
3.906777201000463e-03	-3.290401e-01
3.916777201000463e-03	-3.290659e-01
3.926777201000463e-03	-3.290401e-01
3.936777201000463e-03	-3.290659e-01
3.946777201000463e-03	-3.290401e-01
3.956777201000463e-03	-3.290659e-01
3.966777201000463e-03	-3.290401e-01
3.976777201000463e-03	-3.290659e-01
3.986777201000463e-03	-3.290401e-01
3.996777201000463e-03	-3.290659e-01
4.006777201000463e-03	-3.290401e-01
4.016777201000463e-03	-3.290659e-01
4.026777201000463e-03	-3.290401e-01
4.036777201000463e-03	-3.290659e-01
4.046777201000462e-03	-3.290401e-01
4.056777201000463e-03	-3.290659e-01
4.066777201000463e-03	-3.290401e-01
4.076777201000463e-03	-3.290659e-01
4.086777201000463e-03	-3.290401e-01
4.096777201000463e-03	-3.290659e-01
4.106777201000463e-03	-3.290401e-01
4.116777201000463e-03	-3.290659e-01
4.126777201000463e-03	-3.290401e-01
4.136777201000463e-03	-3.290659e-01
4.146777201000463e-03	-3.290401e-01
4.156777201000463e-03	-3.290659e-01
4.166777201000463e-03	-3.290401e-01
4.176777201000463e-03	-3.290659e-01
4.186777201000463e-03	-3.290401e-01
4.196777201000462e-03	-3.290659e-01
4.206777201000463e-03	-3.290401e-01
4.216777201000462e-03	-3.290659e-01
4.226777201000463e-03	-3.290401e-01
4.236777201000463e-03	-3.290659e-01
4.246777201000463e-03	-3.290401e-01
4.256777201000463e-03	-3.290659e-01
4.266777201000463e-03	-3.290401e-01
4.276777201000463e-03	-3.290659e-01
4.286777201000463e-03	-3.290401e-01
4.296777201000463e-03	-3.290659e-01
4.306777201000463e-03	-3.290401e-01
4.316777201000463e-03	-3.290659e-01
4.326777201000463e-03	-3.290401e-01
4.336777201000463e-03	-3.290659e-01
4.346777201000463e-03	-3.290401e-01
4.356777201000463e-03	-3.290659e-01
4.366777201000462e-03	-3.290401e-01
4.376777201000463e-03	-3.290659e-01
4.386777201000462e-03	-3.290401e-01
4.396777201000463e-03	-3.290659e-01
4.406777201000463e-03	-3.290401e-01
4.416777201000463e-03	-3.290659e-01
4.426777201000463e-03	-3.290401e-01
4.436777201000463e-03	-3.290659e-01
4.446777201000463e-03	-3.290401e-01
4.456777201000463e-03	-3.290659e-01
4.466777201000463e-03	-3.290401e-01
4.476777201000463e-03	-3.290659e-01
4.486777201000463e-03	-3.290401e-01
4.496777201000463e-03	-3.290659e-01
4.506777201000463e-03	-3.290401e-01
4.516777201000462e-03	-3.290659e-01
4.526777201000463e-03	-3.290401e-01
4.536777201000462e-03	-3.290659e-01
4.546777201000463e-03	-3.290401e-01
4.556777201000463e-03	-3.290659e-01
4.566777201000463e-03	-3.290401e-01
4.576777201000463e-03	-3.290659e-01
4.586777201000463e-03	-3.290401e-01
4.596777201000463e-03	-3.290659e-01
4.606777201000463e-03	-3.290401e-01
4.616777201000463e-03	-3.290659e-01
4.626777201000463e-03	-3.290401e-01
4.636777201000463e-03	-3.290659e-01
4.646777201000463e-03	-3.290401e-01
4.656777201000463e-03	-3.290659e-01
4.666777201000463e-03	-3.290401e-01
4.676777201000463e-03	-3.290659e-01
4.686777201000462e-03	-3.290401e-01
4.696777201000463e-03	-3.290659e-01
4.706777201000462e-03	-3.290401e-01
4.716777201000463e-03	-3.290659e-01
4.726777201000463e-03	-3.290401e-01
4.736777201000463e-03	-3.290659e-01
4.746777201000463e-03	-3.290401e-01
4.756777201000463e-03	-3.290659e-01
4.766777201000463e-03	-3.290401e-01
4.776777201000463e-03	-3.290659e-01
4.786777201000463e-03	-3.290401e-01
4.796777201000463e-03	-3.290659e-01
4.806777201000463e-03	-3.290401e-01
4.816777201000463e-03	-3.290659e-01
4.826777201000463e-03	-3.290401e-01
4.836777201000462e-03	-3.290659e-01
4.846777201000463e-03	-3.290401e-01
4.856777201000462e-03	-3.290659e-01
4.866777201000463e-03	-3.290401e-01
4.876777201000462e-03	-3.290659e-01
4.886777201000463e-03	-3.290401e-01
4.896777201000463e-03	-3.290659e-01
4.906777201000463e-03	-3.290401e-01
4.916777201000463e-03	-3.290659e-01
4.926777201000463e-03	-3.290401e-01
4.936777201000463e-03	-3.290659e-01
4.946777201000463e-03	-3.290401e-01
4.956777201000463e-03	-3.290659e-01
4.966777201000463e-03	-3.290401e-01
4.976777201000463e-03	-3.290659e-01
4.986777201000463e-03	-3.290401e-01
4.996777201000463e-03	-3.290659e-01
5.006777201000462e-03	-3.290401e-01
5.016777201000463e-03	-3.290659e-01
5.026777201000462e-03	-3.290401e-01
5.036777201000463e-03	-3.290659e-01
5.046777201000462e-03	-3.290401e-01
5.056777201000463e-03	-3.290659e-01
5.066777201000463e-03	-3.290401e-01
5.076777201000463e-03	-3.290659e-01
5.086777201000463e-03	-3.290401e-01
5.096777201000463e-03	-3.290659e-01
5.106777201000463e-03	-3.290401e-01
5.116777201000463e-03	-3.290659e-01
5.126777201000463e-03	-3.290401e-01
5.136777201000463e-03	-3.290659e-01
5.146777201000463e-03	-3.290401e-01
5.156777201000462e-03	-3.290659e-01
5.166777201000463e-03	-3.290401e-01
5.176777201000462e-03	-3.290659e-01
5.186777201000463e-03	-3.290401e-01
5.196777201000462e-03	-3.290659e-01
5.206777201000463e-03	-3.290401e-01
5.216777201000463e-03	-3.290659e-01
5.226777201000463e-03	-3.290401e-01
5.236777201000463e-03	-3.290659e-01
5.246777201000463e-03	-3.290401e-01
5.256777201000463e-03	-3.290659e-01
5.266777201000463e-03	-3.290401e-01
5.276777201000463e-03	-3.290659e-01
5.286777201000463e-03	-3.290401e-01
5.296777201000463e-03	-3.290659e-01
5.306777201000463e-03	-3.290401e-01
5.316777201000463e-03	-3.290659e-01
5.326777201000462e-03	-3.290401e-01
5.336777201000463e-03	-3.290659e-01
5.346777201000462e-03	-3.290401e-01
5.356777201000463e-03	-3.290659e-01
5.366777201000462e-03	-3.290401e-01
5.376777201000463e-03	-3.290659e-01
5.386777201000463e-03	-3.290401e-01
5.396777201000463e-03	-3.290659e-01
5.406777201000463e-03	-3.290401e-01
5.416777201000463e-03	-3.290659e-01
5.426777201000463e-03	-3.290401e-01
5.436777201000463e-03	-3.290659e-01
5.446777201000463e-03	-3.290401e-01
5.456777201000463e-03	-3.290659e-01
5.466777201000463e-03	-3.290401e-01
5.476777201000462e-03	-3.290659e-01
5.486777201000463e-03	-3.290401e-01
5.496777201000462e-03	-3.290659e-01
5.506777201000463e-03	-3.290401e-01
5.516777201000462e-03	-3.290659e-01
5.526777201000463e-03	-3.290401e-01
5.536777201000462e-03	-3.290659e-01
5.546777201000463e-03	-3.290401e-01
5.556777201000463e-03	-3.290659e-01
5.566777201000463e-03	-3.290401e-01
5.576777201000463e-03	-3.290659e-01
5.586777201000463e-03	-3.290401e-01
5.596777201000463e-03	-3.290659e-01
5.606777201000463e-03	-3.290401e-01
5.616777201000463e-03	-3.290659e-01
5.626777201000463e-03	-3.290401e-01
5.636777201000463e-03	-3.290659e-01
5.646777201000462e-03	-3.290401e-01
5.656777201000463e-03	-3.290659e-01
5.666777201000462e-03	-3.290401e-01
5.676777201000463e-03	-3.290659e-01
5.686777201000462e-03	-3.290401e-01
5.696777201000463e-03	-3.290659e-01
5.706777201000462e-03	-3.290401e-01
5.716777201000463e-03	-3.290659e-01
5.726777201000463e-03	-3.290401e-01
5.736777201000463e-03	-3.290660e-01
5.746777201000463e-03	-3.290401e-01
5.756777201000463e-03	-3.290660e-01
5.766777201000463e-03	-3.290401e-01
5.776777201000463e-03	-3.290660e-01
5.786777201000463e-03	-3.290401e-01
5.796777201000462e-03	-3.290660e-01
5.806777201000463e-03	-3.290401e-01
5.816777201000462e-03	-3.290660e-01
5.826777201000463e-03	-3.290401e-01
5.836777201000462e-03	-3.290660e-01
5.846777201000463e-03	-3.290401e-01
5.856777201000462e-03	-3.290660e-01
5.866777201000463e-03	-3.290401e-01
5.876777201000462e-03	-3.290660e-01
5.886777201000463e-03	-3.290401e-01
5.896777201000463e-03	-3.290660e-01
5.906777201000463e-03	-3.290401e-01
5.916777201000463e-03	-3.290660e-01
5.926777201000463e-03	-3.290401e-01
5.936777201000463e-03	-3.290660e-01
5.946777201000463e-03	-3.290401e-01
5.956777201000463e-03	-3.290660e-01
5.966777201000462e-03	-3.290401e-01
5.976777201000463e-03	-3.290660e-01
5.986777201000462e-03	-3.290401e-01
5.996777201000463e-03	-3.290660e-01
6.006777201000462e-03	-3.290401e-01
6.016777201000463e-03	-3.290660e-01
6.026777201000462e-03	-3.290401e-01
6.036777201000463e-03	-3.290660e-01
6.046777201000463e-03	-3.290401e-01
6.056777201000463e-03	-3.290660e-01
6.066777201000463e-03	-3.290401e-01
6.076777201000463e-03	-3.290660e-01
6.086777201000463e-03	-3.290401e-01
6.096777201000463e-03	-3.290660e-01
6.106777201000463e-03	-3.290401e-01
6.116777201000462e-03	-3.290660e-01
6.126777201000463e-03	-3.290401e-01
6.136777201000462e-03	-3.290660e-01
6.146777201000463e-03	-3.290401e-01
6.156777201000462e-03	-3.290660e-01
6.166777201000463e-03	-3.290401e-01
6.176777201000462e-03	-3.290660e-01
6.186777201000463e-03	-3.290401e-01
6.196777201000462e-03	-3.290660e-01
6.206777201000463e-03	-3.290401e-01
6.216777201000463e-03	-3.290660e-01
6.226777201000463e-03	-3.290401e-01
6.236777201000463e-03	-3.290660e-01
6.246777201000463e-03	-3.290401e-01
6.256777201000463e-03	-3.290660e-01
6.266777201000463e-03	-3.290401e-01
6.276777201000463e-03	-3.290660e-01
6.286777201000462e-03	-3.290401e-01
6.296777201000463e-03	-3.290660e-01
6.306777201000462e-03	-3.290401e-01
6.316777201000463e-03	-3.290660e-01
6.326777201000462e-03	-3.290401e-01
6.336777201000463e-03	-3.290660e-01
6.346777201000462e-03	-3.290401e-01
6.356777201000463e-03	-3.290660e-01
6.366777201000462e-03	-3.290401e-01
6.376777201000463e-03	-3.290660e-01
6.386777201000463e-03	-3.290401e-01
6.396777201000463e-03	-3.290660e-01
6.406777201000463e-03	-3.290401e-01
6.416777201000463e-03	-3.290660e-01
6.426777201000463e-03	-3.290401e-01
6.436777201000462e-03	-3.290660e-01
6.446777201000463e-03	-3.290401e-01
6.456777201000462e-03	-3.290660e-01
6.466777201000463e-03	-3.290401e-01
6.476777201000462e-03	-3.290660e-01
6.486777201000463e-03	-3.290401e-01
6.496777201000462e-03	-3.290660e-01
6.506777201000463e-03	-3.290401e-01
6.516777201000462e-03	-3.290660e-01
6.526777201000463e-03	-3.290401e-01
6.536777201000462e-03	-3.290660e-01
6.546777201000463e-03	-3.290401e-01
6.556777201000463e-03	-3.290660e-01
6.566777201000463e-03	-3.290401e-01
6.576777201000463e-03	-3.290660e-01
6.586777201000463e-03	-3.290401e-01
6.596777201000463e-03	-3.290660e-01
6.606777201000462e-03	-3.290401e-01
6.616777201000463e-03	-3.290660e-01
6.626777201000462e-03	-3.290401e-01
6.636777201000463e-03	-3.290660e-01
6.646777201000462e-03	-3.290401e-01
6.656777201000463e-03	-3.290660e-01
6.666777201000462e-03	-3.290401e-01
6.676777201000463e-03	-3.290660e-01
6.686777201000462e-03	-3.290401e-01
6.696777201000463e-03	-3.290660e-01
6.706777201000463e-03	-3.290401e-01
6.716777201000463e-03	-3.290660e-01
6.726777201000463e-03	-3.290401e-01
6.736777201000463e-03	-3.290660e-01
6.746777201000463e-03	-3.290401e-01
6.756777201000462e-03	-3.290660e-01
6.766777201000463e-03	-3.290401e-01
6.776777201000462e-03	-3.290660e-01
6.786777201000463e-03	-3.290401e-01
6.796777201000462e-03	-3.290660e-01
6.806777201000463e-03	-3.290401e-01
6.816777201000462e-03	-3.290660e-01
6.826777201000463e-03	-3.290401e-01
6.836777201000462e-03	-3.290660e-01
6.846777201000463e-03	-3.290401e-01
6.856777201000462e-03	-3.290660e-01
6.866777201000463e-03	-3.290401e-01
6.876777201000463e-03	-3.290660e-01
6.886777201000463e-03	-3.290401e-01
6.896777201000463e-03	-3.290660e-01
6.906777201000463e-03	-3.290401e-01
6.916777201000463e-03	-3.290660e-01
6.926777201000462e-03	-3.290401e-01
6.936777201000463e-03	-3.290660e-01
6.946777201000462e-03	-3.290401e-01
6.956777201000463e-03	-3.290660e-01
6.966777201000462e-03	-3.290401e-01
6.976777201000463e-03	-3.290660e-01
6.986777201000462e-03	-3.290401e-01
6.996777201000463e-03	-3.290660e-01
7.006777201000462e-03	-3.290401e-01
7.016777201000463e-03	-3.290660e-01
7.026777201000462e-03	-3.290401e-01
7.036777201000463e-03	-3.290660e-01
7.046777201000463e-03	-3.290401e-01
7.056777201000463e-03	-3.290660e-01
7.066777201000463e-03	-3.290401e-01
7.076777201000462e-03	-3.290660e-01
7.086777201000463e-03	-3.290401e-01
7.096777201000462e-03	-3.290660e-01
7.106777201000463e-03	-3.290401e-01
7.116777201000462e-03	-3.290660e-01
7.126777201000463e-03	-3.290401e-01
7.136777201000462e-03	-3.290660e-01
7.146777201000463e-03	-3.290401e-01
7.156777201000462e-03	-3.290660e-01
7.166777201000463e-03	-3.290401e-01
7.176777201000462e-03	-3.290660e-01
7.186777201000463e-03	-3.290401e-01
7.196777201000462e-03	-3.290660e-01
7.206777201000463e-03	-3.290401e-01
7.216777201000463e-03	-3.290660e-01
7.226777201000463e-03	-3.290401e-01
7.236777201000463e-03	-3.290660e-01
7.246777201000462e-03	-3.290401e-01
7.256777201000463e-03	-3.290660e-01
7.266777201000462e-03	-3.290401e-01
7.276777201000463e-03	-3.290660e-01
7.286777201000462e-03	-3.290401e-01
7.296777201000463e-03	-3.290660e-01
7.306777201000462e-03	-3.290401e-01
7.316777201000463e-03	-3.290660e-01
7.326777201000462e-03	-3.290401e-01
7.336777201000463e-03	-3.290660e-01
7.346777201000462e-03	-3.290401e-01
7.356777201000463e-03	-3.290660e-01
7.366777201000463e-03	-3.290401e-01
7.376777201000463e-03	-3.290660e-01
7.386777201000463e-03	-3.290401e-01
7.396777201000462e-03	-3.290660e-01
7.406777201000463e-03	-3.290401e-01
7.416777201000462e-03	-3.290660e-01
7.426777201000463e-03	-3.290401e-01
7.436777201000462e-03	-3.290660e-01
7.446777201000463e-03	-3.290401e-01
7.456777201000462e-03	-3.290660e-01
7.466777201000463e-03	-3.290401e-01
7.476777201000462e-03	-3.290660e-01
7.486777201000463e-03	-3.290401e-01
7.496777201000462e-03	-3.290660e-01
7.506777201000463e-03	-3.290401e-01
7.516777201000462e-03	-3.290660e-01
7.526777201000463e-03	-3.290401e-01
7.536777201000463e-03	-3.290660e-01
7.546777201000463e-03	-3.290401e-01
7.556777201000463e-03	-3.290660e-01
7.566777201000462e-03	-3.290401e-01
7.576777201000463e-03	-3.290660e-01
7.586777201000462e-03	-3.290401e-01
7.596777201000463e-03	-3.290660e-01
7.606777201000462e-03	-3.290401e-01
7.616777201000463e-03	-3.290660e-01
7.626777201000462e-03	-3.290401e-01
7.636777201000463e-03	-3.290660e-01
7.646777201000462e-03	-3.290401e-01
7.656777201000463e-03	-3.290660e-01
7.666777201000462e-03	-3.290401e-01
7.676777201000463e-03	-3.290660e-01
7.686777201000462e-03	-3.290401e-01
7.696777201000463e-03	-3.290660e-01
7.706777201000463e-03	-3.290401e-01
7.716777201000462e-03	-3.290660e-01
7.726777201000463e-03	-3.290401e-01
7.736777201000462e-03	-3.290660e-01
7.746777201000463e-03	-3.290401e-01
7.756777201000462e-03	-3.290660e-01
7.766777201000463e-03	-3.290401e-01
7.776777201000462e-03	-3.290660e-01
7.786777201000463e-03	-3.290401e-01
7.796777201000462e-03	-3.290660e-01
7.806777201000463e-03	-3.290401e-01
7.816777201000463e-03	-3.290660e-01
7.826777201000463e-03	-3.290401e-01
7.836777201000462e-03	-3.290660e-01
7.846777201000462e-03	-3.290401e-01
7.856777201000463e-03	-3.290660e-01
7.866777201000463e-03	-3.290401e-01
7.876777201000463e-03	-3.290660e-01
7.886777201000462e-03	-3.290401e-01
7.896777201000462e-03	-3.290660e-01
7.906777201000463e-03	-3.290401e-01
7.916777201000463e-03	-3.290660e-01
7.926777201000462e-03	-3.290401e-01
7.936777201000462e-03	-3.290660e-01
7.946777201000463e-03	-3.290401e-01
7.956777201000463e-03	-3.290660e-01
7.966777201000462e-03	-3.290401e-01
7.976777201000462e-03	-3.290660e-01
7.986777201000463e-03	-3.290401e-01
7.996777201000463e-03	-3.290660e-01
8.006777201000462e-03	-3.290401e-01
8.016777201000462e-03	-3.290660e-01
8.026777201000463e-03	-3.290401e-01
8.036777201000463e-03	-3.290660e-01
8.046777201000463e-03	-3.290401e-01
8.056777201000462e-03	-3.290660e-01
8.066777201000462e-03	-3.290401e-01
8.076777201000463e-03	-3.290660e-01
8.086777201000463e-03	-3.290401e-01
8.096777201000462e-03	-3.290660e-01
8.106777201000462e-03	-3.290401e-01
8.116777201000463e-03	-3.290660e-01
8.126777201000463e-03	-3.290401e-01
8.136777201000462e-03	-3.290660e-01
8.146777201000462e-03	-3.290401e-01
8.156777201000463e-03	-3.290660e-01
8.166777201000463e-03	-3.290401e-01
8.176777201000462e-03	-3.290660e-01
8.186777201000462e-03	-3.290401e-01
8.196777201000462e-03	-3.290660e-01
8.206777201000463e-03	-3.290401e-01
8.216777201000463e-03	-3.290660e-01
8.226777201000462e-03	-3.290401e-01
8.236777201000462e-03	-3.290660e-01
8.246777201000463e-03	-3.290401e-01
8.256777201000463e-03	-3.290660e-01
8.266777201000462e-03	-3.290401e-01
8.276777201000462e-03	-3.290660e-01
8.286777201000463e-03	-3.290401e-01
8.296777201000463e-03	-3.290660e-01
8.306777201000462e-03	-3.290401e-01
8.316777201000462e-03	-3.290660e-01
8.326777201000463e-03	-3.290401e-01
8.336777201000463e-03	-3.290660e-01
8.346777201000462e-03	-3.290401e-01
8.356777201000462e-03	-3.290660e-01
8.366777201000462e-03	-3.290401e-01
8.376777201000463e-03	-3.290660e-01
8.386777201000463e-03	-3.290401e-01
8.396777201000462e-03	-3.290660e-01
8.406777201000462e-03	-3.290401e-01
8.416777201000463e-03	-3.290660e-01
8.426777201000463e-03	-3.290401e-01
8.436777201000462e-03	-3.290660e-01
8.446777201000462e-03	-3.290401e-01
8.456777201000463e-03	-3.290660e-01
8.466777201000463e-03	-3.290401e-01
8.476777201000462e-03	-3.290660e-01
8.486777201000462e-03	-3.290401e-01
8.496777201000463e-03	-3.290660e-01
8.506777201000463e-03	-3.290401e-01
8.516777201000462e-03	-3.290660e-01
8.526777201000462e-03	-3.290401e-01
8.536777201000462e-03	-3.290660e-01
8.546777201000463e-03	-3.290401e-01
8.556777201000463e-03	-3.290660e-01
8.566777201000462e-03	-3.290401e-01
8.576777201000462e-03	-3.290660e-01
8.586777201000463e-03	-3.290401e-01
8.596777201000463e-03	-3.290660e-01
8.606777201000462e-03	-3.290401e-01
8.616777201000462e-03	-3.290660e-01
8.626777201000463e-03	-3.290401e-01
8.636777201000463e-03	-3.290660e-01
8.646777201000462e-03	-3.290401e-01
8.656777201000462e-03	-3.290660e-01
8.666777201000463e-03	-3.290401e-01
8.676777201000463e-03	-3.290660e-01
8.686777201000462e-03	-3.290401e-01
8.696777201000462e-03	-3.290660e-01
8.706777201000462e-03	-3.290401e-01
8.716777201000463e-03	-3.290660e-01
8.726777201000463e-03	-3.290401e-01
8.736777201000462e-03	-3.290660e-01
8.746777201000462e-03	-3.290401e-01
8.756777201000463e-03	-3.290660e-01
8.766777201000463e-03	-3.290401e-01
8.776777201000462e-03	-3.290660e-01
8.786777201000462e-03	-3.290401e-01
8.796777201000463e-03	-3.290660e-01
8.806777201000463e-03	-3.290401e-01
8.816777201000462e-03	-3.290660e-01
8.826777201000462e-03	-3.290401e-01
8.836777201000462e-03	-3.290660e-01
8.846777201000463e-03	-3.290401e-01
8.856777201000463e-03	-3.290660e-01
8.866777201000462e-03	-3.290401e-01
8.876777201000462e-03	-3.290660e-01
8.886777201000463e-03	-3.290401e-01
8.896777201000463e-03	-3.290660e-01
8.906777201000462e-03	-3.290401e-01
8.916777201000462e-03	-3.290660e-01
8.926777201000463e-03	-3.290401e-01
8.936777201000463e-03	-3.290660e-01
8.946777201000462e-03	-3.290401e-01
8.956777201000462e-03	-3.290660e-01
8.966777201000463e-03	-3.290401e-01
8.976777201000463e-03	-3.290660e-01
8.986777201000462e-03	-3.290401e-01
8.996777201000462e-03	-3.290660e-01
9.006777201000462e-03	-3.290401e-01
9.016777201000463e-03	-3.290660e-01
9.026777201000463e-03	-3.290401e-01
9.036777201000462e-03	-3.290660e-01
9.046777201000462e-03	-3.290401e-01
9.056777201000463e-03	-3.290660e-01
9.066777201000463e-03	-3.290401e-01
9.076777201000462e-03	-3.290660e-01
9.086777201000462e-03	-3.290401e-01
9.096777201000463e-03	-3.290660e-01
9.106777201000463e-03	-3.290401e-01
9.116777201000462e-03	-3.290660e-01
9.126777201000462e-03	-3.290401e-01
9.136777201000463e-03	-3.290660e-01
9.146777201000463e-03	-3.290401e-01
9.156777201000462e-03	-3.290660e-01
9.166777201000462e-03	-3.290401e-01
9.176777201000462e-03	-3.290660e-01
9.186777201000463e-03	-3.290401e-01
9.196777201000463e-03	-3.290660e-01
9.206777201000462e-03	-3.290401e-01
9.216777201000462e-03	-3.290660e-01
9.226777201000463e-03	-3.290401e-01
9.236777201000463e-03	-3.290660e-01
9.246777201000462e-03	-3.290401e-01
9.256777201000462e-03	-3.290660e-01
9.266777201000463e-03	-3.290401e-01
9.276777201000463e-03	-3.290660e-01
9.286777201000462e-03	-3.290401e-01
9.296777201000462e-03	-3.290660e-01
9.306777201000463e-03	-3.290401e-01
9.316777201000463e-03	-3.290660e-01
9.326777201000462e-03	-3.290401e-01
9.336777201000462e-03	-3.290660e-01
9.346777201000462e-03	-3.290401e-01
9.356777201000463e-03	-3.290660e-01
9.366777201000463e-03	-3.290401e-01
9.376777201000462e-03	-3.290660e-01
9.386777201000462e-03	-3.290401e-01
9.396777201000463e-03	-3.290660e-01
9.406777201000463e-03	-3.290401e-01
9.416777201000462e-03	-3.290660e-01
9.426777201000462e-03	-3.290401e-01
9.436777201000463e-03	-3.290660e-01
9.446777201000463e-03	-3.290401e-01
9.456777201000462e-03	-3.290660e-01
9.466777201000462e-03	-3.290401e-01
9.476777201000462e-03	-3.290660e-01
9.486777201000463e-03	-3.290401e-01
9.496777201000462e-03	-3.290660e-01
9.506777201000462e-03	-3.290401e-01
9.516777201000462e-03	-3.290660e-01
9.526777201000463e-03	-3.290401e-01
9.536777201000463e-03	-3.290660e-01
9.546777201000462e-03	-3.290401e-01
9.556777201000462e-03	-3.290660e-01
9.566777201000463e-03	-3.290401e-01
9.576777201000463e-03	-3.290660e-01
9.586777201000462e-03	-3.290401e-01
9.596777201000462e-03	-3.290660e-01
9.606777201000463e-03	-3.290401e-01
9.616777201000463e-03	-3.290660e-01
9.626777201000462e-03	-3.290401e-01
9.636777201000462e-03	-3.290660e-01
9.646777201000462e-03	-3.290401e-01
9.656777201000463e-03	-3.290660e-01
9.666777201000462e-03	-3.290401e-01
9.676777201000462e-03	-3.290660e-01
9.686777201000462e-03	-3.290401e-01
9.696777201000463e-03	-3.290660e-01
9.706777201000463e-03	-3.290401e-01
9.716777201000462e-03	-3.290660e-01
9.726777201000462e-03	-3.290401e-01
9.736777201000463e-03	-3.290660e-01
9.746777201000463e-03	-3.290401e-01
9.756777201000462e-03	-3.290660e-01
9.766777201000462e-03	-3.290401e-01
9.776777201000463e-03	-3.290660e-01
9.786777201000463e-03	-3.290401e-01
9.796777201000462e-03	-3.290660e-01
9.806777201000462e-03	-3.290401e-01
9.816777201000462e-03	-3.290660e-01
9.826777201000463e-03	-3.290401e-01
9.836777201000462e-03	-3.290660e-01
9.846777201000462e-03	-3.290401e-01
9.856777201000462e-03	-3.290660e-01
9.866777201000463e-03	-3.290401e-01
9.876777201000463e-03	-3.290660e-01
9.886777201000462e-03	-3.290401e-01
9.896777201000462e-03	-3.290660e-01
9.906777201000463e-03	-3.290401e-01
9.916777201000463e-03	-3.290660e-01
9.926777201000462e-03	-3.290401e-01
9.936777201000462e-03	-3.290660e-01
9.946777201000463e-03	-3.290401e-01
9.956777201000463e-03	-3.290660e-01
9.966777201000462e-03	-3.290401e-01
9.976777201000462e-03	-3.290660e-01
9.986777201000462e-03	-3.290401e-01
9.996777201000463e-03	-3.290660e-01
1.000000000000000e-02	-3.290401e-01
1.000000000100000e-02	-3.290498e-01
1.000000000200000e-02	-3.290508e-01
1.000000000440036e-02	-3.290543e-01
1.000000000670974e-02	-3.290525e-01
1.000000001132851e-02	-3.290540e-01
1.000000002056606e-02	-3.290524e-01
1.000000003904114e-02	-3.290540e-01
1.000000007599130e-02	-3.290524e-01
1.000000014989163e-02	-3.290539e-01
1.000000029769228e-02	-3.290523e-01
1.000000059329359e-02	-3.290538e-01
1.000000118449621e-02	-3.290523e-01
1.000000236690145e-02	-3.290538e-01
1.000000473171193e-02	-3.290522e-01
1.000000946133289e-02	-3.290536e-01
1.000001768468402e-02	-3.290519e-01
1.000002962942897e-02	-3.290531e-01
1.000005351891888e-02	-3.290508e-01
1.000010129789868e-02	-3.290353e-01
1.000017105027691e-02	-3.290527e-01
1.000023626403225e-02	-3.290584e-01
1.000031614377578e-02	-3.290610e-01
1.000039209500841e-02	-3.290657e-01
1.000054399747366e-02	-3.290677e-01
1.000056482753760e-02	-3.290689e-01
1.000060648766549e-02	-3.290695e-01
1.000068980792126e-02	-3.290705e-01
1.000085644843280e-02	-3.290726e-01
1.000118972945588e-02	-3.290760e-01
1.000176798343029e-02	-3.290799e-01
1.000243495305696e-02	-3.290809e-01
1.000255254084788e-02	-3.290807e-01
1.000278771642972e-02	-3.290800e-01
1.000325806759341e-02	-3.290771e-01
1.000337565538433e-02	-3.290761e-01
1.000361083096617e-02	-3.290739e-01
1.000408118212986e-02	-3.290696e-01
1.000502188445724e-02	-3.290607e-01
1.000690328911199e-02	-3.290425e-01
1.001062905468319e-02	-3.290049e-01
1.001808058582558e-02	-3.289222e-01
1.002808058582558e-02	-3.287843e-01
1.003808058582558e-02	-3.285872e-01
1.004808058582558e-02	-3.282638e-01
1.005808058582558e-02	-3.275917e-01
1.006808058582558e-02	-3.248006e-01
1.007808058582558e-02	-3.145581e-01
1.008808058582558e-02	-3.041075e-01
1.009808058582558e-02	-2.929358e-01
1.010000000000000e-02	-2.908500e-01
1.010000000100000e-02	-2.908517e-01
1.010000001700000e-02	-2.908536e-01
1.010000004900000e-02	-2.908541e-01
1.010000011300000e-02	-2.908542e-01
1.010000024100000e-02	-2.908514e-01
1.010000049700000e-02	-2.908466e-01
1.010000100900000e-02	-2.908365e-01
1.010000203300000e-02	-2.908229e-01
1.010000408100000e-02	-2.908056e-01
1.010000817700000e-02	-2.907917e-01
1.010001636900000e-02	-2.907791e-01
1.010003275300001e-02	-2.907614e-01
1.010006552100002e-02	-2.907232e-01
1.010013105700003e-02	-2.906490e-01
1.010026212900006e-02	-2.904986e-01
1.010052427300013e-02	-2.901996e-01
1.010104856100025e-02	-2.895992e-01
1.010209713700050e-02	-2.883991e-01
1.010419428900100e-02	-2.859928e-01
1.010838859300201e-02	-2.811791e-01
1.011677720100402e-02	-2.716153e-01
1.012677720100402e-02	-2.604800e-01
1.013677720100402e-02	-2.497778e-01
1.014677720100401e-02	-2.398233e-01
1.015677720100402e-02	-2.308753e-01
1.016677720100402e-02	-2.220255e-01
1.017677720100402e-02	-2.089044e-01
1.018677720100401e-02	-1.865930e-01
1.019677720100402e-02	-1.701898e-01
1.020642687882405e-02	-1.674428e-01
1.021642687882405e-02	-1.769413e-01
1.022642687882405e-02	-1.937853e-01
1.023642687882405e-02	-2.128128e-01
1.024642687882405e-02	-2.309258e-01
1.025642687882405e-02	-2.520520e-01
1.026642687882405e-02	-2.755074e-01
1.027642687882405e-02	-3.010659e-01
1.028642687882405e-02	-3.280845e-01
1.029642687882405e-02	-3.563432e-01
1.030642687882405e-02	-3.851838e-01
1.031642687882405e-02	-4.143055e-01
1.032642687882405e-02	-4.428875e-01
1.033642687882405e-02	-4.702400e-01
1.034642687882405e-02	-4.946208e-01
1.035642687882405e-02	-5.121343e-01
1.036642687882405e-02	-5.051633e-01
1.037642687882405e-02	-4.897140e-01
1.038642687882405e-02	-4.737058e-01
1.039642687882405e-02	-4.561153e-01
1.040642687882405e-02	-4.298027e-01
1.041642687882405e-02	-3.537257e-01
1.042641836019209e-02	-2.754826e-01
1.043641836019209e-02	-2.052436e-01
1.044641836019209e-02	-1.202880e-01
1.045589700501564e-02	-4.507007e-02
1.046589700501564e-02	-3.634204e-03
1.047576027258791e-02	-1.050924e-05
1.048576027258791e-02	-1.438740e-05
1.049576027258791e-02	-8.902854e-06
1.050576027258791e-02	-1.070279e-05
1.051576027258791e-02	-7.509032e-06
1.052576027258791e-02	-8.013622e-06
1.053576027258791e-02	-6.281089e-06
1.054576027258791e-02	-5.281055e-06
1.055576027258791e-02	-5.215208e-06
1.056576027258791e-02	-3.884480e-06
1.057576027258791e-02	-4.427663e-06
1.058576027258791e-02	-3.185002e-06
1.059576027258791e-02	-3.787535e-06
1.060576027258791e-02	-2.587582e-06
1.061576027258791e-02	-3.237627e-06
1.062576027258791e-02	-2.113985e-06
1.063576027258791e-02	-2.861160e-06
1.064576027258791e-02	-1.802108e-06
1.065576027258791e-02	-2.595300e-06
1.066576027258791e-02	-1.561350e-06
1.067576027258791e-02	-2.376038e-06
1.068576027258791e-02	-1.358720e-06
1.069576027258791e-02	-2.187725e-06
1.070576027258791e-02	-1.188041e-06
1.071576027258791e-02	-2.023510e-06
1.072576027258791e-02	-1.049880e-06
1.073576027258791e-02	-1.871855e-06
1.074576027258791e-02	-9.502104e-07
1.075576027258791e-02	-1.722539e-06
1.076576027258791e-02	-8.895510e-07
1.077576027258791e-02	-1.571476e-06
1.078576027258791e-02	-8.686622e-07
1.079576027258791e-02	-1.407680e-06
1.080576027258791e-02	-9.014510e-07
1.081576027258791e-02	-1.207702e-06
1.082576027258791e-02	-1.007276e-06
1.083576027258791e-02	-9.645103e-07
1.084576027258791e-02	-1.159878e-06
1.085576027258791e-02	-7.481117e-07
1.086576027258791e-02	-1.260109e-06
1.087576027258791e-02	-6.427345e-07
1.088576027258791e-02	-1.286375e-06
1.089576027258791e-02	-5.996424e-07
1.090576027258791e-02	-1.307825e-06
1.091576027258791e-02	-5.720478e-07
1.092576027258791e-02	-1.337154e-06
1.093576027258791e-02	-5.548445e-07
1.094576027258791e-02	-1.366112e-06
1.095576027258791e-02	-5.311413e-07
1.096576027258791e-02	-1.380048e-06
1.097576027258791e-02	-5.031087e-07
1.098576027258791e-02	-1.394783e-06
1.099576027258791e-02	-4.831762e-07
1.100000000100000e-02	-1.424153e-06
1.100000000200000e-02	-1.457975e-06
1.100000001800000e-02	-1.246998e-06
1.100000005000000e-02	-1.469102e-06
1.100000011400000e-02	-1.383425e-06
1.100000024200000e-02	-1.505000e-06
1.100000049800000e-02	-1.224810e-06
1.100000101000000e-02	-1.059359e-06
1.100000203400000e-02	-7.508471e-07
1.100000408200000e-02	-8.643832e-07
1.100000817800000e-02	-7.628914e-07
1.100001637000000e-02	-8.498136e-07
1.100003275400001e-02	-7.473083e-07
1.100006552200002e-02	-8.898193e-07
1.100013105800003e-02	-8.323805e-07
1.100026213000006e-02	-9.840718e-07
1.100052427400013e-02	-8.911313e-07
1.100104856200025e-02	-9.978944e-07
1.100209713800050e-02	-8.903205e-07
1.100419429000100e-02	-9.986807e-07
1.100838859400201e-02	-8.913619e-07
1.101677720200402e-02	-1.001648e-06
1.102677720200402e-02	-8.967078e-07
1.103677720200402e-02	-1.008957e-06
1.104677720200402e-02	-9.053552e-07
1.105677720200402e-02	-1.018852e-06
1.106677720200402e-02	-9.161727e-07
1.107677720200402e-02	-1.030509e-06
1.108677720200402e-02	-9.285093e-07
1.109677720200402e-02	-1.043537e-06
1.110677720200402e-02	-9.420697e-07
1.111677720200402e-02	-1.057628e-06
1.112677720200402e-02	-9.565357e-07
1.113677720200402e-02	-1.072468e-06
1.114677720200402e-02	-9.716085e-07
1.115677720200402e-02	-1.087777e-06
1.116677720200402e-02	-9.870304e-07
1.117677720200402e-02	-1.103322e-06
1.118677720200402e-02	-1.002589e-06
1.119677720200402e-02	-1.118913e-06
1.120677720200402e-02	-1.018117e-06
1.121677720200402e-02	-1.134400e-06
1.122677720200402e-02	-1.033480e-06
1.123677720200402e-02	-1.149667e-06
1.124677720200402e-02	-1.048426e-06
1.125677720200402e-02	-1.161100e-06
1.126677720200402e-02	-1.052941e-06
1.127677720200402e-02	-1.159525e-06
1.128677720200402e-02	-1.047164e-06
1.129677720200402e-02	-1.151180e-06
1.130677720200402e-02	-1.037532e-06
1.131677720200402e-02	-1.141359e-06
1.132677720200402e-02	-1.028244e-06
1.133677720200402e-02	-1.133108e-06
1.134677720200402e-02	-1.021194e-06
1.135677720200402e-02	-1.127317e-06
1.136677720200402e-02	-1.017923e-06
1.137677720200402e-02	-1.128020e-06
1.138677720200402e-02	-1.021599e-06
1.139677720200402e-02	-1.132982e-06
1.140677720200402e-02	-1.026757e-06
1.141677720200402e-02	-1.137726e-06
1.142677720200402e-02	-1.030691e-06
1.143677720200402e-02	-1.140713e-06
1.144677720200402e-02	-1.032670e-06
1.145677720200402e-02	-1.141777e-06
1.146677720200402e-02	-1.032912e-06
1.147677720200402e-02	-1.141370e-06
1.148677720200402e-02	-1.031972e-06
1.149677720200402e-02	-1.140054e-06
1.150677720200402e-02	-1.030363e-06
1.151677720200402e-02	-1.138259e-06
1.152677720200402e-02	-1.028416e-06
1.153677720200402e-02	-1.136227e-06
1.154677720200402e-02	-1.026303e-06
1.155677720200402e-02	-1.134072e-06
1.156677720200402e-02	-1.024093e-06
1.157677720200402e-02	-1.131835e-06
1.158677720200402e-02	-1.021807e-06
1.159677720200402e-02	-1.129522e-06
1.160677720200402e-02	-1.019443e-06
1.161677720200402e-02	-1.127127e-06
1.162677720200402e-02	-1.016993e-06
1.163677720200402e-02	-1.124641e-06
1.164677720200402e-02	-1.014450e-06
1.165677720200402e-02	-1.122059e-06
1.166677720200402e-02	-1.011807e-06
1.167677720200402e-02	-1.119374e-06
1.168677720200402e-02	-1.009060e-06
1.169677720200402e-02	-1.116584e-06
1.170677720200402e-02	-1.006208e-06
1.171677720200402e-02	-1.113689e-06
1.172677720200402e-02	-1.003252e-06
1.173677720200402e-02	-1.110691e-06
1.174677720200402e-02	-1.000194e-06
1.175677720200402e-02	-1.107592e-06
1.176677720200402e-02	-9.970380e-07
1.177677720200402e-02	-1.104398e-06
1.178677720200402e-02	-9.937883e-07
1.179677720200402e-02	-1.101111e-06
1.180677720200402e-02	-9.904496e-07
1.181677720200402e-02	-1.097739e-06
1.182677720200402e-02	-9.870278e-07
1.183677720200402e-02	-1.094285e-06
1.184677720200402e-02	-9.835279e-07
1.185677720200402e-02	-1.090757e-06
1.186677720200402e-02	-9.799560e-07
1.187677720200402e-02	-1.087159e-06
1.188677720200402e-02	-9.763173e-07
1.189677720200402e-02	-1.083497e-06
1.190677720200402e-02	-9.726174e-07
1.191677720200402e-02	-1.079776e-06
1.192677720200402e-02	-9.688617e-07
1.193677720200402e-02	-1.076002e-06
1.194677720200402e-02	-9.650552e-07
1.195677720200402e-02	-1.650961e-06
1.196677720200402e-02	-2.413920e-06
1.197677720200402e-02	-1.902904e-06
1.198677720200402e-02	-2.326974e-06
1.199677720200402e-02	-2.020385e-06
1.200677720200402e-02	-2.243368e-06
1.201677720200402e-02	-2.078371e-06
1.202677720200402e-02	-2.194822e-06
1.203677720200402e-02	-2.099192e-06
1.204677720200402e-02	-2.138528e-06
1.205677720200402e-02	-2.105760e-06
1.206677720200402e-02	-2.087208e-06
1.207677720200402e-02	-2.098416e-06
1.208677720200402e-02	-2.042182e-06
1.209677720200402e-02	-2.083588e-06
1.210677720200402e-02	-2.002657e-06
1.211677720200402e-02	-2.064095e-06
1.212677720200402e-02	-1.967534e-06
1.213677720200402e-02	-2.042243e-06
1.214677720200402e-02	-1.936012e-06
1.215677720200402e-02	-2.019559e-06
1.216677720200402e-02	-1.907568e-06
1.217677720200402e-02	-1.997093e-06
1.218677720200402e-02	-7.805174e-06
1.219677720200402e-02	-4.802785e-06
1.220677720200402e-02	-5.733324e-06
1.221677720200402e-02	-4.561684e-06
1.222677720200402e-02	-4.845416e-06
1.223677720200402e-02	-4.493954e-06
1.224677720200402e-02	-4.475928e-06
1.225677720200402e-02	-4.468191e-06
1.226677720200402e-02	-4.327173e-06
1.227677720200402e-02	-4.446482e-06
1.228677720200402e-02	-4.270657e-06
1.229677720200402e-02	-4.427893e-06
1.230677720200402e-02	-4.249300e-06
1.231677720200402e-02	-4.412119e-06
1.232677720200402e-02	-4.241198e-06
1.233677720200402e-02	-4.398850e-06
1.234677720200402e-02	-4.237971e-06
1.235677720200402e-02	-4.387726e-06
1.236677720200402e-02	-4.236454e-06
1.237677720200402e-02	-4.378405e-06
1.238677720200402e-02	-4.235490e-06
1.239677720200402e-02	-4.370588e-06
1.240677720200402e-02	-4.234676e-06
1.241677720200402e-02	-4.364025e-06
1.242677720200402e-02	-4.233893e-06
1.243677720200402e-02	-4.358929e-06
1.244677720200402e-02	-4.233163e-06
1.245677720200402e-02	-4.354068e-06
1.246677720200402e-02	-4.232401e-06
1.247677720200402e-02	-4.350054e-06
1.248677720200402e-02	-4.231660e-06
1.249677720200402e-02	-4.346702e-06
1.250677720200402e-02	-4.230965e-06
1.251677720200402e-02	-4.343886e-06
1.252677720200402e-02	-4.230327e-06
1.253677720200402e-02	-4.341510e-06
1.254677720200402e-02	-4.229752e-06
1.255677720200402e-02	-4.339503e-06
1.256677720200402e-02	-4.229239e-06
1.257677720200402e-02	-4.337803e-06
1.258677720200402e-02	-4.228789e-06
1.259677720200402e-02	-4.336363e-06
1.260677720200402e-02	-4.228399e-06
1.261677720200402e-02	-4.335141e-06
1.262677720200402e-02	-4.228065e-06
1.263677720200402e-02	-4.334105e-06
1.264677720200402e-02	-4.227784e-06
1.265677720200402e-02	-4.333225e-06
1.266677720200402e-02	-4.227551e-06
1.267677720200402e-02	-4.332480e-06
1.268677720200402e-02	-4.227361e-06
1.269677720200402e-02	-4.331849e-06
1.270677720200402e-02	-4.227211e-06
1.271677720200402e-02	-4.331314e-06
1.272677720200402e-02	-4.227095e-06
1.273677720200402e-02	-4.330864e-06
1.274677720200402e-02	-4.227010e-06
1.275677720200402e-02	-4.330484e-06
1.276677720200402e-02	-4.226952e-06
1.277677720200402e-02	-4.330166e-06
1.278677720200402e-02	-4.226917e-06
1.279677720200402e-02	-4.329900e-06
1.280677720200402e-02	-4.226903e-06
1.281677720200402e-02	-4.329679e-06
1.282677720200402e-02	-4.226906e-06
1.283677720200402e-02	-4.329497e-06
1.284677720200402e-02	-4.226923e-06
1.285677720200402e-02	-4.329348e-06
1.286677720200402e-02	-4.226954e-06
1.287677720200402e-02	-4.329228e-06
1.288677720200402e-02	-4.226995e-06
1.289677720200402e-02	-4.329133e-06
1.290677720200402e-02	-4.227045e-06
1.291677720200402e-02	-4.329060e-06
1.292677720200402e-02	-4.227102e-06
1.293677720200402e-02	-4.329004e-06
1.294677720200402e-02	-4.227165e-06
1.295677720200402e-02	-4.328965e-06
1.296677720200402e-02	-4.227232e-06
1.297677720200402e-02	-4.328939e-06
1.298677720200402e-02	-4.227304e-06
1.299677720200402e-02	-4.328925e-06
1.300677720200402e-02	-4.227378e-06
1.301677720200402e-02	-4.328921e-06
1.302677720200402e-02	-4.227454e-06
1.303677720200402e-02	-4.328925e-06
1.304677720200402e-02	-4.227531e-06
1.305677720200402e-02	-4.328937e-06
1.306677720200402e-02	-4.227610e-06
1.307677720200402e-02	-4.328955e-06
1.308677720200402e-02	-4.227688e-06
1.309677720200402e-02	-4.328978e-06
1.310677720200402e-02	-4.227767e-06
1.311677720200402e-02	-4.329006e-06
1.312677720200402e-02	-4.227845e-06
1.313677720200402e-02	-4.329038e-06
1.314677720200402e-02	-4.227923e-06
1.315677720200402e-02	-4.329072e-06
1.316677720200402e-02	-4.227999e-06
1.317677720200402e-02	-4.329110e-06
1.318677720200402e-02	-4.228075e-06
1.319677720200402e-02	-4.329149e-06
1.320677720200402e-02	-4.228150e-06
1.321677720200402e-02	-4.329190e-06
1.322677720200402e-02	-4.228223e-06
1.323677720200402e-02	-4.329233e-06
1.324677720200402e-02	-4.228295e-06
1.325677720200402e-02	-4.329277e-06
1.326677720200402e-02	-4.228365e-06
1.327677720200402e-02	-4.329321e-06
1.328677720200402e-02	-4.228434e-06
1.329677720200402e-02	-4.329366e-06
1.330677720200402e-02	-4.228501e-06
1.331677720200402e-02	-4.329411e-06
1.332677720200402e-02	-4.228567e-06
1.333677720200402e-02	-4.329457e-06
1.334677720200402e-02	-4.228631e-06
1.335677720200402e-02	-4.329502e-06
1.336677720200402e-02	-4.228693e-06
1.337677720200402e-02	-4.329548e-06
1.338677720200402e-02	-4.228754e-06
1.339677720200402e-02	-4.329593e-06
1.340677720200402e-02	-4.228813e-06
1.341677720200402e-02	-4.329638e-06
1.342677720200402e-02	-4.228871e-06
1.343677720200402e-02	-4.329682e-06
1.344677720200402e-02	-4.228927e-06
1.345677720200402e-02	-4.329726e-06
1.346677720200402e-02	-4.228982e-06
1.347677720200402e-02	-4.329770e-06
1.348677720200402e-02	-4.229035e-06
1.349677720200402e-02	-4.329812e-06
1.350677720200402e-02	-4.229086e-06
1.351677720200402e-02	-4.329855e-06
1.352677720200402e-02	-4.229137e-06
1.353677720200402e-02	-4.329896e-06
1.354677720200402e-02	-4.229185e-06
1.355677720200401e-02	-4.329937e-06
1.356677720200402e-02	-4.229233e-06
1.357677720200402e-02	-4.329978e-06
1.358677720200402e-02	-4.229279e-06
1.359677720200402e-02	-4.330017e-06
1.360677720200402e-02	-4.229324e-06
1.361677720200402e-02	-4.330056e-06
1.362677720200402e-02	-4.229367e-06
1.363677720200402e-02	-4.330094e-06
1.364677720200402e-02	-4.229410e-06
1.365677720200402e-02	-4.330132e-06
1.366677720200402e-02	-4.229451e-06
1.367677720200402e-02	-4.330168e-06
1.368677720200402e-02	-4.229491e-06
1.369677720200402e-02	-4.330204e-06
1.370677720200402e-02	-4.229530e-06
1.371677720200402e-02	-4.330239e-06
1.372677720200401e-02	-4.229567e-06
1.373677720200402e-02	-4.330274e-06
1.374677720200402e-02	-4.229604e-06
1.375677720200402e-02	-4.330308e-06
1.376677720200402e-02	-4.229640e-06
1.377677720200402e-02	-4.330341e-06
1.378677720200402e-02	-4.229674e-06
1.379677720200402e-02	-4.330373e-06
1.380677720200402e-02	-4.229708e-06
1.381677720200402e-02	-4.330404e-06
1.382677720200402e-02	-4.229741e-06
1.383677720200402e-02	-4.330435e-06
1.384677720200402e-02	-4.229772e-06
1.385677720200402e-02	-4.330465e-06
1.386677720200402e-02	-4.229803e-06
1.387677720200402e-02	-4.330495e-06
1.388677720200402e-02	-4.229833e-06
1.389677720200401e-02	-4.330524e-06
1.390677720200402e-02	-4.229862e-06
1.391677720200402e-02	-4.330552e-06
1.392677720200402e-02	-4.229891e-06
1.393677720200402e-02	-4.330579e-06
1.394677720200402e-02	-4.229918e-06
1.395677720200402e-02	-4.330606e-06
1.396677720200402e-02	-4.229945e-06
1.397677720200402e-02	-4.330632e-06
1.398677720200402e-02	-4.229971e-06
1.399677720200402e-02	-4.330658e-06
1.400677720200402e-02	-4.229996e-06
1.401677720200402e-02	-4.330683e-06
1.402677720200402e-02	-4.230021e-06
1.403677720200402e-02	-4.330707e-06
1.404677720200402e-02	-4.230045e-06
1.405677720200402e-02	-4.330731e-06
1.406677720200402e-02	-4.230068e-06
1.407677720200402e-02	-4.330755e-06
1.408677720200402e-02	-4.230091e-06
1.409677720200402e-02	-4.330777e-06
1.410677720200402e-02	-4.230113e-06
1.411677720200402e-02	-4.330800e-06
1.412677720200402e-02	-4.230134e-06
1.413677720200402e-02	-4.330821e-06
1.414677720200402e-02	-4.230155e-06
1.415677720200402e-02	-4.330842e-06
1.416677720200402e-02	-4.230175e-06
1.417677720200402e-02	-4.330863e-06
1.418677720200402e-02	-4.230194e-06
1.419677720200401e-02	-4.330883e-06
1.420677720200402e-02	-4.230214e-06
1.421677720200402e-02	-4.330903e-06
1.422677720200402e-02	-4.230232e-06
1.423677720200402e-02	-4.330922e-06
1.424677720200402e-02	-4.230250e-06
1.425677720200402e-02	-4.330941e-06
1.426677720200402e-02	-4.230267e-06
1.427677720200402e-02	-4.330959e-06
1.428677720200402e-02	-4.230285e-06
1.429677720200402e-02	-4.330977e-06
1.430677720200402e-02	-4.230301e-06
1.431677720200402e-02	-4.330995e-06
1.432677720200402e-02	-4.230317e-06
1.433677720200402e-02	-4.331012e-06
1.434677720200402e-02	-4.230332e-06
1.435677720200402e-02	-4.331028e-06
1.436677720200401e-02	-4.230348e-06
1.437677720200402e-02	-4.331045e-06
1.438677720200402e-02	-4.230362e-06
1.439677720200402e-02	-4.331061e-06
1.440677720200402e-02	-4.230376e-06
1.441677720200402e-02	-4.331076e-06
1.442677720200402e-02	-4.230390e-06
1.443677720200402e-02	-4.331092e-06
1.444677720200402e-02	-4.230404e-06
1.445677720200402e-02	-4.331106e-06
1.446677720200402e-02	-4.230417e-06
1.447677720200402e-02	-4.331121e-06
1.448677720200402e-02	-4.230430e-06
1.449677720200402e-02	-4.331135e-06
1.450677720200402e-02	-4.230442e-06
1.451677720200402e-02	-4.331148e-06
1.452677720200402e-02	-4.230454e-06
1.453677720200401e-02	-4.331162e-06
1.454677720200402e-02	-4.230466e-06
1.455677720200402e-02	-4.331175e-06
1.456677720200402e-02	-4.230477e-06
1.457677720200402e-02	-4.331188e-06
1.458677720200402e-02	-4.230488e-06
1.459677720200402e-02	-4.331201e-06
1.460677720200402e-02	-4.230499e-06
1.461677720200402e-02	-4.331213e-06
1.462677720200402e-02	-4.230509e-06
1.463677720200402e-02	-4.331225e-06
1.464677720200402e-02	-4.230519e-06
1.465677720200402e-02	-4.331237e-06
1.466677720200402e-02	-4.230529e-06
1.467677720200402e-02	-4.331248e-06
1.468677720200402e-02	-4.230538e-06
1.469677720200402e-02	-4.331259e-06
1.470677720200401e-02	-4.230548e-06
1.471677720200402e-02	-4.331270e-06
1.472677720200402e-02	-4.230556e-06
1.473677720200402e-02	-4.331281e-06
1.474677720200402e-02	-4.230565e-06
1.475677720200402e-02	-4.331291e-06
1.476677720200402e-02	-4.230574e-06
1.477677720200402e-02	-4.331301e-06
1.478677720200402e-02	-4.230582e-06
1.479677720200402e-02	-4.331311e-06
1.480677720200402e-02	-4.230590e-06
1.481677720200402e-02	-4.331321e-06
1.482677720200402e-02	-4.230597e-06
1.483677720200401e-02	-4.331331e-06
1.484677720200402e-02	-4.230605e-06
1.485677720200402e-02	-4.331340e-06
1.486677720200402e-02	-4.230612e-06
1.487677720200401e-02	-4.331349e-06
1.488677720200402e-02	-4.230619e-06
1.489677720200402e-02	-4.331358e-06
1.490677720200402e-02	-4.230626e-06
1.491677720200402e-02	-4.331367e-06
1.492677720200402e-02	-4.230632e-06
1.493677720200402e-02	-4.331375e-06
1.494677720200402e-02	-4.230638e-06
1.495677720200402e-02	-4.331383e-06
1.496677720200402e-02	-4.230645e-06
1.497677720200402e-02	-4.331392e-06
1.498677720200402e-02	-4.230651e-06
1.499677720200402e-02	-4.331400e-06
1.500677720200401e-02	-4.230656e-06
1.501677720200402e-02	-4.331408e-06
1.502677720200402e-02	-4.230662e-06
1.503677720200402e-02	-4.331415e-06
1.504677720200401e-02	-4.230667e-06
1.505677720200402e-02	-4.331423e-06
1.506677720200402e-02	-4.230672e-06
1.507677720200402e-02	-4.331430e-06
1.508677720200402e-02	-4.230677e-06
1.509677720200402e-02	-4.331437e-06
1.510677720200402e-02	-4.230682e-06
1.511677720200402e-02	-4.331444e-06
1.512677720200402e-02	-4.230687e-06
1.513677720200402e-02	-4.331451e-06
1.514677720200402e-02	-4.230692e-06
1.515677720200402e-02	-4.331458e-06
1.516677720200402e-02	-4.230696e-06
1.517677720200401e-02	-4.331464e-06
1.518677720200402e-02	-4.230701e-06
1.519677720200402e-02	-4.331471e-06
1.520677720200402e-02	-4.230705e-06
1.521677720200401e-02	-4.331477e-06
1.522677720200402e-02	-4.230708e-06
1.523677720200402e-02	-4.331484e-06
1.524677720200402e-02	-4.230712e-06
1.525677720200402e-02	-4.331489e-06
1.526677720200402e-02	-4.230716e-06
1.527677720200402e-02	-4.331495e-06
1.528677720200402e-02	-4.230720e-06
1.529677720200402e-02	-4.331501e-06
1.530677720200402e-02	-4.230723e-06
1.531677720200402e-02	-4.331507e-06
1.532677720200402e-02	-4.230726e-06
1.533677720200402e-02	-4.331513e-06
1.534677720200401e-02	-4.230729e-06
1.535677720200402e-02	-4.331519e-06
1.536677720200402e-02	-4.230732e-06
1.537677720200402e-02	-4.331524e-06
1.538677720200401e-02	-4.230736e-06
1.539677720200402e-02	-4.331529e-06
1.540677720200402e-02	-4.230738e-06
1.541677720200402e-02	-4.331534e-06
1.542677720200402e-02	-4.230741e-06
1.543677720200402e-02	-4.331539e-06
1.544677720200402e-02	-4.230743e-06
1.545677720200402e-02	-4.331544e-06
1.546677720200402e-02	-4.230746e-06
1.547677720200401e-02	-4.331549e-06
1.548677720200402e-02	-4.230748e-06
1.549677720200402e-02	-4.331554e-06
1.550677720200402e-02	-4.230751e-06
1.551677720200401e-02	-4.331559e-06
1.552677720200402e-02	-4.230753e-06
1.553677720200402e-02	-4.331564e-06
1.554677720200402e-02	-4.230755e-06
1.555677720200402e-02	-4.331568e-06
1.556677720200402e-02	-4.230757e-06
1.557677720200402e-02	-4.331573e-06
1.558677720200402e-02	-4.230759e-06
1.559677720200402e-02	-4.331577e-06
1.560677720200402e-02	-4.230761e-06
1.561677720200402e-02	-4.331582e-06
1.562677720200402e-02	-4.230762e-06
1.563677720200402e-02	-4.331586e-06
1.564677720200401e-02	-4.230764e-06
1.565677720200401e-02	-4.331590e-06
1.566677720200401e-02	-4.230766e-06
1.567677720200402e-02	-4.331594e-06
1.568677720200402e-02	-4.230767e-06
1.569677720200402e-02	-4.331598e-06
1.570677720200402e-02	-4.230769e-06
1.571677720200402e-02	-4.331602e-06
1.572677720200402e-02	-4.230770e-06
1.573677720200401e-02	-4.331606e-06
1.574677720200401e-02	-4.230772e-06
1.575677720200402e-02	-4.331610e-06
1.576677720200402e-02	-4.230772e-06
1.577677720200402e-02	-4.331614e-06
1.578677720200402e-02	-4.230774e-06
1.579677720200402e-02	-4.331618e-06
1.580677720200402e-02	-4.230775e-06
1.581677720200401e-02	-4.331621e-06
1.582677720200401e-02	-4.230776e-06
1.583677720200401e-02	-4.331625e-06
1.584677720200402e-02	-4.230777e-06
1.585677720200402e-02	-4.331629e-06
1.586677720200402e-02	-4.230777e-06
1.587677720200402e-02	-4.331632e-06
1.588677720200402e-02	-4.230778e-06
1.589677720200402e-02	-4.331636e-06
1.590677720200401e-02	-4.230779e-06
1.591677720200401e-02	-4.331639e-06
1.592677720200402e-02	-4.230780e-06
1.593677720200402e-02	-4.331643e-06
1.594677720200402e-02	-4.230780e-06
1.595677720200402e-02	-4.331646e-06
1.596677720200402e-02	-4.230781e-06
1.597677720200402e-02	-4.331649e-06
1.598677720200401e-02	-4.230782e-06
1.599677720200401e-02	-4.331653e-06
1.600677720200401e-02	-4.230782e-06
1.601677720200402e-02	-4.331656e-06
1.602677720200402e-02	-4.230782e-06
1.603677720200402e-02	-4.331659e-06
1.604677720200402e-02	-4.230782e-06
1.605677720200402e-02	-4.331662e-06
1.606677720200402e-02	-4.230783e-06
1.607677720200401e-02	-4.331665e-06
1.608677720200401e-02	-4.230783e-06
1.609677720200402e-02	-4.331668e-06
1.610677720200402e-02	-4.230783e-06
1.611677720200402e-02	-4.331671e-06
1.612677720200402e-02	-4.230783e-06
1.613677720200402e-02	-4.331674e-06
1.614677720200402e-02	-4.230784e-06
1.615677720200401e-02	-4.331677e-06
1.616677720200401e-02	-4.230784e-06
1.617677720200401e-02	-4.331680e-06
1.618677720200402e-02	-4.230784e-06
1.619677720200402e-02	-4.331683e-06
1.620677720200402e-02	-4.230784e-06
1.621677720200402e-02	-4.331686e-06
1.622677720200402e-02	-4.230784e-06
1.623677720200402e-02	-4.331689e-06
1.624677720200401e-02	-4.230784e-06
1.625677720200401e-02	-4.331691e-06
1.626677720200402e-02	-4.230783e-06
1.627677720200402e-02	-4.331694e-06
1.628677720200402e-02	-4.230783e-06
1.629677720200402e-02	-4.331697e-06
1.630677720200402e-02	-4.230783e-06
1.631677720200402e-02	-4.331700e-06
1.632677720200401e-02	-4.230783e-06
1.633677720200401e-02	-4.331702e-06
1.634677720200401e-02	-4.230782e-06
1.635677720200402e-02	-4.331705e-06
1.636677720200402e-02	-4.230782e-06
1.637677720200402e-02	-4.331707e-06
1.638677720200402e-02	-4.230782e-06
1.639677720200402e-02	-4.331710e-06
1.640677720200402e-02	-4.230782e-06
1.641677720200401e-02	-4.331712e-06
1.642677720200401e-02	-4.230781e-06
1.643677720200401e-02	-4.331715e-06
1.644677720200402e-02	-4.230781e-06
1.645677720200402e-02	-4.331717e-06
1.646677720200402e-02	-4.230780e-06
1.647677720200402e-02	-4.331720e-06
1.648677720200402e-02	-4.230780e-06
1.649677720200401e-02	-4.331722e-06
1.650677720200401e-02	-4.230779e-06
1.651677720200401e-02	-4.331725e-06
1.652677720200402e-02	-4.230779e-06
1.653677720200402e-02	-4.331727e-06
1.654677720200402e-02	-4.230778e-06
1.655677720200402e-02	-4.331730e-06
1.656677720200402e-02	-4.230777e-06
1.657677720200402e-02	-4.331732e-06
1.658677720200401e-02	-4.230777e-06
1.659677720200401e-02	-4.331735e-06
1.660677720200401e-02	-4.230776e-06
1.661677720200402e-02	-4.331737e-06
1.662677720200402e-02	-4.230776e-06
1.663677720200402e-02	-4.331739e-06
1.664677720200402e-02	-4.230775e-06
1.665677720200402e-02	-4.331741e-06
1.666677720200401e-02	-4.230774e-06
1.667677720200401e-02	-4.331744e-06
1.668677720200401e-02	-4.230773e-06
1.669677720200402e-02	-4.331746e-06
1.670677720200402e-02	-4.230772e-06
1.671677720200402e-02	-4.331748e-06
1.672677720200402e-02	-4.230772e-06
1.673677720200402e-02	-4.331750e-06
1.674677720200402e-02	-4.230771e-06
1.675677720200401e-02	-4.331753e-06
1.676677720200401e-02	-4.230770e-06
1.677677720200401e-02	-4.331755e-06
1.678677720200402e-02	-4.230769e-06
1.679677720200402e-02	-4.331757e-06
1.680677720200402e-02	-4.230768e-06
1.681677720200402e-02	-4.331759e-06
1.682677720200402e-02	-4.230767e-06
1.683677720200401e-02	-4.331761e-06
1.684677720200401e-02	-4.230767e-06
1.685677720200401e-02	-4.331764e-06
1.686677720200402e-02	-4.230766e-06
1.687677720200402e-02	-4.331765e-06
1.688677720200402e-02	-4.230765e-06
1.689677720200402e-02	-4.331768e-06
1.690677720200402e-02	-4.230763e-06
1.691677720200402e-02	-4.331770e-06
1.692677720200401e-02	-4.230762e-06
1.693677720200401e-02	-4.331772e-06
1.694677720200401e-02	-4.230762e-06
1.695677720200402e-02	-4.331774e-06
1.696677720200402e-02	-4.230761e-06
1.697677720200402e-02	-4.331776e-06
1.698677720200402e-02	-4.230759e-06
1.699677720200402e-02	-4.331778e-06
1.700677720200401e-02	-4.230758e-06
1.701677720200401e-02	-4.331780e-06
1.702677720200401e-02	-4.230757e-06
1.703677720200402e-02	-4.331782e-06
1.704677720200402e-02	-4.230756e-06
1.705677720200402e-02	-4.331785e-06
1.706677720200402e-02	-4.230755e-06
1.707677720200402e-02	-4.331786e-06
1.708677720200402e-02	-4.230754e-06
1.709677720200401e-02	-4.331789e-06
1.710677720200401e-02	-4.230753e-06
1.711677720200401e-02	-4.331790e-06
1.712677720200402e-02	-4.230752e-06
1.713677720200402e-02	-4.331792e-06
1.714677720200402e-02	-4.230751e-06
1.715677720200402e-02	-4.331795e-06
1.716677720200402e-02	-4.230749e-06
1.717677720200401e-02	-4.331796e-06
1.718677720200401e-02	-4.230748e-06
1.719677720200401e-02	-4.331798e-06
1.720677720200402e-02	-4.230747e-06
1.721677720200402e-02	-4.331800e-06
1.722677720200402e-02	-4.230746e-06
1.723677720200402e-02	-4.331802e-06
1.724677720200402e-02	-4.230744e-06
1.725677720200402e-02	-4.331804e-06
1.726677720200401e-02	-4.230743e-06
1.727677720200401e-02	-4.331806e-06
1.728677720200401e-02	-4.230742e-06
1.729677720200402e-02	-4.331808e-06
1.730677720200402e-02	-4.230741e-06
1.731677720200402e-02	-4.331810e-06
1.732677720200402e-02	-4.230739e-06
1.733677720200402e-02	-4.331812e-06
1.734677720200401e-02	-4.230738e-06
1.735677720200401e-02	-4.331814e-06
1.736677720200401e-02	-4.230737e-06
1.737677720200402e-02	-4.331816e-06
1.738677720200402e-02	-4.230736e-06
1.739677720200402e-02	-4.331818e-06
1.740677720200402e-02	-4.230734e-06
1.741677720200402e-02	-4.331820e-06
1.742677720200402e-02	-4.230733e-06
1.743677720200401e-02	-4.331821e-06
1.744677720200401e-02	-4.230732e-06
1.745677720200401e-02	-4.331824e-06
1.746677720200402e-02	-4.230730e-06
1.747677720200402e-02	-4.331825e-06
1.748677720200402e-02	-4.230729e-06
1.749677720200402e-02	-4.331827e-06
1.750677720200402e-02	-4.230727e-06
1.751677720200401e-02	-4.331829e-06
1.752677720200401e-02	-4.230726e-06
1.753677720200401e-02	-4.331831e-06
1.754677720200402e-02	-4.230725e-06
1.755677720200402e-02	-4.331833e-06
1.756677720200402e-02	-4.230723e-06
1.757677720200402e-02	-4.331835e-06
1.758677720200402e-02	-4.230722e-06
1.759677720200402e-02	-4.331836e-06
1.760677720200401e-02	-4.230721e-06
1.761677720200401e-02	-4.331839e-06
1.762677720200401e-02	-4.230719e-06
1.763677720200402e-02	-4.331841e-06
1.764677720200402e-02	-4.230718e-06
1.765677720200402e-02	-4.331842e-06
1.766677720200402e-02	-4.230717e-06
1.767677720200402e-02	-4.331844e-06
1.768677720200401e-02	-4.230715e-06
1.769677720200401e-02	-4.331846e-06
1.770677720200401e-02	-4.230713e-06
1.771677720200401e-02	-4.331848e-06
1.772677720200402e-02	-4.230712e-06
1.773677720200402e-02	-4.331850e-06
1.774677720200402e-02	-4.230711e-06
1.775677720200402e-02	-4.331851e-06
1.776677720200402e-02	-4.230709e-06
1.777677720200401e-02	-4.331853e-06
1.778677720200401e-02	-4.230707e-06
1.779677720200401e-02	-4.331855e-06
1.780677720200402e-02	-4.230706e-06
1.781677720200402e-02	-4.331857e-06
1.782677720200402e-02	-4.230705e-06
1.783677720200402e-02	-4.331859e-06
1.784677720200402e-02	-4.230703e-06
1.785677720200401e-02	-4.331861e-06
1.786677720200401e-02	-4.230702e-06
1.787677720200401e-02	-4.331862e-06
1.788677720200401e-02	-4.230700e-06
1.789677720200402e-02	-4.331864e-06
1.790677720200402e-02	-4.230699e-06
1.791677720200402e-02	-4.331866e-06
1.792677720200402e-02	-4.230697e-06
1.793677720200402e-02	-4.331868e-06
1.794677720200401e-02	-4.230696e-06
1.795677720200401e-02	-4.331870e-06
1.796677720200401e-02	-4.230694e-06
1.797677720200402e-02	-4.331871e-06
1.798677720200402e-02	-4.230693e-06
1.799677720200402e-02	-4.331873e-06
1.800677720200402e-02	-4.230691e-06
1.801677720200402e-02	-4.331875e-06
1.802677720200401e-02	-4.230690e-06
1.803677720200401e-02	-4.331877e-06
1.804677720200401e-02	-4.230688e-06
1.805677720200401e-02	-4.331878e-06
1.806677720200402e-02	-4.230686e-06
1.807677720200402e-02	-4.331880e-06
1.808677720200402e-02	-4.230685e-06
1.809677720200402e-02	-4.331882e-06
1.810677720200402e-02	-4.230683e-06
1.811677720200401e-02	-4.331884e-06
1.812677720200401e-02	-4.230682e-06
1.813677720200401e-02	-4.331886e-06
1.814677720200402e-02	-4.230680e-06
1.815677720200402e-02	-4.331887e-06
1.816677720200402e-02	-4.230679e-06
1.817677720200402e-02	-4.331889e-06
1.818677720200402e-02	-4.230677e-06
1.819677720200401e-02	-4.331891e-06
1.820677720200401e-02	-4.230676e-06
1.821677720200401e-02	-4.331893e-06
1.822677720200401e-02	-4.230674e-06
1.823677720200402e-02	-4.331895e-06
1.824677720200402e-02	-4.230672e-06
1.825677720200402e-02	-4.331896e-06
1.826677720200402e-02	-4.230671e-06
1.827677720200402e-02	-4.331898e-06
1.828677720200401e-02	-4.230669e-06
1.829677720200401e-02	-4.331900e-06
1.830677720200401e-02	-4.230668e-06
1.831677720200402e-02	-4.331901e-06
1.832677720200402e-02	-4.230666e-06
1.833677720200402e-02	-4.331903e-06
1.834677720200402e-02	-4.230665e-06
1.835677720200402e-02	-4.331905e-06
1.836677720200402e-02	-4.230663e-06
1.837677720200401e-02	-4.331907e-06
1.838677720200401e-02	-4.230661e-06
1.839677720200401e-02	-4.331909e-06
1.840677720200402e-02	-4.230660e-06
1.841677720200402e-02	-4.331911e-06
1.842677720200402e-02	-4.230658e-06
1.843677720200402e-02	-4.331912e-06
1.844677720200402e-02	-4.230656e-06
1.845677720200401e-02	-4.331914e-06
1.846677720200401e-02	-4.230655e-06
1.847677720200401e-02	-4.331916e-06
1.848677720200402e-02	-4.230653e-06
1.849677720200402e-02	-4.331917e-06
1.850677720200402e-02	-4.230652e-06
1.851677720200402e-02	-4.331919e-06
1.852677720200402e-02	-4.230650e-06
1.853677720200402e-02	-4.331921e-06
1.854677720200401e-02	-4.230648e-06
1.855677720200401e-02	-4.331923e-06
1.856677720200401e-02	-4.230647e-06
1.857677720200402e-02	-4.331924e-06
1.858677720200402e-02	-4.230645e-06
1.859677720200402e-02	-4.331926e-06
1.860677720200402e-02	-4.230644e-06
1.861677720200402e-02	-4.331928e-06
1.862677720200401e-02	-4.230642e-06
1.863677720200401e-02	-4.331930e-06
1.864677720200401e-02	-4.230641e-06
1.865677720200402e-02	-4.331931e-06
1.866677720200402e-02	-4.230639e-06
1.867677720200402e-02	-4.331933e-06
1.868677720200402e-02	-4.230637e-06
1.869677720200402e-02	-4.331935e-06
1.870677720200402e-02	-4.230636e-06
1.871677720200401e-02	-4.331936e-06
1.872677720200401e-02	-4.230634e-06
1.873677720200401e-02	-4.331938e-06
1.874677720200402e-02	-4.230632e-06
1.875677720200402e-02	-4.331940e-06
1.876677720200402e-02	-4.230631e-06
1.877677720200402e-02	-4.331942e-06
1.878677720200402e-02	-4.230629e-06
1.879677720200401e-02	-4.331944e-06
1.880677720200401e-02	-4.230627e-06
1.881677720200401e-02	-4.331946e-06
1.882677720200402e-02	-4.230626e-06
1.883677720200402e-02	-4.331947e-06
1.884677720200402e-02	-4.230624e-06
1.885677720200402e-02	-4.331949e-06
1.886677720200402e-02	-4.230622e-06
1.887677720200402e-02	-4.331951e-06
1.888677720200401e-02	-4.230621e-06
1.889677720200401e-02	-4.331952e-06
1.890677720200401e-02	-4.230619e-06
1.891677720200402e-02	-4.331954e-06
1.892677720200402e-02	-4.230617e-06
1.893677720200402e-02	-4.331956e-06
1.894677720200402e-02	-4.230616e-06
1.895677720200402e-02	-4.331957e-06
1.896677720200401e-02	-4.230614e-06
1.897677720200401e-02	-4.331959e-06
1.898677720200401e-02	-4.230612e-06
1.899677720200401e-02	-4.331961e-06
1.900677720200402e-02	-4.230611e-06
1.901677720200402e-02	-4.331963e-06
1.902677720200402e-02	-4.230609e-06
1.903677720200402e-02	-4.331965e-06
1.904677720200402e-02	-4.230607e-06
1.905677720200401e-02	-4.331966e-06
1.906677720200401e-02	-4.230606e-06
1.907677720200401e-02	-4.331968e-06
1.908677720200402e-02	-4.230604e-06
1.909677720200402e-02	-4.331970e-06
1.910677720200402e-02	-4.230602e-06
1.911677720200402e-02	-4.331971e-06
1.912677720200402e-02	-4.230601e-06
1.913677720200401e-02	-4.331973e-06
1.914677720200401e-02	-4.230599e-06
1.915677720200401e-02	-4.331975e-06
1.916677720200401e-02	-4.230597e-06
1.917677720200402e-02	-4.331976e-06
1.918677720200402e-02	-4.230596e-06
1.919677720200402e-02	-4.331978e-06
1.920677720200402e-02	-4.230594e-06
1.921677720200402e-02	-4.331980e-06
1.922677720200401e-02	-4.230592e-06
1.923677720200401e-02	-4.331982e-06
1.924677720200401e-02	-4.230591e-06
1.925677720200402e-02	-4.331983e-06
1.926677720200402e-02	-4.230589e-06
1.927677720200402e-02	-4.331985e-06
1.928677720200402e-02	-4.230587e-06
1.929677720200402e-02	-4.331987e-06
1.930677720200401e-02	-4.230586e-06
1.931677720200401e-02	-4.331989e-06
1.932677720200401e-02	-4.230584e-06
1.933677720200401e-02	-4.331991e-06
1.934677720200402e-02	-4.230582e-06
1.935677720200402e-02	-4.331992e-06
1.936677720200402e-02	-4.230581e-06
1.937677720200402e-02	-4.331994e-06
1.938677720200402e-02	-4.230579e-06
1.939677720200401e-02	-4.331996e-06
1.940677720200401e-02	-4.230577e-06
1.941677720200401e-02	-4.331997e-06
1.942677720200402e-02	-4.230576e-06
1.943677720200402e-02	-4.331999e-06
1.944677720200402e-02	-4.230574e-06
1.945677720200402e-02	-4.332001e-06
1.946677720200402e-02	-4.230572e-06
1.947677720200401e-02	-4.332002e-06
1.948677720200401e-02	-4.230571e-06
1.949677720200401e-02	-4.332004e-06
1.950677720200401e-02	-4.230569e-06
1.951677720200402e-02	-4.332006e-06
1.952677720200402e-02	-4.230567e-06
1.953677720200402e-02	-4.332008e-06
1.954677720200402e-02	-4.230566e-06
1.955677720200402e-02	-4.332009e-06
1.956677720200401e-02	-4.230564e-06
1.957677720200401e-02	-4.332011e-06
1.958677720200401e-02	-4.230562e-06
1.959677720200402e-02	-4.332013e-06
1.960677720200402e-02	-4.230561e-06
1.961677720200402e-02	-4.332015e-06
1.962677720200402e-02	-4.230559e-06
1.963677720200402e-02	-4.332016e-06
1.964677720200401e-02	-4.230557e-06
1.965677720200401e-02	-4.332018e-06
1.966677720200401e-02	-4.230556e-06
1.967677720200401e-02	-4.332020e-06
1.968677720200402e-02	-4.230554e-06
1.969677720200402e-02	-4.332021e-06
1.970677720200402e-02	-4.230552e-06
1.971677720200402e-02	-4.332023e-06
1.972677720200402e-02	-4.230550e-06
1.973677720200401e-02	-4.332025e-06
1.974677720200401e-02	-4.230549e-06
1.975677720200401e-02	-4.332026e-06
1.976677720200402e-02	-4.230547e-06
1.977677720200402e-02	-4.332028e-06
1.978677720200402e-02	-4.230545e-06
1.979677720200402e-02	-4.332030e-06
1.980677720200402e-02	-4.230544e-06
1.981677720200401e-02	-4.332031e-06
1.982677720200401e-02	-4.230542e-06
1.983677720200401e-02	-4.332033e-06
1.984677720200401e-02	-4.230540e-06
1.985677720200402e-02	-4.332035e-06
1.986677720200402e-02	-4.230538e-06
1.987677720200402e-02	-4.332037e-06
1.988677720200402e-02	-4.230537e-06
1.989677720200402e-02	-4.332039e-06
1.990677720200401e-02	-4.230535e-06
1.991677720200401e-02	-4.332040e-06
1.992677720200401e-02	-4.230533e-06
1.993677720200402e-02	-4.332042e-06
1.994677720200402e-02	-4.230531e-06
1.995677720200402e-02	-4.332044e-06
1.996677720200402e-02	-4.230530e-06
1.997677720200402e-02	-4.332046e-06
1.998677720200401e-02	-4.230528e-06
1.999677720200401e-02	-4.332047e-06
2.000000000000000e-02	-4.230525e-06
