time	I(Vcell25)
0.000000000000000e+00	-2.656571e-07
9.999999439624929e-11	-2.653660e-07
1.999999887924986e-10	-2.650823e-07
3.999999775849972e-10	-2.645088e-07
7.999999551699943e-10	-2.633547e-07
1.599999910339989e-09	-2.610835e-07
3.199999820679977e-09	-2.566380e-07
6.399999641359955e-09	-2.479412e-07
1.279999928271991e-08	-2.310570e-07
2.559999856543982e-08	-1.989092e-07
5.119999713087964e-08	-1.102362e-07
9.252070775647470e-08	2.455264e-06
1.510105614849590e-07	-3.255775e-07
2.057097563394625e-07	-6.491300e-07
2.711918199481543e-07	-1.085675e-06
3.308260921975742e-07	-1.310080e-06
4.437653210593508e-07	-1.460054e-06
4.641529771383221e-07	-1.454257e-06
5.049282892962648e-07	-1.450130e-06
5.864789136121502e-07	-1.447858e-06
7.495801622439208e-07	-1.445771e-06
1.075782659507462e-06	-1.450161e-06
1.633817302632812e-06	-1.452873e-06
2.330362374581690e-06	-1.454807e-06
3.315593155943878e-06	-1.456145e-06
4.937628055957390e-06	-1.463607e-06
8.181697855984414e-06	-1.502565e-06
1.466983745603846e-05	-1.435841e-06
2.466983745603846e-05	-9.947686e-07
3.466983745603846e-05	-6.738061e-07
4.466983745603846e-05	-5.384771e-07
5.466983745603846e-05	-5.693090e-07
6.466983745603846e-05	-6.745989e-07
7.466983745603846e-05	-7.905194e-07
8.466983745603846e-05	-9.033091e-07
9.466983745603846e-05	-1.006923e-06
1.000000009999994e-04	-1.070097e-06
1.000000019999994e-04	-1.069095e-06
1.000000179999994e-04	-1.068486e-06
1.000000499999994e-04	-1.068923e-06
1.000001139999994e-04	-1.068375e-06
1.000002419999994e-04	-1.068771e-06
1.000004979999994e-04	-1.068337e-06
1.000010099999994e-04	-1.068913e-06
1.000020339999994e-04	-1.068616e-06
1.000040819999994e-04	-1.069116e-06
1.000081779999994e-04	-1.068545e-06
1.000163699999994e-04	-1.068842e-06
1.000327539999994e-04	-1.068365e-06
1.000655219999995e-04	-1.069048e-06
1.001310579999995e-04	-1.069233e-06
1.002621299999997e-04	-1.071071e-06
1.005242740000000e-04	-1.073527e-06
1.010485620000006e-04	-1.079810e-06
1.020971380000018e-04	-1.091031e-06
1.041942900000042e-04	-1.114696e-06
1.083885940000089e-04	-1.159702e-06
1.167772020000184e-04	-1.244924e-06
1.267772020000184e-04	-1.334614e-06
1.367772020000184e-04	-1.414527e-06
1.467772020000184e-04	-1.481557e-06
1.567772020000184e-04	-1.549409e-06
1.667772020000184e-04	-1.627908e-06
1.767772020000184e-04	-1.706518e-06
1.867772020000184e-04	-1.784150e-06
1.967772020000184e-04	-1.863453e-06
2.067772020000184e-04	-1.934003e-06
2.167772020000184e-04	-2.001042e-06
2.267772020000184e-04	-5.541187e-06
2.367772020000184e-04	-8.509259e-06
2.467772020000184e-04	2.230818e-06
2.567772020000184e-04	-4.245037e-06
2.667772020000184e-04	2.654673e-06
2.767772020000184e-04	-2.948510e-06
2.867772020000184e-04	3.403517e-06
2.967772020000184e-04	-1.829825e-06
3.067772020000184e-04	4.160364e-06
3.167772020000184e-04	-1.207573e-06
3.267772020000184e-04	4.423520e-06
3.367772020000184e-04	-6.522102e-07
3.467772020000184e-04	-3.271556e-06
3.526689974438482e-04	-1.081783e-06
3.584169121317970e-04	3.021826e-06
3.654051165794683e-04	-5.418984e-07
3.722249489212302e-04	3.723634e-06
3.782766817416345e-04	5.440760e-07
3.843428632561266e-04	3.830460e-06
3.901874126668784e-04	5.551133e-07
4.001874126668784e-04	3.677613e-06
4.101874126668784e-04	2.329442e-07
4.201874126668784e-04	3.404215e-06
4.301874126668784e-04	6.612096e-09
4.401874126668784e-04	3.212184e-06
4.501874126668784e-04	-1.546652e-07
4.601874126668784e-04	3.068873e-06
4.701874126668784e-04	-2.802798e-07
4.801874126668784e-04	2.952436e-06
4.901874126668784e-04	-3.856994e-07
5.001874126668783e-04	2.851762e-06
5.101874126668784e-04	-4.788767e-07
5.201874126668784e-04	2.760999e-06
5.301874126668784e-04	-5.274305e-07
5.401874126668783e-04	2.849271e-06
5.501874126668784e-04	-5.956704e-07
5.601874126668784e-04	2.775199e-06
5.701874126668784e-04	-6.784809e-07
5.801874126668783e-04	2.701031e-06
5.901874126668784e-04	-7.591245e-07
6.001874126668784e-04	2.628958e-06
6.101874126668784e-04	-8.372337e-07
6.201874126668783e-04	2.558465e-06
6.301874126668784e-04	-9.138573e-07
6.401874126668784e-04	2.491102e-06
6.501874126668784e-04	-9.684510e-07
6.601874126668783e-04	2.436167e-06
6.701874126668784e-04	-1.037886e-06
6.801874126668784e-04	2.368251e-06
6.901874126668784e-04	-1.114335e-06
7.001874126668783e-04	2.296175e-06
7.101874126668784e-04	-1.192759e-06
7.201874126668784e-04	2.223018e-06
7.301874126668784e-04	-1.271208e-06
7.401874126668783e-04	2.150218e-06
7.501874126668783e-04	-1.348559e-06
7.601874126668784e-04	2.078816e-06
7.701874126668784e-04	-1.423842e-06
7.801874126668783e-04	2.009807e-06
7.901874126668783e-04	-1.496086e-06
8.001874126668784e-04	1.944186e-06
8.101874126668784e-04	-1.564338e-06
8.201874126668783e-04	1.882881e-06
8.301874126668783e-04	-1.627759e-06
8.401874126668784e-04	1.826658e-06
8.501874126668784e-04	-1.685708e-06
8.601874126668783e-04	1.776048e-06
8.701874126668783e-04	-1.737799e-06
8.801874126668784e-04	1.731311e-06
8.901874126668784e-04	-1.783920e-06
9.001874126668783e-04	1.692442e-06
9.101874126668783e-04	-1.824203e-06
9.201874126668784e-04	1.659211e-06
9.301874126668784e-04	-1.858977e-06
9.401874126668783e-04	1.631219e-06
9.501874126668783e-04	-1.888708e-06
9.601874126668784e-04	1.607963e-06
9.701874126668784e-04	-1.913935e-06
9.801874126668783e-04	1.588889e-06
9.901874126668783e-04	-1.935225e-06
1.000000000000000e-03	1.573607e-06
1.000000001000000e-03	3.628461e-06
1.000000017000000e-03	4.925961e-07
1.000000049000000e-03	2.673954e-07
1.000000113000000e-03	-2.486767e-06
1.000000241000000e-03	-1.426037e-06
1.000000497000000e-03	-2.590436e-06
1.000001009000000e-03	-5.618808e-07
1.000002033000000e-03	-1.250888e-06
1.000004081000000e-03	4.952838e-07
1.000008177000000e-03	-8.693569e-07
1.000016369000001e-03	5.005737e-07
1.000032753000001e-03	-8.720394e-07
1.000065521000002e-03	5.012659e-07
1.000131057000004e-03	-8.723322e-07
1.000262129000007e-03	5.012360e-07
1.000524273000015e-03	-8.727040e-07
1.001048561000029e-03	5.006459e-07
1.002097137000058e-03	-8.739510e-07
1.004194289000116e-03	4.982203e-07
1.008388593000232e-03	-8.786979e-07
1.016777201000463e-03	4.892072e-07
1.026777201000463e-03	-8.909865e-07
1.036777201000463e-03	4.770194e-07
1.046777201000463e-03	-9.019989e-07
1.056777201000463e-03	4.670814e-07
1.066777201000463e-03	-9.109640e-07
1.076777201000463e-03	4.590035e-07
1.086777201000463e-03	-9.182417e-07
1.096777201000463e-03	4.524539e-07
1.106777201000463e-03	-9.241371e-07
1.116777201000463e-03	4.471531e-07
1.126777201000463e-03	-9.289054e-07
1.136777201000463e-03	4.428683e-07
1.146777201000463e-03	-9.327586e-07
1.156777201000463e-03	4.394074e-07
1.166777201000463e-03	-9.358707e-07
1.176777201000463e-03	4.366127e-07
1.186777201000463e-03	-9.383840e-07
1.196777201000463e-03	4.343559e-07
1.206777201000463e-03	-9.404142e-07
1.216777201000463e-03	4.325328e-07
1.226777201000463e-03	-9.420552e-07
1.236777201000463e-03	4.310590e-07
1.246777201000463e-03	-9.433828e-07
1.256777201000463e-03	4.298665e-07
1.266777201000463e-03	-9.444580e-07
1.276777201000463e-03	4.289004e-07
1.286777201000463e-03	-9.453300e-07
1.296777201000463e-03	4.281166e-07
1.306777201000463e-03	-9.460384e-07
1.316777201000463e-03	4.274796e-07
1.326777201000463e-03	-9.466149e-07
1.336777201000463e-03	4.269610e-07
1.346777201000463e-03	-9.470852e-07
1.356777201000463e-03	4.265380e-07
1.366777201000463e-03	-9.474696e-07
1.376777201000463e-03	4.261920e-07
1.386777201000463e-03	-9.477847e-07
1.396777201000463e-03	4.259085e-07
1.406777201000463e-03	-9.480437e-07
1.416777201000463e-03	4.256754e-07
1.426777201000463e-03	-9.482571e-07
1.436777201000463e-03	4.254834e-07
1.446777201000463e-03	-9.484336e-07
1.456777201000463e-03	4.253247e-07
1.466777201000463e-03	-9.485800e-07
1.476777201000463e-03	4.251932e-07
1.486777201000463e-03	-9.487019e-07
1.496777201000463e-03	4.250838e-07
1.506777201000463e-03	-9.488037e-07
1.516777201000463e-03	4.249925e-07
1.526777201000463e-03	-9.488891e-07
1.536777201000463e-03	4.249161e-07
1.546777201000463e-03	-9.489611e-07
1.556777201000463e-03	4.248519e-07
1.566777201000463e-03	-9.490219e-07
1.576777201000463e-03	4.247979e-07
1.586777201000463e-03	-9.490735e-07
1.596777201000463e-03	4.247522e-07
1.606777201000463e-03	-9.491176e-07
1.616777201000463e-03	4.247134e-07
1.626777201000463e-03	-9.491553e-07
1.636777201000463e-03	4.246804e-07
1.646777201000463e-03	-9.491877e-07
1.656777201000463e-03	4.246523e-07
1.666777201000463e-03	-9.492157e-07
1.676777201000463e-03	4.246281e-07
1.686777201000463e-03	-9.492400e-07
1.696777201000463e-03	4.246074e-07
1.706777201000463e-03	-9.492611e-07
1.716777201000463e-03	4.245896e-07
1.726777201000463e-03	-9.492796e-07
1.736777201000463e-03	4.245742e-07
1.746777201000463e-03	-9.492959e-07
1.756777201000463e-03	4.245609e-07
1.766777201000463e-03	-9.493102e-07
1.776777201000463e-03	4.245493e-07
1.786777201000463e-03	-9.493230e-07
1.796777201000463e-03	4.245393e-07
1.806777201000463e-03	-9.493342e-07
1.816777201000463e-03	4.245306e-07
1.826777201000463e-03	-9.493443e-07
1.836777201000463e-03	4.245229e-07
1.846777201000463e-03	-9.493534e-07
1.856777201000463e-03	4.245163e-07
1.866777201000463e-03	-9.493615e-07
1.876777201000463e-03	4.245105e-07
1.886777201000463e-03	-9.493689e-07
1.896777201000463e-03	4.245054e-07
1.906777201000463e-03	-9.493755e-07
1.916777201000463e-03	4.245010e-07
1.926777201000463e-03	-9.493816e-07
1.936777201000463e-03	4.244971e-07
1.946777201000463e-03	-9.493872e-07
1.956777201000463e-03	4.244937e-07
1.966777201000463e-03	-9.493923e-07
1.976777201000463e-03	4.244907e-07
1.986777201000463e-03	-9.493970e-07
1.996777201000463e-03	4.244881e-07
2.006777201000463e-03	-9.494013e-07
2.016777201000463e-03	4.244859e-07
2.026777201000463e-03	-9.494053e-07
2.036777201000463e-03	4.244839e-07
2.046777201000463e-03	-9.494091e-07
2.056777201000463e-03	4.244822e-07
2.066777201000463e-03	-9.494125e-07
2.076777201000463e-03	4.244808e-07
2.086777201000463e-03	-9.494158e-07
2.096777201000463e-03	4.244795e-07
2.106777201000463e-03	-9.494189e-07
2.116777201000463e-03	4.244784e-07
2.126777201000463e-03	-9.494218e-07
2.136777201000463e-03	4.244775e-07
2.146777201000463e-03	-9.494245e-07
2.156777201000463e-03	4.244768e-07
2.166777201000463e-03	-9.494271e-07
2.176777201000463e-03	4.244762e-07
2.186777201000463e-03	-9.494296e-07
2.196777201000463e-03	4.244756e-07
2.206777201000463e-03	-9.494320e-07
2.216777201000463e-03	4.244752e-07
2.226777201000463e-03	-9.494342e-07
2.236777201000463e-03	4.244750e-07
2.246777201000463e-03	-9.494364e-07
2.256777201000463e-03	4.244747e-07
2.266777201000463e-03	-9.494385e-07
2.276777201000463e-03	4.244746e-07
2.286777201000463e-03	-9.494404e-07
2.296777201000463e-03	4.244745e-07
2.306777201000463e-03	-9.494424e-07
2.316777201000463e-03	4.244745e-07
2.326777201000463e-03	-9.494443e-07
2.336777201000463e-03	4.244746e-07
2.346777201000463e-03	-9.494461e-07
2.356777201000463e-03	4.244747e-07
2.366777201000463e-03	-9.494478e-07
2.376777201000463e-03	4.244748e-07
2.386777201000463e-03	-9.494495e-07
2.396777201000463e-03	4.244750e-07
2.406777201000463e-03	-9.494512e-07
2.416777201000463e-03	4.244753e-07
2.426777201000463e-03	-9.494528e-07
2.436777201000463e-03	4.244756e-07
2.446777201000463e-03	-9.494544e-07
2.456777201000463e-03	4.244759e-07
2.466777201000463e-03	-9.494560e-07
2.476777201000463e-03	4.244762e-07
2.486777201000463e-03	-9.494575e-07
2.496777201000463e-03	4.244766e-07
2.506777201000463e-03	-9.494590e-07
2.516777201000463e-03	4.244770e-07
2.526777201000463e-03	-9.494605e-07
2.536777201000463e-03	4.244774e-07
2.546777201000463e-03	-9.494619e-07
2.556777201000463e-03	4.244779e-07
2.566777201000463e-03	-9.494634e-07
2.576777201000463e-03	4.244784e-07
2.586777201000463e-03	-9.494647e-07
2.596777201000463e-03	4.244789e-07
2.606777201000463e-03	-9.494661e-07
2.616777201000463e-03	4.244794e-07
2.626777201000463e-03	-9.494674e-07
2.636777201000463e-03	4.244799e-07
2.646777201000463e-03	-9.494688e-07
2.656777201000463e-03	4.244804e-07
2.666777201000463e-03	-9.494701e-07
2.676777201000463e-03	4.244810e-07
2.686777201000463e-03	-9.494714e-07
2.696777201000463e-03	4.244816e-07
2.706777201000463e-03	-9.494727e-07
2.716777201000463e-03	4.244822e-07
2.726777201000463e-03	-9.494740e-07
2.736777201000463e-03	4.244827e-07
2.746777201000463e-03	-9.494753e-07
2.756777201000463e-03	4.244833e-07
2.766777201000463e-03	-9.494765e-07
2.776777201000463e-03	4.244840e-07
2.786777201000463e-03	-9.494777e-07
2.796777201000463e-03	4.244846e-07
2.806777201000463e-03	-9.494790e-07
2.816777201000463e-03	4.244853e-07
2.826777201000463e-03	-9.494802e-07
2.836777201000463e-03	4.244859e-07
2.846777201000463e-03	-9.494814e-07
2.856777201000463e-03	4.244866e-07
2.866777201000463e-03	-9.494826e-07
2.876777201000463e-03	4.244872e-07
2.886777201000463e-03	-9.494838e-07
2.896777201000463e-03	4.244879e-07
2.906777201000463e-03	-9.494850e-07
2.916777201000463e-03	4.244886e-07
2.926777201000463e-03	-9.494862e-07
2.936777201000463e-03	4.244893e-07
2.946777201000463e-03	-9.494873e-07
2.956777201000463e-03	4.244900e-07
2.966777201000463e-03	-9.494884e-07
2.976777201000463e-03	4.244907e-07
2.986777201000463e-03	-9.494896e-07
2.996777201000463e-03	4.244914e-07
3.006777201000463e-03	-9.494908e-07
3.016777201000463e-03	4.244921e-07
3.026777201000463e-03	-9.494918e-07
3.036777201000463e-03	4.244928e-07
3.046777201000463e-03	-9.494930e-07
3.056777201000463e-03	4.244935e-07
3.066777201000463e-03	-9.494941e-07
3.076777201000463e-03	4.244943e-07
3.086777201000463e-03	-9.494952e-07
3.096777201000463e-03	4.244950e-07
3.106777201000463e-03	-9.494963e-07
3.116777201000463e-03	4.244957e-07
3.126777201000463e-03	-9.494974e-07
3.136777201000463e-03	4.244965e-07
3.146777201000463e-03	-9.494985e-07
3.156777201000463e-03	4.244972e-07
3.166777201000463e-03	-9.494996e-07
3.176777201000463e-03	4.244980e-07
3.186777201000463e-03	-9.495006e-07
3.196777201000463e-03	4.244988e-07
3.206777201000463e-03	-9.495017e-07
3.216777201000463e-03	4.244995e-07
3.226777201000463e-03	-9.495028e-07
3.236777201000463e-03	4.245003e-07
3.246777201000463e-03	-9.495038e-07
3.256777201000463e-03	4.245011e-07
3.266777201000463e-03	-9.495049e-07
3.276777201000463e-03	4.245018e-07
3.286777201000463e-03	-9.495059e-07
3.296777201000463e-03	4.245026e-07
3.306777201000463e-03	-9.495070e-07
3.316777201000463e-03	4.245034e-07
3.326777201000463e-03	-9.495080e-07
3.336777201000463e-03	4.245042e-07
3.346777201000463e-03	-9.495091e-07
3.356777201000463e-03	4.245050e-07
3.366777201000463e-03	-9.495101e-07
3.376777201000463e-03	4.245058e-07
3.386777201000463e-03	-9.495112e-07
3.396777201000463e-03	4.245065e-07
3.406777201000463e-03	-9.495122e-07
3.416777201000463e-03	4.245073e-07
3.426777201000463e-03	-9.495132e-07
3.436777201000463e-03	4.245082e-07
3.446777201000463e-03	-9.495142e-07
3.456777201000463e-03	4.245090e-07
3.466777201000463e-03	-9.495152e-07
3.476777201000463e-03	4.245098e-07
3.486777201000463e-03	-9.495162e-07
3.496777201000463e-03	4.245105e-07
3.506777201000463e-03	-9.495172e-07
3.516777201000463e-03	4.245114e-07
3.526777201000463e-03	-9.495182e-07
3.536777201000463e-03	4.245122e-07
3.546777201000463e-03	-9.495192e-07
3.556777201000463e-03	4.245130e-07
3.566777201000463e-03	-9.495202e-07
3.576777201000463e-03	4.245138e-07
3.586777201000463e-03	-9.495212e-07
3.596777201000463e-03	4.245146e-07
3.606777201000463e-03	-9.495222e-07
3.616777201000463e-03	4.245154e-07
3.626777201000463e-03	-9.495232e-07
3.636777201000463e-03	4.245163e-07
3.646777201000463e-03	-9.495242e-07
3.656777201000463e-03	4.245171e-07
3.666777201000463e-03	-9.495251e-07
3.676777201000463e-03	4.245179e-07
3.686777201000463e-03	-9.495261e-07
3.696777201000463e-03	4.245187e-07
3.706777201000463e-03	-9.495271e-07
3.716777201000463e-03	4.245196e-07
3.726777201000463e-03	-9.495280e-07
3.736777201000463e-03	4.245204e-07
3.746777201000463e-03	-9.495290e-07
3.756777201000463e-03	4.245212e-07
3.766777201000463e-03	-9.495300e-07
3.776777201000463e-03	4.245220e-07
3.786777201000463e-03	-9.495309e-07
3.796777201000463e-03	4.245229e-07
3.806777201000463e-03	-9.495319e-07
3.816777201000463e-03	4.245237e-07
3.826777201000463e-03	-9.495329e-07
3.836777201000463e-03	4.245245e-07
3.846777201000463e-03	-9.495338e-07
3.856777201000463e-03	4.245254e-07
3.866777201000463e-03	-9.495348e-07
3.876777201000463e-03	4.245262e-07
3.886777201000463e-03	-9.495357e-07
3.896777201000463e-03	4.245271e-07
3.906777201000463e-03	-9.495367e-07
3.916777201000463e-03	4.245279e-07
3.926777201000463e-03	-9.495377e-07
3.936777201000463e-03	4.245287e-07
3.946777201000463e-03	-9.495386e-07
3.956777201000463e-03	4.245296e-07
3.966777201000463e-03	-9.495395e-07
3.976777201000463e-03	4.245304e-07
3.986777201000463e-03	-9.495404e-07
3.996777201000463e-03	4.245312e-07
4.006777201000463e-03	-9.495414e-07
4.016777201000463e-03	4.245321e-07
4.026777201000463e-03	-9.495423e-07
4.036777201000463e-03	4.245329e-07
4.046777201000462e-03	-9.495432e-07
4.056777201000463e-03	4.245338e-07
4.066777201000463e-03	-9.495442e-07
4.076777201000463e-03	4.245346e-07
4.086777201000463e-03	-9.495451e-07
4.096777201000463e-03	4.245355e-07
4.106777201000463e-03	-9.495460e-07
4.116777201000463e-03	4.245363e-07
4.126777201000463e-03	-9.495470e-07
4.136777201000463e-03	4.245371e-07
4.146777201000463e-03	-9.495479e-07
4.156777201000463e-03	4.245380e-07
4.166777201000463e-03	-9.495488e-07
4.176777201000463e-03	4.245389e-07
4.186777201000463e-03	-9.495497e-07
4.196777201000462e-03	4.245397e-07
4.206777201000463e-03	-9.495506e-07
4.216777201000462e-03	4.245405e-07
4.226777201000463e-03	-9.495516e-07
4.236777201000463e-03	4.245414e-07
4.246777201000463e-03	-9.495525e-07
4.256777201000463e-03	4.245422e-07
4.266777201000463e-03	-9.495534e-07
4.276777201000463e-03	4.245431e-07
4.286777201000463e-03	-9.495543e-07
4.296777201000463e-03	4.245439e-07
4.306777201000463e-03	-9.495552e-07
4.316777201000463e-03	4.245448e-07
4.326777201000463e-03	-9.495561e-07
4.336777201000463e-03	4.245456e-07
4.346777201000463e-03	-9.495570e-07
4.356777201000463e-03	4.245465e-07
4.366777201000462e-03	-9.495579e-07
4.376777201000463e-03	4.245473e-07
4.386777201000462e-03	-9.495588e-07
4.396777201000463e-03	4.245482e-07
4.406777201000463e-03	-9.495597e-07
4.416777201000463e-03	4.245490e-07
4.426777201000463e-03	-9.495606e-07
4.436777201000463e-03	4.245499e-07
4.446777201000463e-03	-9.495615e-07
4.456777201000463e-03	4.245507e-07
4.466777201000463e-03	-9.495624e-07
4.476777201000463e-03	4.245516e-07
4.486777201000463e-03	-9.495633e-07
4.496777201000463e-03	4.245524e-07
4.506777201000463e-03	-9.495642e-07
4.516777201000462e-03	4.245533e-07
4.526777201000463e-03	-9.495651e-07
4.536777201000462e-03	4.245541e-07
4.546777201000463e-03	-9.495660e-07
4.556777201000463e-03	4.245550e-07
4.566777201000463e-03	-9.495669e-07
4.576777201000463e-03	4.245558e-07
4.586777201000463e-03	-9.495678e-07
4.596777201000463e-03	4.245566e-07
4.606777201000463e-03	-9.495687e-07
4.616777201000463e-03	4.245575e-07
4.626777201000463e-03	-9.495695e-07
4.636777201000463e-03	4.245584e-07
4.646777201000463e-03	-9.495704e-07
4.656777201000463e-03	4.245592e-07
4.666777201000463e-03	-9.495713e-07
4.676777201000463e-03	4.245601e-07
4.686777201000462e-03	-9.495722e-07
4.696777201000463e-03	4.245609e-07
4.706777201000462e-03	-9.495731e-07
4.716777201000463e-03	4.245617e-07
4.726777201000463e-03	-9.495740e-07
4.736777201000463e-03	4.245626e-07
4.746777201000463e-03	-9.495748e-07
4.756777201000463e-03	4.245634e-07
4.766777201000463e-03	-9.495757e-07
4.776777201000463e-03	4.245643e-07
4.786777201000463e-03	-9.495766e-07
4.796777201000463e-03	4.245651e-07
4.806777201000463e-03	-9.495775e-07
4.816777201000463e-03	4.245660e-07
4.826777201000463e-03	-9.495784e-07
4.836777201000462e-03	4.245668e-07
4.846777201000463e-03	-9.495792e-07
4.856777201000462e-03	4.245677e-07
4.866777201000463e-03	-9.495801e-07
4.876777201000462e-03	4.245685e-07
4.886777201000463e-03	-9.495810e-07
4.896777201000463e-03	4.245694e-07
4.906777201000463e-03	-9.495818e-07
4.916777201000463e-03	4.245702e-07
4.926777201000463e-03	-9.495827e-07
4.936777201000463e-03	4.245711e-07
4.946777201000463e-03	-9.495836e-07
4.956777201000463e-03	4.245719e-07
4.966777201000463e-03	-9.495844e-07
4.976777201000463e-03	4.245727e-07
4.986777201000463e-03	-9.495853e-07
4.996777201000463e-03	4.245736e-07
5.006777201000462e-03	-9.495862e-07
5.016777201000463e-03	4.245744e-07
5.026777201000462e-03	-9.495870e-07
5.036777201000463e-03	4.245753e-07
5.046777201000462e-03	-9.495879e-07
5.056777201000463e-03	4.245761e-07
5.066777201000463e-03	-9.495888e-07
5.076777201000463e-03	4.245770e-07
5.086777201000463e-03	-9.495897e-07
5.096777201000463e-03	4.245778e-07
5.106777201000463e-03	-9.495905e-07
5.116777201000463e-03	4.245786e-07
5.126777201000463e-03	-9.495914e-07
5.136777201000463e-03	4.245795e-07
5.146777201000463e-03	-9.495922e-07
5.156777201000462e-03	4.245803e-07
5.166777201000463e-03	-9.495931e-07
5.176777201000462e-03	4.245812e-07
5.186777201000463e-03	-9.495939e-07
5.196777201000462e-03	4.245820e-07
5.206777201000463e-03	-9.495948e-07
5.216777201000463e-03	4.245829e-07
5.226777201000463e-03	-9.495956e-07
5.236777201000463e-03	4.245837e-07
5.246777201000463e-03	-9.495965e-07
5.256777201000463e-03	4.245845e-07
5.266777201000463e-03	-9.495973e-07
5.276777201000463e-03	4.245854e-07
5.286777201000463e-03	-9.495982e-07
5.296777201000463e-03	4.245862e-07
5.306777201000463e-03	-9.495990e-07
5.316777201000463e-03	4.245870e-07
5.326777201000462e-03	-9.495999e-07
5.336777201000463e-03	4.245879e-07
5.346777201000462e-03	-9.496007e-07
5.356777201000463e-03	4.245887e-07
5.366777201000462e-03	-9.496016e-07
5.376777201000463e-03	4.245896e-07
5.386777201000463e-03	-9.496025e-07
5.396777201000463e-03	4.245904e-07
5.406777201000463e-03	-9.496033e-07
5.416777201000463e-03	4.245912e-07
5.426777201000463e-03	-9.496042e-07
5.436777201000463e-03	4.245921e-07
5.446777201000463e-03	-9.496050e-07
5.456777201000463e-03	4.245929e-07
5.466777201000463e-03	-9.496059e-07
5.476777201000462e-03	4.245937e-07
5.486777201000463e-03	-9.496067e-07
5.496777201000462e-03	4.245946e-07
5.506777201000463e-03	-9.496075e-07
5.516777201000462e-03	4.245954e-07
5.526777201000463e-03	-9.496084e-07
5.536777201000462e-03	4.245962e-07
5.546777201000463e-03	-9.496092e-07
5.556777201000463e-03	4.245971e-07
5.566777201000463e-03	-9.496101e-07
5.576777201000463e-03	4.245979e-07
5.586777201000463e-03	-9.496109e-07
5.596777201000463e-03	4.245987e-07
5.606777201000463e-03	-9.496117e-07
5.616777201000463e-03	4.245996e-07
5.626777201000463e-03	-9.496126e-07
5.636777201000463e-03	4.246004e-07
5.646777201000462e-03	-9.496134e-07
5.656777201000463e-03	4.246012e-07
5.666777201000462e-03	-9.496143e-07
5.676777201000463e-03	4.246020e-07
5.686777201000462e-03	-9.496151e-07
5.696777201000463e-03	4.246029e-07
5.706777201000462e-03	-9.496159e-07
5.716777201000463e-03	4.246037e-07
5.726777201000463e-03	-9.496168e-07
5.736777201000463e-03	4.246045e-07
5.746777201000463e-03	-9.496176e-07
5.756777201000463e-03	4.246054e-07
5.766777201000463e-03	-9.496184e-07
5.776777201000463e-03	4.246062e-07
5.786777201000463e-03	-9.496193e-07
5.796777201000462e-03	4.246070e-07
5.806777201000463e-03	-9.496201e-07
5.816777201000462e-03	4.246078e-07
5.826777201000463e-03	-9.496209e-07
5.836777201000462e-03	4.246087e-07
5.846777201000463e-03	-9.496218e-07
5.856777201000462e-03	4.246095e-07
5.866777201000463e-03	-9.496226e-07
5.876777201000462e-03	4.246103e-07
5.886777201000463e-03	-9.496234e-07
5.896777201000463e-03	4.246111e-07
5.906777201000463e-03	-9.496242e-07
5.916777201000463e-03	4.246120e-07
5.926777201000463e-03	-9.496251e-07
5.936777201000463e-03	4.246128e-07
5.946777201000463e-03	-9.496259e-07
5.956777201000463e-03	4.246136e-07
5.966777201000462e-03	-9.496267e-07
5.976777201000463e-03	4.246144e-07
5.986777201000462e-03	-9.496275e-07
5.996777201000463e-03	4.246152e-07
6.006777201000462e-03	-9.496284e-07
6.016777201000463e-03	4.246160e-07
6.026777201000462e-03	-9.496292e-07
6.036777201000463e-03	4.246169e-07
6.046777201000463e-03	-9.496300e-07
6.056777201000463e-03	4.246177e-07
6.066777201000463e-03	-9.496308e-07
6.076777201000463e-03	4.246185e-07
6.086777201000463e-03	-9.496317e-07
6.096777201000463e-03	4.246193e-07
6.106777201000463e-03	-9.496325e-07
6.116777201000462e-03	4.246201e-07
6.126777201000463e-03	-9.496333e-07
6.136777201000462e-03	4.246209e-07
6.146777201000463e-03	-9.496341e-07
6.156777201000462e-03	4.246218e-07
6.166777201000463e-03	-9.496350e-07
6.176777201000462e-03	4.246226e-07
6.186777201000463e-03	-9.496358e-07
6.196777201000462e-03	4.246234e-07
6.206777201000463e-03	-9.496366e-07
6.216777201000463e-03	4.246242e-07
6.226777201000463e-03	-9.496374e-07
6.236777201000463e-03	4.246250e-07
6.246777201000463e-03	-9.496382e-07
6.256777201000463e-03	4.246258e-07
6.266777201000463e-03	-9.496390e-07
6.276777201000463e-03	4.246266e-07
6.286777201000462e-03	-9.496399e-07
6.296777201000463e-03	4.246274e-07
6.306777201000462e-03	-9.496407e-07
6.316777201000463e-03	4.246283e-07
6.326777201000462e-03	-9.496414e-07
6.336777201000463e-03	4.246291e-07
6.346777201000462e-03	-9.496423e-07
6.356777201000463e-03	4.246299e-07
6.366777201000462e-03	-9.496431e-07
6.376777201000463e-03	4.246307e-07
6.386777201000463e-03	-9.496439e-07
6.396777201000463e-03	4.246315e-07
6.406777201000463e-03	-9.496447e-07
6.416777201000463e-03	4.246323e-07
6.426777201000463e-03	-9.496455e-07
6.436777201000462e-03	4.246331e-07
6.446777201000463e-03	-9.496463e-07
6.456777201000462e-03	4.246339e-07
6.466777201000463e-03	-9.496471e-07
6.476777201000462e-03	4.246347e-07
6.486777201000463e-03	-9.496479e-07
6.496777201000462e-03	4.246355e-07
6.506777201000463e-03	-9.496488e-07
6.516777201000462e-03	4.246363e-07
6.526777201000463e-03	-9.496496e-07
6.536777201000462e-03	4.246371e-07
6.546777201000463e-03	-9.496504e-07
6.556777201000463e-03	4.246379e-07
6.566777201000463e-03	-9.496512e-07
6.576777201000463e-03	4.246388e-07
6.586777201000463e-03	-9.496520e-07
6.596777201000463e-03	4.246396e-07
6.606777201000462e-03	-9.496528e-07
6.616777201000463e-03	4.246403e-07
6.626777201000462e-03	-9.496536e-07
6.636777201000463e-03	4.246411e-07
6.646777201000462e-03	-9.496544e-07
6.656777201000463e-03	4.246420e-07
6.666777201000462e-03	-9.496552e-07
6.676777201000463e-03	4.246428e-07
6.686777201000462e-03	-9.496560e-07
6.696777201000463e-03	4.246436e-07
6.706777201000463e-03	-9.496568e-07
6.716777201000463e-03	4.246444e-07
6.726777201000463e-03	-9.496576e-07
6.736777201000463e-03	4.246452e-07
6.746777201000463e-03	-9.496584e-07
6.756777201000462e-03	4.246459e-07
6.766777201000463e-03	-9.496592e-07
6.776777201000462e-03	4.246467e-07
6.786777201000463e-03	-9.496600e-07
6.796777201000462e-03	4.246475e-07
6.806777201000463e-03	-9.496608e-07
6.816777201000462e-03	4.246483e-07
6.826777201000463e-03	-9.496616e-07
6.836777201000462e-03	4.246491e-07
6.846777201000463e-03	-9.496624e-07
6.856777201000462e-03	4.246499e-07
6.866777201000463e-03	-9.496632e-07
6.876777201000463e-03	4.246507e-07
6.886777201000463e-03	-9.496640e-07
6.896777201000463e-03	4.246515e-07
6.906777201000463e-03	-9.496648e-07
6.916777201000463e-03	4.246523e-07
6.926777201000462e-03	-9.496655e-07
6.936777201000463e-03	4.246531e-07
6.946777201000462e-03	-9.496663e-07
6.956777201000463e-03	4.246539e-07
6.966777201000462e-03	-9.496671e-07
6.976777201000463e-03	4.246547e-07
6.986777201000462e-03	-9.496679e-07
6.996777201000463e-03	4.246555e-07
7.006777201000462e-03	-9.496687e-07
7.016777201000463e-03	4.246563e-07
7.026777201000462e-03	-9.496695e-07
7.036777201000463e-03	4.246571e-07
7.046777201000463e-03	-9.496703e-07
7.056777201000463e-03	4.246578e-07
7.066777201000463e-03	-9.496711e-07
7.076777201000462e-03	4.246586e-07
7.086777201000463e-03	-9.496719e-07
7.096777201000462e-03	4.246594e-07
7.106777201000463e-03	-9.496727e-07
7.116777201000462e-03	4.246602e-07
7.126777201000463e-03	-9.496734e-07
7.136777201000462e-03	4.246610e-07
7.146777201000463e-03	-9.496742e-07
7.156777201000462e-03	4.246618e-07
7.166777201000463e-03	-9.496750e-07
7.176777201000462e-03	4.246625e-07
7.186777201000463e-03	-9.496758e-07
7.196777201000462e-03	4.246633e-07
7.206777201000463e-03	-9.496766e-07
7.216777201000463e-03	4.246641e-07
7.226777201000463e-03	-9.496774e-07
7.236777201000463e-03	4.246649e-07
7.246777201000462e-03	-9.496782e-07
7.256777201000463e-03	4.246657e-07
7.266777201000462e-03	-9.496790e-07
7.276777201000463e-03	4.246665e-07
7.286777201000462e-03	-9.496798e-07
7.296777201000463e-03	4.246673e-07
7.306777201000462e-03	-9.496805e-07
7.316777201000463e-03	4.246680e-07
7.326777201000462e-03	-9.496813e-07
7.336777201000463e-03	4.246688e-07
7.346777201000462e-03	-9.496821e-07
7.356777201000463e-03	4.246696e-07
7.366777201000463e-03	-9.496829e-07
7.376777201000463e-03	4.246704e-07
7.386777201000463e-03	-9.496836e-07
7.396777201000462e-03	4.246712e-07
7.406777201000463e-03	-9.496844e-07
7.416777201000462e-03	4.246719e-07
7.426777201000463e-03	-9.496852e-07
7.436777201000462e-03	4.246727e-07
7.446777201000463e-03	-9.496860e-07
7.456777201000462e-03	4.246735e-07
7.466777201000463e-03	-9.496868e-07
7.476777201000462e-03	4.246743e-07
7.486777201000463e-03	-9.496875e-07
7.496777201000462e-03	4.246750e-07
7.506777201000463e-03	-9.496883e-07
7.516777201000462e-03	4.246758e-07
7.526777201000463e-03	-9.496891e-07
7.536777201000463e-03	4.246766e-07
7.546777201000463e-03	-9.496899e-07
7.556777201000463e-03	4.246774e-07
7.566777201000462e-03	-9.496906e-07
7.576777201000463e-03	4.246781e-07
7.586777201000462e-03	-9.496914e-07
7.596777201000463e-03	4.246789e-07
7.606777201000462e-03	-9.496922e-07
7.616777201000463e-03	4.246797e-07
7.626777201000462e-03	-9.496929e-07
7.636777201000463e-03	4.246805e-07
7.646777201000462e-03	-9.496937e-07
7.656777201000463e-03	4.246812e-07
7.666777201000462e-03	-9.496945e-07
7.676777201000463e-03	4.246820e-07
7.686777201000462e-03	-9.496953e-07
7.696777201000463e-03	4.246828e-07
7.706777201000463e-03	-9.496960e-07
7.716777201000462e-03	4.246835e-07
7.726777201000463e-03	-9.496968e-07
7.736777201000462e-03	4.246843e-07
7.746777201000463e-03	-9.496976e-07
7.756777201000462e-03	4.246851e-07
7.766777201000463e-03	-9.496983e-07
7.776777201000462e-03	4.246858e-07
7.786777201000463e-03	-9.496991e-07
7.796777201000462e-03	4.246866e-07
7.806777201000463e-03	-9.496999e-07
7.816777201000463e-03	4.246874e-07
7.826777201000463e-03	-9.497006e-07
7.836777201000462e-03	4.246881e-07
7.846777201000462e-03	-9.497014e-07
7.856777201000463e-03	4.246889e-07
7.866777201000463e-03	-9.497022e-07
7.876777201000463e-03	4.246896e-07
7.886777201000462e-03	-9.497029e-07
7.896777201000462e-03	4.246904e-07
7.906777201000463e-03	-9.497037e-07
7.916777201000463e-03	4.246912e-07
7.926777201000462e-03	-9.497044e-07
7.936777201000462e-03	4.246919e-07
7.946777201000463e-03	-9.497052e-07
7.956777201000463e-03	4.246927e-07
7.966777201000462e-03	-9.497060e-07
7.976777201000462e-03	4.246934e-07
7.986777201000463e-03	-9.497067e-07
7.996777201000463e-03	4.246942e-07
8.006777201000462e-03	-9.497075e-07
8.016777201000462e-03	4.246950e-07
8.026777201000463e-03	-9.497082e-07
8.036777201000463e-03	4.246957e-07
8.046777201000463e-03	-9.497090e-07
8.056777201000462e-03	4.246965e-07
8.066777201000462e-03	-9.497098e-07
8.076777201000463e-03	4.246972e-07
8.086777201000463e-03	-9.497105e-07
8.096777201000462e-03	4.246980e-07
8.106777201000462e-03	-9.497113e-07
8.116777201000463e-03	4.246988e-07
8.126777201000463e-03	-9.497120e-07
8.136777201000462e-03	4.246995e-07
8.146777201000462e-03	-9.497128e-07
8.156777201000463e-03	4.247003e-07
8.166777201000463e-03	-9.497135e-07
8.176777201000462e-03	4.247010e-07
8.186777201000462e-03	-9.497143e-07
8.196777201000462e-03	4.247018e-07
8.206777201000463e-03	-9.497151e-07
8.216777201000463e-03	4.247025e-07
8.226777201000462e-03	-9.497158e-07
8.236777201000462e-03	4.247033e-07
8.246777201000463e-03	-9.497165e-07
8.256777201000463e-03	4.247040e-07
8.266777201000462e-03	-9.497173e-07
8.276777201000462e-03	4.247048e-07
8.286777201000463e-03	-9.497181e-07
8.296777201000463e-03	4.247055e-07
8.306777201000462e-03	-9.497188e-07
8.316777201000462e-03	4.247063e-07
8.326777201000463e-03	-9.497195e-07
8.336777201000463e-03	4.247071e-07
8.346777201000462e-03	-9.497203e-07
8.356777201000462e-03	4.247078e-07
8.366777201000462e-03	-9.497211e-07
8.376777201000463e-03	4.247085e-07
8.386777201000463e-03	-9.497218e-07
8.396777201000462e-03	4.247093e-07
8.406777201000462e-03	-9.497226e-07
8.416777201000463e-03	4.247100e-07
8.426777201000463e-03	-9.497233e-07
8.436777201000462e-03	4.247108e-07
8.446777201000462e-03	-9.497240e-07
8.456777201000463e-03	4.247115e-07
8.466777201000463e-03	-9.497248e-07
8.476777201000462e-03	4.247123e-07
8.486777201000462e-03	-9.497256e-07
8.496777201000463e-03	4.247130e-07
8.506777201000463e-03	-9.497263e-07
8.516777201000462e-03	4.247138e-07
8.526777201000462e-03	-9.497271e-07
8.536777201000462e-03	4.247145e-07
8.546777201000463e-03	-9.497278e-07
8.556777201000463e-03	4.247152e-07
8.566777201000462e-03	-9.497285e-07
8.576777201000462e-03	4.247160e-07
8.586777201000463e-03	-9.497293e-07
8.596777201000463e-03	4.247167e-07
8.606777201000462e-03	-9.497300e-07
8.616777201000462e-03	4.247175e-07
8.626777201000463e-03	-9.497307e-07
8.636777201000463e-03	4.247182e-07
8.646777201000462e-03	-9.497315e-07
8.656777201000462e-03	4.247190e-07
8.666777201000463e-03	-9.497322e-07
8.676777201000463e-03	4.247197e-07
8.686777201000462e-03	-9.497330e-07
8.696777201000462e-03	4.247204e-07
8.706777201000462e-03	-9.497337e-07
8.716777201000463e-03	4.247212e-07
8.726777201000463e-03	-9.497344e-07
8.736777201000462e-03	4.247219e-07
8.746777201000462e-03	-9.497352e-07
8.756777201000463e-03	4.247227e-07
8.766777201000463e-03	-9.497359e-07
8.776777201000462e-03	4.247234e-07
8.786777201000462e-03	-9.497367e-07
8.796777201000463e-03	4.247241e-07
8.806777201000463e-03	-9.497374e-07
8.816777201000462e-03	4.247249e-07
8.826777201000462e-03	-9.497381e-07
8.836777201000462e-03	4.247256e-07
8.846777201000463e-03	-9.497389e-07
8.856777201000463e-03	4.247263e-07
8.866777201000462e-03	-9.497396e-07
8.876777201000462e-03	4.247271e-07
8.886777201000463e-03	-9.497404e-07
8.896777201000463e-03	4.247278e-07
8.906777201000462e-03	-9.497411e-07
8.916777201000462e-03	4.247285e-07
8.926777201000463e-03	-9.497418e-07
8.936777201000463e-03	4.247293e-07
8.946777201000462e-03	-9.497425e-07
8.956777201000462e-03	4.247300e-07
8.966777201000463e-03	-9.497433e-07
8.976777201000463e-03	4.247307e-07
8.986777201000462e-03	-9.497440e-07
8.996777201000462e-03	4.247315e-07
9.006777201000462e-03	-9.497447e-07
9.016777201000463e-03	4.247322e-07
9.026777201000463e-03	-9.497455e-07
9.036777201000462e-03	4.247329e-07
9.046777201000462e-03	-9.497462e-07
9.056777201000463e-03	4.247337e-07
9.066777201000463e-03	-9.497469e-07
9.076777201000462e-03	4.247344e-07
9.086777201000462e-03	-9.497476e-07
9.096777201000463e-03	4.247351e-07
9.106777201000463e-03	-9.497484e-07
9.116777201000462e-03	4.247358e-07
9.126777201000462e-03	-9.497491e-07
9.136777201000463e-03	4.247366e-07
9.146777201000463e-03	-9.497498e-07
9.156777201000462e-03	4.247373e-07
9.166777201000462e-03	-9.497505e-07
9.176777201000462e-03	4.247380e-07
9.186777201000463e-03	-9.497513e-07
9.196777201000463e-03	4.247387e-07
9.206777201000462e-03	-9.497520e-07
9.216777201000462e-03	4.247395e-07
9.226777201000463e-03	-9.497527e-07
9.236777201000463e-03	4.247402e-07
9.246777201000462e-03	-9.497534e-07
9.256777201000462e-03	4.247409e-07
9.266777201000463e-03	-9.497542e-07
9.276777201000463e-03	4.247416e-07
9.286777201000462e-03	-9.497549e-07
9.296777201000462e-03	4.247424e-07
9.306777201000463e-03	-9.497556e-07
9.316777201000463e-03	4.247431e-07
9.326777201000462e-03	-9.497563e-07
9.336777201000462e-03	4.247438e-07
9.346777201000462e-03	-9.497571e-07
9.356777201000463e-03	4.247445e-07
9.366777201000463e-03	-9.497578e-07
9.376777201000462e-03	4.247452e-07
9.386777201000462e-03	-9.497585e-07
9.396777201000463e-03	4.247460e-07
9.406777201000463e-03	-9.497592e-07
9.416777201000462e-03	4.247467e-07
9.426777201000462e-03	-9.497599e-07
9.436777201000463e-03	4.247474e-07
9.446777201000463e-03	-9.497606e-07
9.456777201000462e-03	4.247481e-07
9.466777201000462e-03	-9.497614e-07
9.476777201000462e-03	4.247488e-07
9.486777201000463e-03	-9.497621e-07
9.496777201000462e-03	4.247495e-07
9.506777201000462e-03	-9.497628e-07
9.516777201000462e-03	4.247503e-07
9.526777201000463e-03	-9.497635e-07
9.536777201000463e-03	4.247510e-07
9.546777201000462e-03	-9.497642e-07
9.556777201000462e-03	4.247517e-07
9.566777201000463e-03	-9.497650e-07
9.576777201000463e-03	4.247524e-07
9.586777201000462e-03	-9.497656e-07
9.596777201000462e-03	4.247531e-07
9.606777201000463e-03	-9.497664e-07
9.616777201000463e-03	4.247538e-07
9.626777201000462e-03	-9.497671e-07
9.636777201000462e-03	4.247545e-07
9.646777201000462e-03	-9.497678e-07
9.656777201000463e-03	4.247553e-07
9.666777201000462e-03	-9.497685e-07
9.676777201000462e-03	4.247560e-07
9.686777201000462e-03	-9.497692e-07
9.696777201000463e-03	4.247567e-07
9.706777201000463e-03	-9.497699e-07
9.716777201000462e-03	4.247574e-07
9.726777201000462e-03	-9.497707e-07
9.736777201000463e-03	4.247581e-07
9.746777201000463e-03	-9.497713e-07
9.756777201000462e-03	4.247588e-07
9.766777201000462e-03	-9.497721e-07
9.776777201000463e-03	4.247595e-07
9.786777201000463e-03	-9.497728e-07
9.796777201000462e-03	4.247602e-07
9.806777201000462e-03	-9.497735e-07
9.816777201000462e-03	4.247609e-07
9.826777201000463e-03	-9.497742e-07
9.836777201000462e-03	4.247616e-07
9.846777201000462e-03	-9.497749e-07
9.856777201000462e-03	4.247623e-07
9.866777201000463e-03	-9.497756e-07
9.876777201000463e-03	4.247630e-07
9.886777201000462e-03	-9.497763e-07
9.896777201000462e-03	4.247638e-07
9.906777201000463e-03	-9.497770e-07
9.916777201000463e-03	4.247644e-07
9.926777201000462e-03	-9.497777e-07
9.936777201000462e-03	4.247651e-07
9.946777201000463e-03	-9.497784e-07
9.956777201000463e-03	4.247659e-07
9.966777201000462e-03	-9.497791e-07
9.976777201000462e-03	4.247666e-07
9.986777201000462e-03	-9.497798e-07
9.996777201000463e-03	4.247673e-07
1.000000000000000e-02	-9.497817e-07
1.000000000100000e-02	-1.311264e-08
1.000000000200000e-02	-3.964852e-07
1.000000000440036e-02	-2.068318e-07
1.000000000670974e-02	-2.887887e-07
1.000000001132851e-02	-2.426340e-07
1.000000002056605e-02	-2.661460e-07
1.000000003904114e-02	-2.544336e-07
1.000000007599130e-02	-2.645359e-07
1.000000014989163e-02	-2.586078e-07
1.000000029769228e-02	-2.642354e-07
1.000000059329359e-02	-2.590702e-07
1.000000118449621e-02	-2.632445e-07
1.000000236690145e-02	-2.564177e-07
1.000000473171193e-02	-2.558890e-07
1.000000946133288e-02	-2.426279e-07
1.000001768949127e-02	-2.379370e-07
1.000002963204123e-02	-2.267415e-07
1.000005351714114e-02	-2.264597e-07
1.000010097863585e-02	-2.205770e-07
1.000015398679385e-02	-2.226512e-07
1.000020604733343e-02	-2.011503e-07
1.000026203738533e-02	-1.699449e-07
1.000031701191647e-02	-1.158297e-07
1.000042696097875e-02	5.755957e-09
1.000045444824432e-02	4.355907e-08
1.000050942277546e-02	1.139957e-07
1.000061937183774e-02	2.502256e-07
1.000083926996230e-02	4.868538e-07
1.000118353605633e-02	7.369376e-07
1.000177805770776e-02	8.949319e-07
1.000249958254068e-02	8.420439e-07
1.000263574895723e-02	8.182068e-07
1.000290808179032e-02	7.676969e-07
1.000345274745650e-02	6.590568e-07
1.000454207878887e-02	4.346732e-07
1.000672074145361e-02	-7.243985e-07
1.000945049429114e-02	-2.805803e-06
1.001362862358644e-02	-1.285656e-05
1.001754925944466e-02	-7.766136e-05
1.002063867062948e-02	-4.858307e-05
1.002204346079229e-02	-2.712628e-05
1.002297941855280e-02	-2.390936e-05
1.002391423868055e-02	-2.180551e-05
1.002481083938415e-02	-2.296249e-05
1.002597288149412e-02	-2.166490e-05
1.002727884645715e-02	-2.432308e-05
1.002864981346591e-02	-2.323195e-05
1.003109632461828e-02	-2.684154e-05
1.003346930232657e-02	-2.595980e-05
1.003821525774316e-02	-3.001882e-05
1.004503392274004e-02	-2.860020e-05
1.005503392274004e-02	-2.853223e-05
1.006503392274004e-02	-2.243153e-05
1.007503392274004e-02	-2.141704e-05
1.008503392274004e-02	-1.630351e-05
1.009503392274004e-02	-1.624128e-05
1.010000000000000e-02	-1.282874e-05
1.010000000100000e-02	-8.037028e-06
1.010000001700000e-02	-1.294445e-05
1.010000004900000e-02	-1.166187e-05
1.010000011300000e-02	-1.511935e-05
1.010000024100000e-02	-1.336802e-05
1.010000049700000e-02	-1.616059e-05
1.010000100900000e-02	-1.428880e-05
1.010000203300000e-02	-1.654088e-05
1.010000408100000e-02	-1.407561e-05
1.010000817700000e-02	-1.598841e-05
1.010001636900000e-02	-1.336905e-05
1.010003275300001e-02	-1.524309e-05
1.010006552100002e-02	-1.288393e-05
1.010013105700003e-02	-1.510809e-05
1.010026212900006e-02	-1.285166e-05
1.010052427300013e-02	-1.502627e-05
1.010104856100025e-02	-1.269330e-05
1.010209713700050e-02	-1.471123e-05
1.010419428900100e-02	-1.207722e-05
1.010838859300201e-02	-1.352813e-05
1.011677720100402e-02	-9.892437e-06
1.012677720100402e-02	-1.066281e-05
1.013433420477580e-02	-2.602160e-02
1.014204763626352e-02	-1.417487e-01
1.014500016544683e-02	-1.499654e-01
1.014785662270709e-02	-1.581448e-01
1.015088562359116e-02	-1.661410e-01
1.015694362535931e-02	-1.826695e-01
1.016694362535931e-02	-2.083110e-01
1.017694362535931e-02	-2.227320e-01
1.018694362535931e-02	-2.297788e-01
1.019694362535931e-02	-2.367387e-01
1.020694362535931e-02	-2.430086e-01
1.021694362535931e-02	-2.493623e-01
1.022694362535931e-02	-2.545104e-01
1.023694362535931e-02	-2.560404e-01
1.024694362535931e-02	-2.560868e-01
1.025694362535931e-02	-2.563913e-01
1.026694362535931e-02	-2.562551e-01
1.027694362535931e-02	-2.564278e-01
1.028694362535931e-02	-2.562015e-01
1.029694362535931e-02	-2.563177e-01
1.030694362535931e-02	-2.560639e-01
1.031694362535931e-02	-2.561793e-01
1.032694362535931e-02	-2.559539e-01
1.033694362535931e-02	-2.521953e-01
1.034694362535931e-02	-2.462766e-01
1.035694362535931e-02	-2.406961e-01
1.036694362535931e-02	-2.351921e-01
1.037694362535931e-02	-2.298305e-01
1.038694362535931e-02	-2.240054e-01
1.039694362535931e-02	-2.179404e-01
1.040694362535931e-02	-2.069646e-01
1.041694362535931e-02	-1.926034e-01
1.042694362535931e-02	-1.775322e-01
1.043694362535931e-02	-1.675333e-01
1.044694362535931e-02	-1.637532e-01
1.045694362535931e-02	-1.621435e-01
1.046694362535931e-02	-1.613695e-01
1.047694362535931e-02	-1.616070e-01
1.048694362535931e-02	-1.615954e-01
1.049694362535931e-02	-1.618461e-01
1.050694362535931e-02	-1.617935e-01
1.051694362535931e-02	-1.620109e-01
1.052694362535931e-02	-1.619304e-01
1.053694362535931e-02	-1.621246e-01
1.054694362535931e-02	-1.620241e-01
1.055694362535931e-02	-1.622014e-01
1.056694362535931e-02	-1.620857e-01
1.057694362535931e-02	-1.622501e-01
1.058694362535931e-02	-1.621225e-01
1.059694362535931e-02	-1.622766e-01
1.060694362535931e-02	-1.621343e-01
1.061694362535931e-02	-1.622281e-01
1.062694362535931e-02	-1.619396e-01
1.063694362535931e-02	-1.618458e-01
1.064694362535931e-02	-1.613829e-01
1.065694362535931e-02	-1.611322e-01
1.066694362535931e-02	-1.605052e-01
1.067694362535931e-02	-1.600734e-01
1.068694362535931e-02	-1.592394e-01
1.069694362535931e-02	-1.585834e-01
1.070694362535931e-02	-1.575133e-01
1.071694362535931e-02	-1.566282e-01
1.072694362535931e-02	-1.553998e-01
1.073694362535931e-02	-1.545142e-01
1.074694362535931e-02	-1.533616e-01
1.075694362535931e-02	-1.525376e-01
1.076694362535931e-02	-1.514379e-01
1.077694362535931e-02	-1.506644e-01
1.078694362535931e-02	-1.496115e-01
1.079694362535931e-02	-1.488838e-01
1.080694362535931e-02	-1.478723e-01
1.081694362535931e-02	-1.471839e-01
1.082694362535931e-02	-1.462061e-01
1.083694362535931e-02	-1.455471e-01
1.084694362535931e-02	-1.445890e-01
1.085694362535931e-02	-1.439386e-01
1.086694362535931e-02	-1.429668e-01
1.087694362535931e-02	-1.422652e-01
1.088694362535931e-02	-1.411644e-01
1.089694362535931e-02	-1.402179e-01
1.090694362535931e-02	-1.388174e-01
1.091694362535931e-02	-1.377115e-01
1.092694362535931e-02	-1.363821e-01
1.093694362535931e-02	-1.354897e-01
1.094694362535931e-02	-1.344216e-01
1.095694362535931e-02	-1.338098e-01
1.096694362535931e-02	-1.330253e-01
1.097694362535931e-02	-1.326776e-01
1.098694362535931e-02	-1.321254e-01
1.099694362535931e-02	-1.319713e-01
1.100000000100000e-02	-1.317386e-01
1.100000000200000e-02	-1.317940e-01
1.100000001800000e-02	-1.318924e-01
1.100000005000000e-02	-1.318179e-01
1.100000011400000e-02	-1.318771e-01
1.100000024200000e-02	-1.318129e-01
1.100000049800000e-02	-1.318640e-01
1.100000101000000e-02	-1.318020e-01
1.100000203400000e-02	-1.318560e-01
1.100000408200000e-02	-1.317981e-01
1.100000817800000e-02	-1.318507e-01
1.100001637000000e-02	-1.317910e-01
1.100003275400001e-02	-1.318435e-01
1.100006552200002e-02	-1.317862e-01
1.100013105800003e-02	-1.318405e-01
1.100026213000006e-02	-1.317815e-01
1.100052427400013e-02	-1.318310e-01
1.100104856200025e-02	-1.317628e-01
1.100209713800050e-02	-1.317946e-01
1.100419429000100e-02	-1.316932e-01
1.100838859400201e-02	-1.316678e-01
1.101677720200402e-02	-1.314841e-01
1.102677720200402e-02	-1.314350e-01
1.103677720200402e-02	-1.313115e-01
1.104677720200402e-02	-1.313243e-01
1.105677720200402e-02	-1.312415e-01
1.106677720200402e-02	-1.312800e-01
1.107677720200402e-02	-1.312128e-01
1.108677720200402e-02	-1.312608e-01
1.109677720200402e-02	-1.311994e-01
1.110677720200402e-02	-1.312510e-01
1.111677720200402e-02	-1.311920e-01
1.112677720200402e-02	-1.312453e-01
1.113677720200402e-02	-1.311875e-01
1.114677720200402e-02	-1.312417e-01
1.115677720200402e-02	-1.311846e-01
1.116677720200402e-02	-1.312394e-01
1.117677720200402e-02	-1.311827e-01
1.118677720200402e-02	-1.312378e-01
1.119677720200402e-02	-1.311814e-01
1.120677720200402e-02	-1.312367e-01
1.121677720200402e-02	-1.311805e-01
1.122677720200402e-02	-1.312359e-01
1.123677720200402e-02	-1.311799e-01
1.124677720200402e-02	-1.312354e-01
1.125677720200402e-02	-1.311794e-01
1.126677720200402e-02	-1.312351e-01
1.127677720200402e-02	-1.311791e-01
1.128677720200402e-02	-1.312348e-01
1.129677720200402e-02	-1.311789e-01
1.130677720200402e-02	-1.312346e-01
1.131677720200402e-02	-1.311788e-01
1.132677720200402e-02	-1.312345e-01
1.133677720200402e-02	-1.311787e-01
1.134677720200402e-02	-1.312344e-01
1.135677720200402e-02	-1.311786e-01
1.136677720200402e-02	-1.312344e-01
1.137677720200402e-02	-1.311785e-01
1.138677720200402e-02	-1.312343e-01
1.139677720200402e-02	-1.311785e-01
1.140677720200402e-02	-1.312343e-01
1.141677720200402e-02	-1.311785e-01
1.142677720200402e-02	-1.312343e-01
1.143677720200402e-02	-1.311785e-01
1.144677720200402e-02	-1.312343e-01
1.145677720200402e-02	-1.311785e-01
1.146677720200402e-02	-1.312342e-01
1.147677720200402e-02	-1.311785e-01
1.148677720200402e-02	-1.312342e-01
1.149677720200402e-02	-1.311785e-01
1.150677720200402e-02	-1.312342e-01
1.151677720200402e-02	-1.311785e-01
1.152677720200402e-02	-1.312342e-01
1.153677720200402e-02	-1.311785e-01
1.154677720200402e-02	-1.312342e-01
1.155677720200402e-02	-1.311785e-01
1.156677720200402e-02	-1.312342e-01
1.157677720200402e-02	-1.311785e-01
1.158677720200402e-02	-1.312342e-01
1.159677720200402e-02	-1.311785e-01
1.160677720200402e-02	-1.312342e-01
1.161677720200402e-02	-1.311785e-01
1.162677720200402e-02	-1.312342e-01
1.163677720200402e-02	-1.311785e-01
1.164677720200402e-02	-1.312342e-01
1.165677720200402e-02	-1.311785e-01
1.166677720200402e-02	-1.312342e-01
1.167677720200402e-02	-1.311785e-01
1.168677720200402e-02	-1.312342e-01
1.169677720200402e-02	-1.311785e-01
1.170677720200402e-02	-1.312342e-01
1.171677720200402e-02	-1.311785e-01
1.172677720200402e-02	-1.312342e-01
1.173677720200402e-02	-1.311785e-01
1.174677720200402e-02	-1.312342e-01
1.175677720200402e-02	-1.311785e-01
1.176677720200402e-02	-1.312343e-01
1.177677720200402e-02	-1.311785e-01
1.178677720200402e-02	-1.312343e-01
1.179677720200402e-02	-1.311785e-01
1.180677720200402e-02	-1.312343e-01
1.181677720200402e-02	-1.311785e-01
1.182677720200402e-02	-1.312343e-01
1.183677720200402e-02	-1.311785e-01
1.184677720200402e-02	-1.312343e-01
1.185677720200402e-02	-1.311785e-01
1.186677720200402e-02	-1.312343e-01
1.187677720200402e-02	-1.311785e-01
1.188677720200402e-02	-1.312343e-01
1.189677720200402e-02	-1.311785e-01
1.190677720200402e-02	-1.312343e-01
1.191677720200402e-02	-1.311785e-01
1.192677720200402e-02	-1.312343e-01
1.193677720200402e-02	-1.311785e-01
1.194677720200402e-02	-1.312343e-01
1.195677720200402e-02	-1.311785e-01
1.196677720200402e-02	-1.312343e-01
1.197677720200402e-02	-1.311785e-01
1.198677720200402e-02	-1.312343e-01
1.199677720200402e-02	-1.311785e-01
1.200677720200402e-02	-1.312343e-01
1.201677720200402e-02	-1.311785e-01
1.202677720200402e-02	-1.312343e-01
1.203677720200402e-02	-1.311785e-01
1.204677720200402e-02	-1.312343e-01
1.205677720200402e-02	-1.311785e-01
1.206677720200402e-02	-1.312343e-01
1.207677720200402e-02	-1.311785e-01
1.208677720200402e-02	-1.312343e-01
1.209677720200402e-02	-1.311785e-01
1.210677720200402e-02	-1.312343e-01
1.211677720200402e-02	-1.311785e-01
1.212677720200402e-02	-1.312343e-01
1.213677720200402e-02	-1.311785e-01
1.214677720200402e-02	-1.312343e-01
1.215677720200402e-02	-1.311785e-01
1.216677720200402e-02	-1.312343e-01
1.217677720200402e-02	-1.311785e-01
1.218677720200402e-02	-1.312343e-01
1.219677720200402e-02	-1.311785e-01
1.220677720200402e-02	-1.312343e-01
1.221677720200402e-02	-1.311785e-01
1.222677720200402e-02	-1.312343e-01
1.223677720200402e-02	-1.311785e-01
1.224677720200402e-02	-1.312343e-01
1.225677720200402e-02	-1.311785e-01
1.226677720200402e-02	-1.312343e-01
1.227677720200402e-02	-1.311785e-01
1.228677720200402e-02	-1.312343e-01
1.229677720200402e-02	-1.311785e-01
1.230677720200402e-02	-1.312343e-01
1.231677720200402e-02	-1.311785e-01
1.232677720200402e-02	-1.312343e-01
1.233677720200402e-02	-1.311785e-01
1.234677720200402e-02	-1.312343e-01
1.235677720200402e-02	-1.311785e-01
1.236677720200402e-02	-1.312343e-01
1.237677720200402e-02	-1.311785e-01
1.238677720200402e-02	-1.312343e-01
1.239677720200402e-02	-1.311785e-01
1.240677720200402e-02	-1.312343e-01
1.241677720200402e-02	-1.311785e-01
1.242677720200402e-02	-1.312343e-01
1.243677720200402e-02	-1.311785e-01
1.244677720200402e-02	-1.312343e-01
1.245677720200402e-02	-1.311785e-01
1.246677720200402e-02	-1.312343e-01
1.247677720200402e-02	-1.311785e-01
1.248677720200402e-02	-1.312343e-01
1.249677720200402e-02	-1.311785e-01
1.250677720200402e-02	-1.312343e-01
1.251677720200402e-02	-1.311785e-01
1.252677720200402e-02	-1.312343e-01
1.253677720200402e-02	-1.311785e-01
1.254677720200402e-02	-1.312343e-01
1.255677720200402e-02	-1.311785e-01
1.256677720200402e-02	-1.312343e-01
1.257677720200402e-02	-1.311785e-01
1.258677720200402e-02	-1.312343e-01
1.259677720200402e-02	-1.311785e-01
1.260677720200402e-02	-1.312343e-01
1.261677720200402e-02	-1.311785e-01
1.262677720200402e-02	-1.312343e-01
1.263677720200402e-02	-1.311785e-01
1.264677720200402e-02	-1.312343e-01
1.265677720200402e-02	-1.311785e-01
1.266677720200402e-02	-1.312343e-01
1.267677720200402e-02	-1.311785e-01
1.268677720200402e-02	-1.312343e-01
1.269677720200402e-02	-1.311785e-01
1.270677720200402e-02	-1.312343e-01
1.271677720200402e-02	-1.311785e-01
1.272677720200402e-02	-1.312343e-01
1.273677720200402e-02	-1.311785e-01
1.274677720200402e-02	-1.312343e-01
1.275677720200402e-02	-1.311785e-01
1.276677720200402e-02	-1.312343e-01
1.277677720200402e-02	-1.311785e-01
1.278677720200402e-02	-1.312343e-01
1.279677720200402e-02	-1.311785e-01
1.280677720200402e-02	-1.312343e-01
1.281677720200402e-02	-1.311785e-01
1.282677720200402e-02	-1.312343e-01
1.283677720200402e-02	-1.311785e-01
1.284677720200402e-02	-1.312343e-01
1.285677720200402e-02	-1.311785e-01
1.286677720200402e-02	-1.312343e-01
1.287677720200402e-02	-1.311785e-01
1.288677720200402e-02	-1.312343e-01
1.289677720200402e-02	-1.311785e-01
1.290677720200402e-02	-1.312343e-01
1.291677720200402e-02	-1.311785e-01
1.292677720200402e-02	-1.312343e-01
1.293677720200402e-02	-1.311785e-01
1.294677720200402e-02	-1.312343e-01
1.295677720200402e-02	-1.311785e-01
1.296677720200402e-02	-1.312343e-01
1.297677720200402e-02	-1.311785e-01
1.298677720200402e-02	-1.312343e-01
1.299677720200402e-02	-1.311785e-01
1.300677720200402e-02	-1.312343e-01
1.301677720200402e-02	-1.311785e-01
1.302677720200402e-02	-1.312343e-01
1.303677720200402e-02	-1.311785e-01
1.304677720200402e-02	-1.312343e-01
1.305677720200402e-02	-1.311785e-01
1.306677720200402e-02	-1.312343e-01
1.307677720200402e-02	-1.311785e-01
1.308677720200402e-02	-1.312343e-01
1.309677720200402e-02	-1.311785e-01
1.310677720200402e-02	-1.312343e-01
1.311677720200402e-02	-1.311785e-01
1.312677720200402e-02	-1.312343e-01
1.313677720200402e-02	-1.311785e-01
1.314677720200402e-02	-1.312343e-01
1.315677720200402e-02	-1.311785e-01
1.316677720200402e-02	-1.312343e-01
1.317677720200402e-02	-1.311785e-01
1.318677720200402e-02	-1.312343e-01
1.319677720200402e-02	-1.311785e-01
1.320677720200402e-02	-1.312343e-01
1.321677720200402e-02	-1.311785e-01
1.322677720200402e-02	-1.312343e-01
1.323677720200402e-02	-1.311785e-01
1.324677720200402e-02	-1.312343e-01
1.325677720200402e-02	-1.311785e-01
1.326677720200402e-02	-1.312343e-01
1.327677720200402e-02	-1.311785e-01
1.328677720200402e-02	-1.312343e-01
1.329677720200402e-02	-1.311785e-01
1.330677720200402e-02	-1.312343e-01
1.331677720200402e-02	-1.311785e-01
1.332677720200402e-02	-1.312343e-01
1.333677720200402e-02	-1.311785e-01
1.334677720200402e-02	-1.312343e-01
1.335677720200402e-02	-1.311785e-01
1.336677720200402e-02	-1.312343e-01
1.337677720200402e-02	-1.311785e-01
1.338677720200402e-02	-1.312343e-01
1.339677720200402e-02	-1.311785e-01
1.340677720200402e-02	-1.312343e-01
1.341677720200402e-02	-1.311785e-01
1.342677720200402e-02	-1.312343e-01
1.343677720200402e-02	-1.311785e-01
1.344677720200402e-02	-1.312343e-01
1.345677720200402e-02	-1.311785e-01
1.346677720200402e-02	-1.312343e-01
1.347677720200402e-02	-1.311785e-01
1.348677720200402e-02	-1.312343e-01
1.349677720200402e-02	-1.311785e-01
1.350677720200402e-02	-1.312343e-01
1.351677720200402e-02	-1.311785e-01
1.352677720200402e-02	-1.312343e-01
1.353677720200402e-02	-1.311785e-01
1.354677720200402e-02	-1.312343e-01
1.355677720200401e-02	-1.311785e-01
1.356677720200402e-02	-1.312343e-01
1.357677720200402e-02	-1.311785e-01
1.358677720200402e-02	-1.312343e-01
1.359677720200402e-02	-1.311785e-01
1.360677720200402e-02	-1.312343e-01
1.361677720200402e-02	-1.311785e-01
1.362677720200402e-02	-1.312343e-01
1.363677720200402e-02	-1.311785e-01
1.364677720200402e-02	-1.312343e-01
1.365677720200402e-02	-1.311785e-01
1.366677720200402e-02	-1.312343e-01
1.367677720200402e-02	-1.311785e-01
1.368677720200402e-02	-1.312343e-01
1.369677720200402e-02	-1.311785e-01
1.370677720200402e-02	-1.312343e-01
1.371677720200402e-02	-1.311785e-01
1.372677720200401e-02	-1.312343e-01
1.373677720200402e-02	-1.311785e-01
1.374677720200402e-02	-1.312343e-01
1.375677720200402e-02	-1.311785e-01
1.376677720200402e-02	-1.312343e-01
1.377677720200402e-02	-1.311785e-01
1.378677720200402e-02	-1.312343e-01
1.379677720200402e-02	-1.311785e-01
1.380677720200402e-02	-1.312343e-01
1.381677720200402e-02	-1.311785e-01
1.382677720200402e-02	-1.312343e-01
1.383677720200402e-02	-1.311785e-01
1.384677720200402e-02	-1.312343e-01
1.385677720200402e-02	-1.311785e-01
1.386677720200402e-02	-1.312343e-01
1.387677720200402e-02	-1.311785e-01
1.388677720200402e-02	-1.312343e-01
1.389677720200401e-02	-1.311785e-01
1.390677720200402e-02	-1.312343e-01
1.391677720200402e-02	-1.311785e-01
1.392677720200402e-02	-1.312343e-01
1.393677720200402e-02	-1.311785e-01
1.394677720200402e-02	-1.312343e-01
1.395677720200402e-02	-1.311785e-01
1.396677720200402e-02	-1.312343e-01
1.397677720200402e-02	-1.311785e-01
1.398677720200402e-02	-1.312343e-01
1.399677720200402e-02	-1.311785e-01
1.400677720200402e-02	-1.312343e-01
1.401677720200402e-02	-1.311785e-01
1.402677720200402e-02	-1.312343e-01
1.403677720200402e-02	-1.311785e-01
1.404677720200402e-02	-1.312343e-01
1.405677720200402e-02	-1.311785e-01
1.406677720200402e-02	-1.312343e-01
1.407677720200402e-02	-1.311785e-01
1.408677720200402e-02	-1.312343e-01
1.409677720200402e-02	-1.311785e-01
1.410677720200402e-02	-1.312343e-01
1.411677720200402e-02	-1.311785e-01
1.412677720200402e-02	-1.312343e-01
1.413677720200402e-02	-1.311785e-01
1.414677720200402e-02	-1.312343e-01
1.415677720200402e-02	-1.311785e-01
1.416677720200402e-02	-1.312343e-01
1.417677720200402e-02	-1.311785e-01
1.418677720200402e-02	-1.312343e-01
1.419677720200401e-02	-1.311785e-01
1.420677720200402e-02	-1.312343e-01
1.421677720200402e-02	-1.311785e-01
1.422677720200402e-02	-1.312343e-01
1.423677720200402e-02	-1.311785e-01
1.424677720200402e-02	-1.312343e-01
1.425677720200402e-02	-1.311785e-01
1.426677720200402e-02	-1.312343e-01
1.427677720200402e-02	-1.311785e-01
1.428677720200402e-02	-1.312343e-01
1.429677720200402e-02	-1.311785e-01
1.430677720200402e-02	-1.312343e-01
1.431677720200402e-02	-1.311785e-01
1.432677720200402e-02	-1.312343e-01
1.433677720200402e-02	-1.311785e-01
1.434677720200402e-02	-1.312343e-01
1.435677720200402e-02	-1.311785e-01
1.436677720200401e-02	-1.312343e-01
1.437677720200402e-02	-1.311785e-01
1.438677720200402e-02	-1.312343e-01
1.439677720200402e-02	-1.311785e-01
1.440677720200402e-02	-1.312343e-01
1.441677720200402e-02	-1.311785e-01
1.442677720200402e-02	-1.312343e-01
1.443677720200402e-02	-1.311785e-01
1.444677720200402e-02	-1.312343e-01
1.445677720200402e-02	-1.311785e-01
1.446677720200402e-02	-1.312343e-01
1.447677720200402e-02	-1.311785e-01
1.448677720200402e-02	-1.312343e-01
1.449677720200402e-02	-1.311785e-01
1.450677720200402e-02	-1.312343e-01
1.451677720200402e-02	-1.311785e-01
1.452677720200402e-02	-1.312343e-01
1.453677720200401e-02	-1.311785e-01
1.454677720200402e-02	-1.312343e-01
1.455677720200402e-02	-1.311785e-01
1.456677720200402e-02	-1.312343e-01
1.457677720200402e-02	-1.311785e-01
1.458677720200402e-02	-1.312343e-01
1.459677720200402e-02	-1.311785e-01
1.460677720200402e-02	-1.312343e-01
1.461677720200402e-02	-1.311785e-01
1.462677720200402e-02	-1.312343e-01
1.463677720200402e-02	-1.311785e-01
1.464677720200402e-02	-1.312343e-01
1.465677720200402e-02	-1.311785e-01
1.466677720200402e-02	-1.312343e-01
1.467677720200402e-02	-1.311785e-01
1.468677720200402e-02	-1.312343e-01
1.469677720200402e-02	-1.311785e-01
1.470677720200401e-02	-1.312343e-01
1.471677720200402e-02	-1.311785e-01
1.472677720200402e-02	-1.312343e-01
1.473677720200402e-02	-1.311785e-01
1.474677720200402e-02	-1.312343e-01
1.475677720200402e-02	-1.311785e-01
1.476677720200402e-02	-1.312343e-01
1.477677720200402e-02	-1.311785e-01
1.478677720200402e-02	-1.312343e-01
1.479677720200402e-02	-1.311785e-01
1.480677720200402e-02	-1.312343e-01
1.481677720200402e-02	-1.311785e-01
1.482677720200402e-02	-1.312343e-01
1.483677720200401e-02	-1.311785e-01
1.484677720200402e-02	-1.312343e-01
1.485677720200402e-02	-1.311785e-01
1.486677720200402e-02	-1.312343e-01
1.487677720200401e-02	-1.311785e-01
1.488677720200402e-02	-1.312343e-01
1.489677720200402e-02	-1.311785e-01
1.490677720200402e-02	-1.312343e-01
1.491677720200402e-02	-1.311785e-01
1.492677720200402e-02	-1.312343e-01
1.493677720200402e-02	-1.311785e-01
1.494677720200402e-02	-1.312343e-01
1.495677720200402e-02	-1.311785e-01
1.496677720200402e-02	-1.312343e-01
1.497677720200402e-02	-1.311785e-01
1.498677720200402e-02	-1.312343e-01
1.499677720200402e-02	-1.311785e-01
1.500677720200401e-02	-1.312343e-01
1.501677720200402e-02	-1.311785e-01
1.502677720200402e-02	-1.312343e-01
1.503677720200402e-02	-1.311785e-01
1.504677720200401e-02	-1.312343e-01
1.505677720200402e-02	-1.311785e-01
1.506677720200402e-02	-1.312343e-01
1.507677720200402e-02	-1.311785e-01
1.508677720200402e-02	-1.312343e-01
1.509677720200402e-02	-1.311785e-01
1.510677720200402e-02	-1.312343e-01
1.511677720200402e-02	-1.311785e-01
1.512677720200402e-02	-1.312343e-01
1.513677720200402e-02	-1.311785e-01
1.514677720200402e-02	-1.312343e-01
1.515677720200402e-02	-1.311785e-01
1.516677720200402e-02	-1.312343e-01
1.517677720200401e-02	-1.311785e-01
1.518677720200402e-02	-1.312343e-01
1.519677720200402e-02	-1.311785e-01
1.520677720200402e-02	-1.312343e-01
1.521677720200401e-02	-1.311785e-01
1.522677720200402e-02	-1.312343e-01
1.523677720200402e-02	-1.311785e-01
1.524677720200402e-02	-1.312343e-01
1.525677720200402e-02	-1.311785e-01
1.526677720200402e-02	-1.312343e-01
1.527677720200402e-02	-1.311785e-01
1.528677720200402e-02	-1.312343e-01
1.529677720200402e-02	-1.311785e-01
1.530677720200402e-02	-1.312343e-01
1.531677720200402e-02	-1.311785e-01
1.532677720200402e-02	-1.312343e-01
1.533677720200402e-02	-1.311785e-01
1.534677720200401e-02	-1.312343e-01
1.535677720200402e-02	-1.311785e-01
1.536677720200402e-02	-1.312343e-01
1.537677720200402e-02	-1.311785e-01
1.538677720200401e-02	-1.312343e-01
1.539677720200402e-02	-1.311785e-01
1.540677720200402e-02	-1.312343e-01
1.541677720200402e-02	-1.311785e-01
1.542677720200402e-02	-1.312343e-01
1.543677720200402e-02	-1.311785e-01
1.544677720200402e-02	-1.312343e-01
1.545677720200402e-02	-1.311785e-01
1.546677720200402e-02	-1.312343e-01
1.547677720200401e-02	-1.311785e-01
1.548677720200402e-02	-1.312343e-01
1.549677720200402e-02	-1.311785e-01
1.550677720200402e-02	-1.312343e-01
1.551677720200401e-02	-1.311785e-01
1.552677720200402e-02	-1.312343e-01
1.553677720200402e-02	-1.311785e-01
1.554677720200402e-02	-1.312343e-01
1.555677720200402e-02	-1.311785e-01
1.556677720200402e-02	-1.312343e-01
1.557677720200402e-02	-1.311785e-01
1.558677720200402e-02	-1.312343e-01
1.559677720200402e-02	-1.311785e-01
1.560677720200402e-02	-1.312343e-01
1.561677720200402e-02	-1.311785e-01
1.562677720200402e-02	-1.312343e-01
1.563677720200402e-02	-1.311785e-01
1.564677720200401e-02	-1.312343e-01
1.565677720200401e-02	-1.311785e-01
1.566677720200401e-02	-1.312343e-01
1.567677720200402e-02	-1.311785e-01
1.568677720200402e-02	-1.312343e-01
1.569677720200402e-02	-1.311785e-01
1.570677720200402e-02	-1.312343e-01
1.571677720200402e-02	-1.311785e-01
1.572677720200402e-02	-1.312343e-01
1.573677720200401e-02	-1.311785e-01
1.574677720200401e-02	-1.312343e-01
1.575677720200402e-02	-1.311785e-01
1.576677720200402e-02	-1.312343e-01
1.577677720200402e-02	-1.311785e-01
1.578677720200402e-02	-1.312343e-01
1.579677720200402e-02	-1.311785e-01
1.580677720200402e-02	-1.312343e-01
1.581677720200401e-02	-1.311785e-01
1.582677720200401e-02	-1.312343e-01
1.583677720200401e-02	-1.311785e-01
1.584677720200402e-02	-1.312343e-01
1.585677720200402e-02	-1.311785e-01
1.586677720200402e-02	-1.312343e-01
1.587677720200402e-02	-1.311785e-01
1.588677720200402e-02	-1.312343e-01
1.589677720200402e-02	-1.311785e-01
1.590677720200401e-02	-1.312343e-01
1.591677720200401e-02	-1.311785e-01
1.592677720200402e-02	-1.312343e-01
1.593677720200402e-02	-1.311785e-01
1.594677720200402e-02	-1.312343e-01
1.595677720200402e-02	-1.311785e-01
1.596677720200402e-02	-1.312343e-01
1.597677720200402e-02	-1.311785e-01
1.598677720200401e-02	-1.312343e-01
1.599677720200401e-02	-1.311785e-01
1.600677720200401e-02	-1.312343e-01
1.601677720200402e-02	-1.311785e-01
1.602677720200402e-02	-1.312343e-01
1.603677720200402e-02	-1.311785e-01
1.604677720200402e-02	-1.312343e-01
1.605677720200402e-02	-1.311785e-01
1.606677720200402e-02	-1.312343e-01
1.607677720200401e-02	-1.311785e-01
1.608677720200401e-02	-1.312343e-01
1.609677720200402e-02	-1.311785e-01
1.610677720200402e-02	-1.312343e-01
1.611677720200402e-02	-1.311785e-01
1.612677720200402e-02	-1.312343e-01
1.613677720200402e-02	-1.311785e-01
1.614677720200402e-02	-1.312343e-01
1.615677720200401e-02	-1.311785e-01
1.616677720200401e-02	-1.312343e-01
1.617677720200401e-02	-1.311785e-01
1.618677720200402e-02	-1.312343e-01
1.619677720200402e-02	-1.311785e-01
1.620677720200402e-02	-1.312343e-01
1.621677720200402e-02	-1.311785e-01
1.622677720200402e-02	-1.312343e-01
1.623677720200402e-02	-1.311785e-01
1.624677720200401e-02	-1.312343e-01
1.625677720200401e-02	-1.311785e-01
1.626677720200402e-02	-1.312343e-01
1.627677720200402e-02	-1.311785e-01
1.628677720200402e-02	-1.312343e-01
1.629677720200402e-02	-1.311785e-01
1.630677720200402e-02	-1.312343e-01
1.631677720200402e-02	-1.311785e-01
1.632677720200401e-02	-1.312343e-01
1.633677720200401e-02	-1.311785e-01
1.634677720200401e-02	-1.312343e-01
1.635677720200402e-02	-1.311785e-01
1.636677720200402e-02	-1.312343e-01
1.637677720200402e-02	-1.311785e-01
1.638677720200402e-02	-1.312343e-01
1.639677720200402e-02	-1.311785e-01
1.640677720200402e-02	-1.312343e-01
1.641677720200401e-02	-1.311785e-01
1.642677720200401e-02	-1.312343e-01
1.643677720200401e-02	-1.311785e-01
1.644677720200402e-02	-1.312343e-01
1.645677720200402e-02	-1.311785e-01
1.646677720200402e-02	-1.312343e-01
1.647677720200402e-02	-1.311785e-01
1.648677720200402e-02	-1.312343e-01
1.649677720200401e-02	-1.311785e-01
1.650677720200401e-02	-1.312343e-01
1.651677720200401e-02	-1.311785e-01
1.652677720200402e-02	-1.312343e-01
1.653677720200402e-02	-1.311785e-01
1.654677720200402e-02	-1.312343e-01
1.655677720200402e-02	-1.311785e-01
1.656677720200402e-02	-1.312343e-01
1.657677720200402e-02	-1.311785e-01
1.658677720200401e-02	-1.312343e-01
1.659677720200401e-02	-1.311785e-01
1.660677720200401e-02	-1.312343e-01
1.661677720200402e-02	-1.311785e-01
1.662677720200402e-02	-1.312343e-01
1.663677720200402e-02	-1.311785e-01
1.664677720200402e-02	-1.312343e-01
1.665677720200402e-02	-1.311785e-01
1.666677720200401e-02	-1.312343e-01
1.667677720200401e-02	-1.311785e-01
1.668677720200401e-02	-1.312343e-01
1.669677720200402e-02	-1.311785e-01
1.670677720200402e-02	-1.312343e-01
1.671677720200402e-02	-1.311785e-01
1.672677720200402e-02	-1.312343e-01
1.673677720200402e-02	-1.311785e-01
1.674677720200402e-02	-1.312343e-01
1.675677720200401e-02	-1.311785e-01
1.676677720200401e-02	-1.312343e-01
1.677677720200401e-02	-1.311785e-01
1.678677720200402e-02	-1.312343e-01
1.679677720200402e-02	-1.311785e-01
1.680677720200402e-02	-1.312343e-01
1.681677720200402e-02	-1.311785e-01
1.682677720200402e-02	-1.312343e-01
1.683677720200401e-02	-1.311785e-01
1.684677720200401e-02	-1.312343e-01
1.685677720200401e-02	-1.311785e-01
1.686677720200402e-02	-1.312343e-01
1.687677720200402e-02	-1.311785e-01
1.688677720200402e-02	-1.312343e-01
1.689677720200402e-02	-1.311785e-01
1.690677720200402e-02	-1.312343e-01
1.691677720200402e-02	-1.311785e-01
1.692677720200401e-02	-1.312343e-01
1.693677720200401e-02	-1.311785e-01
1.694677720200401e-02	-1.312343e-01
1.695677720200402e-02	-1.311785e-01
1.696677720200402e-02	-1.312343e-01
1.697677720200402e-02	-1.311785e-01
1.698677720200402e-02	-1.312343e-01
1.699677720200402e-02	-1.311785e-01
1.700677720200401e-02	-1.312343e-01
1.701677720200401e-02	-1.311785e-01
1.702677720200401e-02	-1.312343e-01
1.703677720200402e-02	-1.311785e-01
1.704677720200402e-02	-1.312343e-01
1.705677720200402e-02	-1.311785e-01
1.706677720200402e-02	-1.312343e-01
1.707677720200402e-02	-1.311785e-01
1.708677720200402e-02	-1.312343e-01
1.709677720200401e-02	-1.311785e-01
1.710677720200401e-02	-1.312343e-01
1.711677720200401e-02	-1.311785e-01
1.712677720200402e-02	-1.312343e-01
1.713677720200402e-02	-1.311785e-01
1.714677720200402e-02	-1.312343e-01
1.715677720200402e-02	-1.311785e-01
1.716677720200402e-02	-1.312343e-01
1.717677720200401e-02	-1.311785e-01
1.718677720200401e-02	-1.312343e-01
1.719677720200401e-02	-1.311785e-01
1.720677720200402e-02	-1.312343e-01
1.721677720200402e-02	-1.311785e-01
1.722677720200402e-02	-1.312343e-01
1.723677720200402e-02	-1.311785e-01
1.724677720200402e-02	-1.312343e-01
1.725677720200402e-02	-1.311785e-01
1.726677720200401e-02	-1.312343e-01
1.727677720200401e-02	-1.311785e-01
1.728677720200401e-02	-1.312343e-01
1.729677720200402e-02	-1.311785e-01
1.730677720200402e-02	-1.312343e-01
1.731677720200402e-02	-1.311785e-01
1.732677720200402e-02	-1.312343e-01
1.733677720200402e-02	-1.311785e-01
1.734677720200401e-02	-1.312343e-01
1.735677720200401e-02	-1.311785e-01
1.736677720200401e-02	-1.312343e-01
1.737677720200402e-02	-1.311785e-01
1.738677720200402e-02	-1.312343e-01
1.739677720200402e-02	-1.311785e-01
1.740677720200402e-02	-1.312343e-01
1.741677720200402e-02	-1.311785e-01
1.742677720200402e-02	-1.312343e-01
1.743677720200401e-02	-1.311785e-01
1.744677720200401e-02	-1.312343e-01
1.745677720200401e-02	-1.311785e-01
1.746677720200402e-02	-1.312343e-01
1.747677720200402e-02	-1.311785e-01
1.748677720200402e-02	-1.312343e-01
1.749677720200402e-02	-1.311785e-01
1.750677720200402e-02	-1.312343e-01
1.751677720200401e-02	-1.311785e-01
1.752677720200401e-02	-1.312343e-01
1.753677720200401e-02	-1.311785e-01
1.754677720200402e-02	-1.312343e-01
1.755677720200402e-02	-1.311785e-01
1.756677720200402e-02	-1.312343e-01
1.757677720200402e-02	-1.311785e-01
1.758677720200402e-02	-1.312343e-01
1.759677720200402e-02	-1.311785e-01
1.760677720200401e-02	-1.312343e-01
1.761677720200401e-02	-1.311785e-01
1.762677720200401e-02	-1.312343e-01
1.763677720200402e-02	-1.311786e-01
1.764677720200402e-02	-1.312343e-01
1.765677720200402e-02	-1.311786e-01
1.766677720200402e-02	-1.312343e-01
1.767677720200402e-02	-1.311786e-01
1.768677720200401e-02	-1.312343e-01
1.769677720200401e-02	-1.311786e-01
1.770677720200401e-02	-1.312343e-01
1.771677720200401e-02	-1.311786e-01
1.772677720200402e-02	-1.312343e-01
1.773677720200402e-02	-1.311786e-01
1.774677720200402e-02	-1.312343e-01
1.775677720200402e-02	-1.311786e-01
1.776677720200402e-02	-1.312343e-01
1.777677720200401e-02	-1.311786e-01
1.778677720200401e-02	-1.312343e-01
1.779677720200401e-02	-1.311786e-01
1.780677720200402e-02	-1.312343e-01
1.781677720200402e-02	-1.311786e-01
1.782677720200402e-02	-1.312343e-01
1.783677720200402e-02	-1.311786e-01
1.784677720200402e-02	-1.312343e-01
1.785677720200401e-02	-1.311786e-01
1.786677720200401e-02	-1.312343e-01
1.787677720200401e-02	-1.311786e-01
1.788677720200401e-02	-1.312343e-01
1.789677720200402e-02	-1.311786e-01
1.790677720200402e-02	-1.312343e-01
1.791677720200402e-02	-1.311786e-01
1.792677720200402e-02	-1.312343e-01
1.793677720200402e-02	-1.311786e-01
1.794677720200401e-02	-1.312343e-01
1.795677720200401e-02	-1.311786e-01
1.796677720200401e-02	-1.312343e-01
1.797677720200402e-02	-1.311786e-01
1.798677720200402e-02	-1.312343e-01
1.799677720200402e-02	-1.311786e-01
1.800677720200402e-02	-1.312343e-01
1.801677720200402e-02	-1.311786e-01
1.802677720200401e-02	-1.312343e-01
1.803677720200401e-02	-1.311786e-01
1.804677720200401e-02	-1.312343e-01
1.805677720200401e-02	-1.311786e-01
1.806677720200402e-02	-1.312343e-01
1.807677720200402e-02	-1.311786e-01
1.808677720200402e-02	-1.312343e-01
1.809677720200402e-02	-1.311786e-01
1.810677720200402e-02	-1.312343e-01
1.811677720200401e-02	-1.311786e-01
1.812677720200401e-02	-1.312343e-01
1.813677720200401e-02	-1.311786e-01
1.814677720200402e-02	-1.312343e-01
1.815677720200402e-02	-1.311786e-01
1.816677720200402e-02	-1.312343e-01
1.817677720200402e-02	-1.311786e-01
1.818677720200402e-02	-1.312343e-01
1.819677720200401e-02	-1.311786e-01
1.820677720200401e-02	-1.312343e-01
1.821677720200401e-02	-1.311786e-01
1.822677720200401e-02	-1.312343e-01
1.823677720200402e-02	-1.311786e-01
1.824677720200402e-02	-1.312343e-01
1.825677720200402e-02	-1.311786e-01
1.826677720200402e-02	-1.312343e-01
1.827677720200402e-02	-1.311786e-01
1.828677720200401e-02	-1.312343e-01
1.829677720200401e-02	-1.311786e-01
1.830677720200401e-02	-1.312343e-01
1.831677720200402e-02	-1.311786e-01
1.832677720200402e-02	-1.312343e-01
1.833677720200402e-02	-1.311786e-01
1.834677720200402e-02	-1.312343e-01
1.835677720200402e-02	-1.311786e-01
1.836677720200402e-02	-1.312343e-01
1.837677720200401e-02	-1.311786e-01
1.838677720200401e-02	-1.312343e-01
1.839677720200401e-02	-1.311786e-01
1.840677720200402e-02	-1.312343e-01
1.841677720200402e-02	-1.311786e-01
1.842677720200402e-02	-1.312343e-01
1.843677720200402e-02	-1.311786e-01
1.844677720200402e-02	-1.312343e-01
1.845677720200401e-02	-1.311786e-01
1.846677720200401e-02	-1.312343e-01
1.847677720200401e-02	-1.311786e-01
1.848677720200402e-02	-1.312343e-01
1.849677720200402e-02	-1.311786e-01
1.850677720200402e-02	-1.312343e-01
1.851677720200402e-02	-1.311786e-01
1.852677720200402e-02	-1.312343e-01
1.853677720200402e-02	-1.311786e-01
1.854677720200401e-02	-1.312343e-01
1.855677720200401e-02	-1.311786e-01
1.856677720200401e-02	-1.312343e-01
1.857677720200402e-02	-1.311786e-01
1.858677720200402e-02	-1.312343e-01
1.859677720200402e-02	-1.311786e-01
1.860677720200402e-02	-1.312343e-01
1.861677720200402e-02	-1.311786e-01
1.862677720200401e-02	-1.312343e-01
1.863677720200401e-02	-1.311786e-01
1.864677720200401e-02	-1.312343e-01
1.865677720200402e-02	-1.311786e-01
1.866677720200402e-02	-1.312343e-01
1.867677720200402e-02	-1.311786e-01
1.868677720200402e-02	-1.312343e-01
1.869677720200402e-02	-1.311786e-01
1.870677720200402e-02	-1.312343e-01
1.871677720200401e-02	-1.311786e-01
1.872677720200401e-02	-1.312343e-01
1.873677720200401e-02	-1.311786e-01
1.874677720200402e-02	-1.312343e-01
1.875677720200402e-02	-1.311786e-01
1.876677720200402e-02	-1.312343e-01
1.877677720200402e-02	-1.311786e-01
1.878677720200402e-02	-1.312343e-01
1.879677720200401e-02	-1.311786e-01
1.880677720200401e-02	-1.312343e-01
1.881677720200401e-02	-1.311786e-01
1.882677720200402e-02	-1.312343e-01
1.883677720200402e-02	-1.311786e-01
1.884677720200402e-02	-1.312343e-01
1.885677720200402e-02	-1.311786e-01
1.886677720200402e-02	-1.312343e-01
1.887677720200402e-02	-1.311786e-01
1.888677720200401e-02	-1.312343e-01
1.889677720200401e-02	-1.311786e-01
1.890677720200401e-02	-1.312343e-01
1.891677720200402e-02	-1.311786e-01
1.892677720200402e-02	-1.312343e-01
1.893677720200402e-02	-1.311786e-01
1.894677720200402e-02	-1.312343e-01
1.895677720200402e-02	-1.311786e-01
1.896677720200401e-02	-1.312343e-01
1.897677720200401e-02	-1.311786e-01
1.898677720200401e-02	-1.312343e-01
1.899677720200401e-02	-1.311786e-01
1.900677720200402e-02	-1.312343e-01
1.901677720200402e-02	-1.311786e-01
1.902677720200402e-02	-1.312343e-01
1.903677720200402e-02	-1.311786e-01
1.904677720200402e-02	-1.312343e-01
1.905677720200401e-02	-1.311786e-01
1.906677720200401e-02	-1.312343e-01
1.907677720200401e-02	-1.311786e-01
1.908677720200402e-02	-1.312343e-01
1.909677720200402e-02	-1.311786e-01
1.910677720200402e-02	-1.312343e-01
1.911677720200402e-02	-1.311786e-01
1.912677720200402e-02	-1.312343e-01
1.913677720200401e-02	-1.311786e-01
1.914677720200401e-02	-1.312343e-01
1.915677720200401e-02	-1.311786e-01
1.916677720200401e-02	-1.312343e-01
1.917677720200402e-02	-1.311786e-01
1.918677720200402e-02	-1.312343e-01
1.919677720200402e-02	-1.311786e-01
1.920677720200402e-02	-1.312343e-01
1.921677720200402e-02	-1.311786e-01
1.922677720200401e-02	-1.312343e-01
1.923677720200401e-02	-1.311786e-01
1.924677720200401e-02	-1.312343e-01
1.925677720200402e-02	-1.311786e-01
1.926677720200402e-02	-1.312343e-01
1.927677720200402e-02	-1.311786e-01
1.928677720200402e-02	-1.312343e-01
1.929677720200402e-02	-1.311786e-01
1.930677720200401e-02	-1.312343e-01
1.931677720200401e-02	-1.311786e-01
1.932677720200401e-02	-1.312343e-01
1.933677720200401e-02	-1.311786e-01
1.934677720200402e-02	-1.312343e-01
1.935677720200402e-02	-1.311786e-01
1.936677720200402e-02	-1.312343e-01
1.937677720200402e-02	-1.311786e-01
1.938677720200402e-02	-1.312343e-01
1.939677720200401e-02	-1.311786e-01
1.940677720200401e-02	-1.312343e-01
1.941677720200401e-02	-1.311786e-01
1.942677720200402e-02	-1.312343e-01
1.943677720200402e-02	-1.311786e-01
1.944677720200402e-02	-1.312343e-01
1.945677720200402e-02	-1.311786e-01
1.946677720200402e-02	-1.312343e-01
1.947677720200401e-02	-1.311786e-01
1.948677720200401e-02	-1.312343e-01
1.949677720200401e-02	-1.311786e-01
1.950677720200401e-02	-1.312343e-01
1.951677720200402e-02	-1.311786e-01
1.952677720200402e-02	-1.312343e-01
1.953677720200402e-02	-1.311786e-01
1.954677720200402e-02	-1.312343e-01
1.955677720200402e-02	-1.311786e-01
1.956677720200401e-02	-1.312343e-01
1.957677720200401e-02	-1.311786e-01
1.958677720200401e-02	-1.312343e-01
1.959677720200402e-02	-1.311786e-01
1.960677720200402e-02	-1.312343e-01
1.961677720200402e-02	-1.311786e-01
1.962677720200402e-02	-1.312343e-01
1.963677720200402e-02	-1.311786e-01
1.964677720200401e-02	-1.312343e-01
1.965677720200401e-02	-1.311786e-01
1.966677720200401e-02	-1.312343e-01
1.967677720200401e-02	-1.311786e-01
1.968677720200402e-02	-1.312343e-01
1.969677720200402e-02	-1.311786e-01
1.970677720200402e-02	-1.312343e-01
1.971677720200402e-02	-1.311786e-01
1.972677720200402e-02	-1.312343e-01
1.973677720200401e-02	-1.311786e-01
1.974677720200401e-02	-1.312343e-01
1.975677720200401e-02	-1.311786e-01
1.976677720200402e-02	-1.312343e-01
1.977677720200402e-02	-1.311786e-01
1.978677720200402e-02	-1.312343e-01
1.979677720200402e-02	-1.311786e-01
1.980677720200402e-02	-1.312343e-01
1.981677720200401e-02	-1.311786e-01
1.982677720200401e-02	-1.312343e-01
1.983677720200401e-02	-1.311786e-01
1.984677720200401e-02	-1.312343e-01
1.985677720200402e-02	-1.311786e-01
1.986677720200402e-02	-1.312343e-01
1.987677720200402e-02	-1.311786e-01
1.988677720200402e-02	-1.312343e-01
1.989677720200402e-02	-1.311786e-01
1.990677720200401e-02	-1.312343e-01
1.991677720200401e-02	-1.311786e-01
1.992677720200401e-02	-1.312343e-01
1.993677720200402e-02	-1.311786e-01
1.994677720200402e-02	-1.312343e-01
1.995677720200402e-02	-1.311786e-01
1.996677720200402e-02	-1.312343e-01
1.997677720200402e-02	-1.311786e-01
1.998677720200401e-02	-1.312343e-01
1.999677720200401e-02	-1.311786e-01
2.000000000000000e-02	-nan
