time	V(out_pos,out_neg)
0.000000000000000e+00	5.245209e-06
9.999999439624929e-11	5.245209e-06
1.999999887924986e-10	5.245209e-06
3.999999775849972e-10	5.245209e-06
7.999999551699943e-10	5.245209e-06
1.599999910339989e-09	5.245209e-06
3.199999820679977e-09	5.006790e-06
6.399999641359955e-09	5.006790e-06
1.279999928271991e-08	5.006790e-06
2.559999856543982e-08	4.053116e-06
5.119999713087964e-08	-4.148483e-05
9.246836417723533e-08	3.170967e-05
1.509242075100819e-07	1.294613e-04
2.056174244703025e-07	5.316734e-05
2.710765642440253e-07	4.458427e-05
3.306952379877461e-07	2.145767e-05
4.437995133823612e-07	-1.716614e-05
4.655979855252423e-07	-2.670288e-05
5.091949298110046e-07	-2.908707e-05
5.963888183825291e-07	-3.194809e-05
7.707765955255781e-07	-3.457069e-05
1.119552149811676e-06	-4.196167e-05
1.689222017952657e-06	-6.675720e-05
2.396118455308188e-06	-1.144409e-04
3.398941274866276e-06	-2.498627e-04
5.089102328211127e-06	-7.662773e-04
8.469424434900830e-06	-1.577854e-03
1.523006864828024e-05	-3.970385e-03
2.523006864828024e-05	-8.643389e-03
3.523006864828024e-05	-4.350185e-03
4.523006864828024e-05	-4.527569e-04
5.523006864828023e-05	-1.966953e-04
6.523006864828023e-05	2.522469e-04
7.523006864828023e-05	-1.645088e-05
8.523006864828023e-05	1.039505e-04
9.523006864828022e-05	6.890297e-05
1.000000009999994e-04	5.722046e-06
1.000000019999994e-04	5.722046e-06
1.000000179999994e-04	5.722046e-06
1.000000499999994e-04	5.722046e-06
1.000001139999994e-04	5.722046e-06
1.000002419999994e-04	5.722046e-06
1.000004979999994e-04	5.483627e-06
1.000010099999994e-04	5.722046e-06
1.000020339999994e-04	5.722046e-06
1.000040819999994e-04	5.722046e-06
1.000081779999994e-04	5.722046e-06
1.000163699999994e-04	5.960464e-06
1.000327539999994e-04	5.960464e-06
1.000655219999995e-04	5.960464e-06
1.001310579999995e-04	6.198883e-06
1.002621299999997e-04	6.198883e-06
1.005242740000000e-04	6.437302e-06
1.010485620000006e-04	7.152557e-06
1.020971380000018e-04	9.536743e-06
1.041942900000042e-04	1.883507e-05
1.083885940000089e-04	5.507469e-05
1.167772020000184e-04	1.232624e-04
1.267772020000184e-04	1.471043e-04
1.367772020000184e-04	8.897781e-04
1.467772020000184e-04	1.759052e-03
1.567772020000184e-04	1.366615e-03
1.667772020000184e-04	5.686283e-04
1.767772020000184e-04	1.928806e-04
1.867772020000184e-04	1.065731e-04
1.967772020000184e-04	5.245209e-05
2.067772020000184e-04	2.121925e-05
2.167772020000184e-04	1.120567e-05
2.267772020000184e-04	3.814697e-06
2.367772020000184e-04	1.668930e-06
2.467772020000184e-04	2.384186e-07
2.567772020000184e-04	-2.860069e-03
2.667772020000184e-04	-2.745676e-02
2.767772020000184e-04	5.764127e-02
2.835310670063409e-04	1.582987e-01
2.900097651985191e-04	3.689992e-01
2.955519010219953e-04	5.977876e-01
3.007019764923531e-04	8.150759e-01
3.066665354848595e-04	1.027894e+00
3.121238906876391e-04	1.157404e+00
3.176258009527081e-04	1.245894e+00
3.233143742601884e-04	1.328704e+00
3.333143742601884e-04	1.469029e+00
3.433143742601884e-04	1.606719e+00
3.533143742601884e-04	1.742498e+00
3.633143742601884e-04	1.877152e+00
3.733143742601883e-04	2.010998e+00
3.833143742601884e-04	2.144261e+00
3.933143742601883e-04	2.276961e+00
4.033143742601884e-04	2.409230e+00
4.133143742601883e-04	2.541058e+00
4.233143742601884e-04	2.672533e+00
4.333143742601883e-04	2.803631e+00
4.433143742601884e-04	2.934421e+00
4.533143742601883e-04	3.063953e+00
4.633143742601884e-04	3.166844e+00
4.733143742601883e-04	3.215746e+00
4.833143742601884e-04	3.229265e+00
4.933143742601884e-04	3.235439e+00
5.033143742601883e-04	3.239516e+00
5.133143742601883e-04	3.242714e+00
5.233143742601884e-04	3.245369e+00
5.333143742601884e-04	3.247635e+00
5.433143742601883e-04	3.249606e+00
5.533143742601883e-04	3.251334e+00
5.633143742601884e-04	3.252866e+00
5.733143742601884e-04	3.254226e+00
5.833143742601883e-04	3.255444e+00
5.933143742601883e-04	3.256536e+00
6.033143742601884e-04	3.257523e+00
6.133143742601884e-04	3.258412e+00
6.233143742601883e-04	3.259221e+00
6.333143742601883e-04	3.259954e+00
6.433143742601884e-04	3.260625e+00
6.533143742601884e-04	3.261235e+00
6.633143742601883e-04	3.261796e+00
6.733143742601883e-04	3.262309e+00
6.833143742601883e-04	3.262782e+00
6.933143742601884e-04	3.263216e+00
7.033143742601883e-04	3.263618e+00
7.133143742601883e-04	3.263988e+00
7.233143742601883e-04	3.264332e+00
7.333143742601884e-04	3.264647e+00
7.433143742601883e-04	3.264943e+00
7.533143742601883e-04	3.265215e+00
7.633143742601883e-04	3.265471e+00
7.733143742601884e-04	3.265705e+00
7.833143742601883e-04	3.265927e+00
7.933143742601883e-04	3.266130e+00
8.033143742601883e-04	3.266323e+00
8.133143742601884e-04	3.266501e+00
8.233143742601883e-04	3.266669e+00
8.333143742601883e-04	3.266823e+00
8.433143742601883e-04	3.266971e+00
8.533143742601884e-04	3.267106e+00
8.633143742601883e-04	3.267236e+00
8.733143742601883e-04	3.267354e+00
8.833143742601883e-04	3.267468e+00
8.933143742601884e-04	3.267572e+00
9.033143742601883e-04	3.267673e+00
9.133143742601883e-04	3.267764e+00
9.233143742601883e-04	3.267853e+00
9.333143742601884e-04	3.267934e+00
9.433143742601883e-04	3.268013e+00
9.533143742601883e-04	3.268084e+00
9.633143742601883e-04	3.268154e+00
9.733143742601884e-04	3.268217e+00
9.833143742601883e-04	3.268278e+00
9.933143742601883e-04	3.268334e+00
1.000000000000000e-03	3.268373e+00
1.000000001000000e-03	3.268373e+00
1.000000017000000e-03	3.268372e+00
1.000000049000000e-03	3.268373e+00
1.000000113000000e-03	3.268372e+00
1.000000241000000e-03	3.268372e+00
1.000000497000000e-03	3.268372e+00
1.000001009000000e-03	3.268372e+00
1.000002033000000e-03	3.268371e+00
1.000004081000000e-03	3.268371e+00
1.000008177000000e-03	3.268371e+00
1.000016369000001e-03	3.268371e+00
1.000032753000001e-03	3.268371e+00
1.000065521000002e-03	3.268372e+00
1.000131057000004e-03	3.268372e+00
1.000262129000007e-03	3.268373e+00
1.000524273000015e-03	3.268374e+00
1.001048561000029e-03	3.268377e+00
1.002097137000058e-03	3.268382e+00
1.004194289000116e-03	3.268393e+00
1.008388593000232e-03	3.268415e+00
1.016777201000463e-03	3.268456e+00
1.026777201000463e-03	3.268502e+00
1.036777201000463e-03	3.268546e+00
1.046777201000463e-03	3.268588e+00
1.056777201000463e-03	3.268627e+00
1.066777201000463e-03	3.268664e+00
1.076777201000463e-03	3.268699e+00
1.086777201000463e-03	3.268732e+00
1.096777201000463e-03	3.268763e+00
1.106777201000463e-03	3.268792e+00
1.116777201000463e-03	3.268819e+00
1.126777201000463e-03	3.268845e+00
1.136777201000463e-03	3.268870e+00
1.146777201000463e-03	3.268893e+00
1.156777201000463e-03	3.268915e+00
1.166777201000463e-03	3.268936e+00
1.176777201000463e-03	3.268955e+00
1.186777201000463e-03	3.268974e+00
1.196777201000463e-03	3.268991e+00
1.206777201000463e-03	3.269008e+00
1.216777201000463e-03	3.269024e+00
1.226777201000463e-03	3.269038e+00
1.236777201000463e-03	3.269052e+00
1.246777201000463e-03	3.269065e+00
1.256777201000463e-03	3.269078e+00
1.266777201000463e-03	3.269089e+00
1.276777201000463e-03	3.269101e+00
1.286777201000463e-03	3.269111e+00
1.296777201000463e-03	3.269121e+00
1.306777201000463e-03	3.269130e+00
1.316777201000463e-03	3.269139e+00
1.326777201000463e-03	3.269148e+00
1.336777201000463e-03	3.269156e+00
1.346777201000463e-03	3.269163e+00
1.356777201000463e-03	3.269170e+00
1.366777201000463e-03	3.269177e+00
1.376777201000463e-03	3.269183e+00
1.386777201000463e-03	3.269189e+00
1.396777201000463e-03	3.269195e+00
1.406777201000463e-03	3.269200e+00
1.416777201000463e-03	3.269205e+00
1.426777201000463e-03	3.269210e+00
1.436777201000463e-03	3.269215e+00
1.446777201000463e-03	3.269219e+00
1.456777201000463e-03	3.269223e+00
1.466777201000463e-03	3.269227e+00
1.476777201000463e-03	3.269231e+00
1.486777201000463e-03	3.269234e+00
1.496777201000463e-03	3.269237e+00
1.506777201000463e-03	3.269240e+00
1.516777201000463e-03	3.269243e+00
1.526777201000463e-03	3.269246e+00
1.536777201000463e-03	3.269249e+00
1.546777201000463e-03	3.269251e+00
1.556777201000463e-03	3.269253e+00
1.566777201000463e-03	3.269256e+00
1.576777201000463e-03	3.269258e+00
1.586777201000463e-03	3.269260e+00
1.596777201000463e-03	3.269262e+00
1.606777201000463e-03	3.269263e+00
1.616777201000463e-03	3.269265e+00
1.626777201000463e-03	3.269267e+00
1.636777201000463e-03	3.269268e+00
1.646777201000463e-03	3.269270e+00
1.656777201000463e-03	3.269271e+00
1.666777201000463e-03	3.269272e+00
1.676777201000463e-03	3.269274e+00
1.686777201000463e-03	3.269275e+00
1.696777201000463e-03	3.269276e+00
1.706777201000463e-03	3.269277e+00
1.716777201000463e-03	3.269278e+00
1.726777201000463e-03	3.269279e+00
1.736777201000463e-03	3.269280e+00
1.746777201000463e-03	3.269280e+00
1.756777201000463e-03	3.269281e+00
1.766777201000463e-03	3.269282e+00
1.776777201000463e-03	3.269283e+00
1.786777201000463e-03	3.269283e+00
1.796777201000463e-03	3.269284e+00
1.806777201000463e-03	3.269285e+00
1.816777201000463e-03	3.269285e+00
1.826777201000463e-03	3.269286e+00
1.836777201000463e-03	3.269286e+00
1.846777201000463e-03	3.269287e+00
1.856777201000463e-03	3.269287e+00
1.866777201000463e-03	3.269288e+00
1.876777201000463e-03	3.269288e+00
1.886777201000463e-03	3.269288e+00
1.896777201000463e-03	3.269288e+00
1.906777201000463e-03	3.269289e+00
1.916777201000463e-03	3.269289e+00
1.926777201000463e-03	3.269290e+00
1.936777201000463e-03	3.269290e+00
1.946777201000463e-03	3.269290e+00
1.956777201000463e-03	3.269290e+00
1.966777201000463e-03	3.269291e+00
1.976777201000463e-03	3.269291e+00
1.986777201000463e-03	3.269291e+00
1.996777201000463e-03	3.269291e+00
2.006777201000463e-03	3.269292e+00
2.016777201000463e-03	3.269292e+00
2.026777201000463e-03	3.269292e+00
2.036777201000463e-03	3.269292e+00
2.046777201000463e-03	3.269292e+00
2.056777201000463e-03	3.269292e+00
2.066777201000463e-03	3.269292e+00
2.076777201000463e-03	3.269293e+00
2.086777201000463e-03	3.269293e+00
2.096777201000463e-03	3.269293e+00
2.106777201000463e-03	3.269293e+00
2.116777201000463e-03	3.269293e+00
2.126777201000463e-03	3.269293e+00
2.136777201000463e-03	3.269293e+00
2.146777201000463e-03	3.269293e+00
2.156777201000463e-03	3.269294e+00
2.166777201000463e-03	3.269294e+00
2.176777201000463e-03	3.269294e+00
2.186777201000463e-03	3.269294e+00
2.196777201000463e-03	3.269294e+00
2.206777201000463e-03	3.269294e+00
2.216777201000463e-03	3.269294e+00
2.226777201000463e-03	3.269294e+00
2.236777201000463e-03	3.269294e+00
2.246777201000463e-03	3.269294e+00
2.256777201000463e-03	3.269294e+00
2.266777201000463e-03	3.269294e+00
2.276777201000463e-03	3.269294e+00
2.286777201000463e-03	3.269294e+00
2.296777201000463e-03	3.269294e+00
2.306777201000463e-03	3.269295e+00
2.316777201000463e-03	3.269295e+00
2.326777201000463e-03	3.269295e+00
2.336777201000463e-03	3.269295e+00
2.346777201000463e-03	3.269295e+00
2.356777201000463e-03	3.269295e+00
2.366777201000463e-03	3.269295e+00
2.376777201000463e-03	3.269295e+00
2.386777201000463e-03	3.269295e+00
2.396777201000463e-03	3.269295e+00
2.406777201000463e-03	3.269295e+00
2.416777201000463e-03	3.269295e+00
2.426777201000463e-03	3.269295e+00
2.436777201000463e-03	3.269295e+00
2.446777201000463e-03	3.269295e+00
2.456777201000463e-03	3.269295e+00
2.466777201000463e-03	3.269295e+00
2.476777201000463e-03	3.269295e+00
2.486777201000463e-03	3.269295e+00
2.496777201000463e-03	3.269295e+00
2.506777201000463e-03	3.269295e+00
2.516777201000463e-03	3.269295e+00
2.526777201000463e-03	3.269295e+00
2.536777201000463e-03	3.269295e+00
2.546777201000463e-03	3.269295e+00
2.556777201000463e-03	3.269295e+00
2.566777201000463e-03	3.269295e+00
2.576777201000463e-03	3.269295e+00
2.586777201000463e-03	3.269295e+00
2.596777201000463e-03	3.269295e+00
2.606777201000463e-03	3.269295e+00
2.616777201000463e-03	3.269295e+00
2.626777201000463e-03	3.269295e+00
2.636777201000463e-03	3.269295e+00
2.646777201000463e-03	3.269295e+00
2.656777201000463e-03	3.269295e+00
2.666777201000463e-03	3.269295e+00
2.676777201000463e-03	3.269295e+00
2.686777201000463e-03	3.269295e+00
2.696777201000463e-03	3.269295e+00
2.706777201000463e-03	3.269295e+00
2.716777201000463e-03	3.269295e+00
2.726777201000463e-03	3.269295e+00
2.736777201000463e-03	3.269295e+00
2.746777201000463e-03	3.269295e+00
2.756777201000463e-03	3.269295e+00
2.766777201000463e-03	3.269295e+00
2.776777201000463e-03	3.269295e+00
2.786777201000463e-03	3.269295e+00
2.796777201000463e-03	3.269295e+00
2.806777201000463e-03	3.269295e+00
2.816777201000463e-03	3.269295e+00
2.826777201000463e-03	3.269295e+00
2.836777201000463e-03	3.269295e+00
2.846777201000463e-03	3.269295e+00
2.856777201000463e-03	3.269295e+00
2.866777201000463e-03	3.269295e+00
2.876777201000463e-03	3.269295e+00
2.886777201000463e-03	3.269295e+00
2.896777201000463e-03	3.269295e+00
2.906777201000463e-03	3.269295e+00
2.916777201000463e-03	3.269295e+00
2.926777201000463e-03	3.269295e+00
2.936777201000463e-03	3.269295e+00
2.946777201000463e-03	3.269295e+00
2.956777201000463e-03	3.269295e+00
2.966777201000463e-03	3.269295e+00
2.976777201000463e-03	3.269295e+00
2.986777201000463e-03	3.269295e+00
2.996777201000463e-03	3.269295e+00
3.006777201000463e-03	3.269295e+00
3.016777201000463e-03	3.269295e+00
3.026777201000463e-03	3.269295e+00
3.036777201000463e-03	3.269295e+00
3.046777201000463e-03	3.269295e+00
3.056777201000463e-03	3.269295e+00
3.066777201000463e-03	3.269295e+00
3.076777201000463e-03	3.269295e+00
3.086777201000463e-03	3.269295e+00
3.096777201000463e-03	3.269295e+00
3.106777201000463e-03	3.269295e+00
3.116777201000463e-03	3.269295e+00
3.126777201000463e-03	3.269295e+00
3.136777201000463e-03	3.269295e+00
3.146777201000463e-03	3.269295e+00
3.156777201000463e-03	3.269295e+00
3.166777201000463e-03	3.269295e+00
3.176777201000463e-03	3.269295e+00
3.186777201000463e-03	3.269295e+00
3.196777201000463e-03	3.269295e+00
3.206777201000463e-03	3.269295e+00
3.216777201000463e-03	3.269295e+00
3.226777201000463e-03	3.269295e+00
3.236777201000463e-03	3.269295e+00
3.246777201000463e-03	3.269295e+00
3.256777201000463e-03	3.269295e+00
3.266777201000463e-03	3.269295e+00
3.276777201000463e-03	3.269295e+00
3.286777201000463e-03	3.269295e+00
3.296777201000463e-03	3.269295e+00
3.306777201000463e-03	3.269295e+00
3.316777201000463e-03	3.269295e+00
3.326777201000463e-03	3.269295e+00
3.336777201000463e-03	3.269295e+00
3.346777201000463e-03	3.269295e+00
3.356777201000463e-03	3.269295e+00
3.366777201000463e-03	3.269295e+00
3.376777201000463e-03	3.269295e+00
3.386777201000463e-03	3.269295e+00
3.396777201000463e-03	3.269295e+00
3.406777201000463e-03	3.269295e+00
3.416777201000463e-03	3.269295e+00
3.426777201000463e-03	3.269295e+00
3.436777201000463e-03	3.269295e+00
3.446777201000463e-03	3.269295e+00
3.456777201000463e-03	3.269295e+00
3.466777201000463e-03	3.269295e+00
3.476777201000463e-03	3.269295e+00
3.486777201000463e-03	3.269295e+00
3.496777201000463e-03	3.269295e+00
3.506777201000463e-03	3.269295e+00
3.516777201000463e-03	3.269295e+00
3.526777201000463e-03	3.269295e+00
3.536777201000463e-03	3.269295e+00
3.546777201000463e-03	3.269295e+00
3.556777201000463e-03	3.269295e+00
3.566777201000463e-03	3.269295e+00
3.576777201000463e-03	3.269295e+00
3.586777201000463e-03	3.269295e+00
3.596777201000463e-03	3.269295e+00
3.606777201000463e-03	3.269295e+00
3.616777201000463e-03	3.269295e+00
3.626777201000463e-03	3.269295e+00
3.636777201000463e-03	3.269295e+00
3.646777201000463e-03	3.269295e+00
3.656777201000463e-03	3.269295e+00
3.666777201000463e-03	3.269295e+00
3.676777201000463e-03	3.269295e+00
3.686777201000463e-03	3.269295e+00
3.696777201000463e-03	3.269295e+00
3.706777201000463e-03	3.269295e+00
3.716777201000463e-03	3.269295e+00
3.726777201000463e-03	3.269295e+00
3.736777201000463e-03	3.269295e+00
3.746777201000463e-03	3.269295e+00
3.756777201000463e-03	3.269295e+00
3.766777201000463e-03	3.269295e+00
3.776777201000463e-03	3.269295e+00
3.786777201000463e-03	3.269295e+00
3.796777201000463e-03	3.269295e+00
3.806777201000463e-03	3.269295e+00
3.816777201000463e-03	3.269295e+00
3.826777201000463e-03	3.269295e+00
3.836777201000463e-03	3.269295e+00
3.846777201000463e-03	3.269295e+00
3.856777201000463e-03	3.269295e+00
3.866777201000463e-03	3.269295e+00
3.876777201000463e-03	3.269295e+00
3.886777201000463e-03	3.269295e+00
3.896777201000463e-03	3.269295e+00
3.906777201000463e-03	3.269295e+00
3.916777201000463e-03	3.269295e+00
3.926777201000463e-03	3.269295e+00
3.936777201000463e-03	3.269295e+00
3.946777201000463e-03	3.269295e+00
3.956777201000463e-03	3.269295e+00
3.966777201000463e-03	3.269295e+00
3.976777201000463e-03	3.269295e+00
3.986777201000463e-03	3.269295e+00
3.996777201000463e-03	3.269295e+00
4.006777201000463e-03	3.269295e+00
4.016777201000463e-03	3.269295e+00
4.026777201000463e-03	3.269295e+00
4.036777201000463e-03	3.269295e+00
4.046777201000462e-03	3.269295e+00
4.056777201000463e-03	3.269295e+00
4.066777201000463e-03	3.269295e+00
4.076777201000463e-03	3.269295e+00
4.086777201000463e-03	3.269295e+00
4.096777201000463e-03	3.269295e+00
4.106777201000463e-03	3.269295e+00
4.116777201000463e-03	3.269295e+00
4.126777201000463e-03	3.269295e+00
4.136777201000463e-03	3.269295e+00
4.146777201000463e-03	3.269295e+00
4.156777201000463e-03	3.269295e+00
4.166777201000463e-03	3.269295e+00
4.176777201000463e-03	3.269295e+00
4.186777201000463e-03	3.269295e+00
4.196777201000462e-03	3.269295e+00
4.206777201000463e-03	3.269295e+00
4.216777201000462e-03	3.269295e+00
4.226777201000463e-03	3.269295e+00
4.236777201000463e-03	3.269295e+00
4.246777201000463e-03	3.269295e+00
4.256777201000463e-03	3.269295e+00
4.266777201000463e-03	3.269295e+00
4.276777201000463e-03	3.269295e+00
4.286777201000463e-03	3.269295e+00
4.296777201000463e-03	3.269295e+00
4.306777201000463e-03	3.269295e+00
4.316777201000463e-03	3.269295e+00
4.326777201000463e-03	3.269295e+00
4.336777201000463e-03	3.269295e+00
4.346777201000463e-03	3.269295e+00
4.356777201000463e-03	3.269295e+00
4.366777201000462e-03	3.269295e+00
4.376777201000463e-03	3.269295e+00
4.386777201000462e-03	3.269295e+00
4.396777201000463e-03	3.269295e+00
4.406777201000463e-03	3.269295e+00
4.416777201000463e-03	3.269295e+00
4.426777201000463e-03	3.269295e+00
4.436777201000463e-03	3.269295e+00
4.446777201000463e-03	3.269295e+00
4.456777201000463e-03	3.269295e+00
4.466777201000463e-03	3.269295e+00
4.476777201000463e-03	3.269295e+00
4.486777201000463e-03	3.269295e+00
4.496777201000463e-03	3.269295e+00
4.506777201000463e-03	3.269295e+00
4.516777201000462e-03	3.269295e+00
4.526777201000463e-03	3.269295e+00
4.536777201000462e-03	3.269295e+00
4.546777201000463e-03	3.269295e+00
4.556777201000463e-03	3.269295e+00
4.566777201000463e-03	3.269295e+00
4.576777201000463e-03	3.269295e+00
4.586777201000463e-03	3.269295e+00
4.596777201000463e-03	3.269295e+00
4.606777201000463e-03	3.269295e+00
4.616777201000463e-03	3.269295e+00
4.626777201000463e-03	3.269295e+00
4.636777201000463e-03	3.269295e+00
4.646777201000463e-03	3.269295e+00
4.656777201000463e-03	3.269295e+00
4.666777201000463e-03	3.269295e+00
4.676777201000463e-03	3.269295e+00
4.686777201000462e-03	3.269295e+00
4.696777201000463e-03	3.269295e+00
4.706777201000462e-03	3.269295e+00
4.716777201000463e-03	3.269295e+00
4.726777201000463e-03	3.269295e+00
4.736777201000463e-03	3.269295e+00
4.746777201000463e-03	3.269295e+00
4.756777201000463e-03	3.269295e+00
4.766777201000463e-03	3.269295e+00
4.776777201000463e-03	3.269295e+00
4.786777201000463e-03	3.269295e+00
4.796777201000463e-03	3.269295e+00
4.806777201000463e-03	3.269295e+00
4.816777201000463e-03	3.269295e+00
4.826777201000463e-03	3.269295e+00
4.836777201000462e-03	3.269295e+00
4.846777201000463e-03	3.269295e+00
4.856777201000462e-03	3.269295e+00
4.866777201000463e-03	3.269295e+00
4.876777201000462e-03	3.269295e+00
4.886777201000463e-03	3.269295e+00
4.896777201000463e-03	3.269295e+00
4.906777201000463e-03	3.269295e+00
4.916777201000463e-03	3.269295e+00
4.926777201000463e-03	3.269295e+00
4.936777201000463e-03	3.269295e+00
4.946777201000463e-03	3.269295e+00
4.956777201000463e-03	3.269295e+00
4.966777201000463e-03	3.269295e+00
4.976777201000463e-03	3.269295e+00
4.986777201000463e-03	3.269295e+00
4.996777201000463e-03	3.269295e+00
5.006777201000462e-03	3.269295e+00
5.016777201000463e-03	3.269295e+00
5.026777201000462e-03	3.269295e+00
5.036777201000463e-03	3.269295e+00
5.046777201000462e-03	3.269295e+00
5.056777201000463e-03	3.269295e+00
5.066777201000463e-03	3.269295e+00
5.076777201000463e-03	3.269295e+00
5.086777201000463e-03	3.269295e+00
5.096777201000463e-03	3.269295e+00
5.106777201000463e-03	3.269295e+00
5.116777201000463e-03	3.269295e+00
5.126777201000463e-03	3.269295e+00
5.136777201000463e-03	3.269295e+00
5.146777201000463e-03	3.269295e+00
5.156777201000462e-03	3.269295e+00
5.166777201000463e-03	3.269295e+00
5.176777201000462e-03	3.269295e+00
5.186777201000463e-03	3.269295e+00
5.196777201000462e-03	3.269295e+00
5.206777201000463e-03	3.269295e+00
5.216777201000463e-03	3.269295e+00
5.226777201000463e-03	3.269295e+00
5.236777201000463e-03	3.269295e+00
5.246777201000463e-03	3.269295e+00
5.256777201000463e-03	3.269295e+00
5.266777201000463e-03	3.269295e+00
5.276777201000463e-03	3.269295e+00
5.286777201000463e-03	3.269295e+00
5.296777201000463e-03	3.269295e+00
5.306777201000463e-03	3.269295e+00
5.316777201000463e-03	3.269295e+00
5.326777201000462e-03	3.269295e+00
5.336777201000463e-03	3.269295e+00
5.346777201000462e-03	3.269295e+00
5.356777201000463e-03	3.269295e+00
5.366777201000462e-03	3.269295e+00
5.376777201000463e-03	3.269295e+00
5.386777201000463e-03	3.269295e+00
5.396777201000463e-03	3.269295e+00
5.406777201000463e-03	3.269295e+00
5.416777201000463e-03	3.269295e+00
5.426777201000463e-03	3.269295e+00
5.436777201000463e-03	3.269295e+00
5.446777201000463e-03	3.269295e+00
5.456777201000463e-03	3.269295e+00
5.466777201000463e-03	3.269295e+00
5.476777201000462e-03	3.269295e+00
5.486777201000463e-03	3.269295e+00
5.496777201000462e-03	3.269295e+00
5.506777201000463e-03	3.269295e+00
5.516777201000462e-03	3.269295e+00
5.526777201000463e-03	3.269295e+00
5.536777201000462e-03	3.269295e+00
5.546777201000463e-03	3.269295e+00
5.556777201000463e-03	3.269295e+00
5.566777201000463e-03	3.269295e+00
5.576777201000463e-03	3.269295e+00
5.586777201000463e-03	3.269295e+00
5.596777201000463e-03	3.269295e+00
5.606777201000463e-03	3.269295e+00
5.616777201000463e-03	3.269295e+00
5.626777201000463e-03	3.269295e+00
5.636777201000463e-03	3.269295e+00
5.646777201000462e-03	3.269295e+00
5.656777201000463e-03	3.269295e+00
5.666777201000462e-03	3.269295e+00
5.676777201000463e-03	3.269295e+00
5.686777201000462e-03	3.269295e+00
5.696777201000463e-03	3.269295e+00
5.706777201000462e-03	3.269295e+00
5.716777201000463e-03	3.269295e+00
5.726777201000463e-03	3.269295e+00
5.736777201000463e-03	3.269295e+00
5.746777201000463e-03	3.269295e+00
5.756777201000463e-03	3.269295e+00
5.766777201000463e-03	3.269295e+00
5.776777201000463e-03	3.269295e+00
5.786777201000463e-03	3.269295e+00
5.796777201000462e-03	3.269295e+00
5.806777201000463e-03	3.269295e+00
5.816777201000462e-03	3.269295e+00
5.826777201000463e-03	3.269295e+00
5.836777201000462e-03	3.269295e+00
5.846777201000463e-03	3.269295e+00
5.856777201000462e-03	3.269295e+00
5.866777201000463e-03	3.269295e+00
5.876777201000462e-03	3.269295e+00
5.886777201000463e-03	3.269295e+00
5.896777201000463e-03	3.269295e+00
5.906777201000463e-03	3.269295e+00
5.916777201000463e-03	3.269295e+00
5.926777201000463e-03	3.269295e+00
5.936777201000463e-03	3.269295e+00
5.946777201000463e-03	3.269295e+00
5.956777201000463e-03	3.269295e+00
5.966777201000462e-03	3.269295e+00
5.976777201000463e-03	3.269295e+00
5.986777201000462e-03	3.269295e+00
5.996777201000463e-03	3.269295e+00
6.006777201000462e-03	3.269295e+00
6.016777201000463e-03	3.269295e+00
6.026777201000462e-03	3.269295e+00
6.036777201000463e-03	3.269295e+00
6.046777201000463e-03	3.269295e+00
6.056777201000463e-03	3.269295e+00
6.066777201000463e-03	3.269295e+00
6.076777201000463e-03	3.269295e+00
6.086777201000463e-03	3.269295e+00
6.096777201000463e-03	3.269295e+00
6.106777201000463e-03	3.269295e+00
6.116777201000462e-03	3.269295e+00
6.126777201000463e-03	3.269295e+00
6.136777201000462e-03	3.269295e+00
6.146777201000463e-03	3.269295e+00
6.156777201000462e-03	3.269295e+00
6.166777201000463e-03	3.269295e+00
6.176777201000462e-03	3.269295e+00
6.186777201000463e-03	3.269295e+00
6.196777201000462e-03	3.269295e+00
6.206777201000463e-03	3.269295e+00
6.216777201000463e-03	3.269295e+00
6.226777201000463e-03	3.269295e+00
6.236777201000463e-03	3.269295e+00
6.246777201000463e-03	3.269295e+00
6.256777201000463e-03	3.269295e+00
6.266777201000463e-03	3.269295e+00
6.276777201000463e-03	3.269295e+00
6.286777201000462e-03	3.269295e+00
6.296777201000463e-03	3.269295e+00
6.306777201000462e-03	3.269295e+00
6.316777201000463e-03	3.269295e+00
6.326777201000462e-03	3.269295e+00
6.336777201000463e-03	3.269295e+00
6.346777201000462e-03	3.269295e+00
6.356777201000463e-03	3.269295e+00
6.366777201000462e-03	3.269295e+00
6.376777201000463e-03	3.269295e+00
6.386777201000463e-03	3.269295e+00
6.396777201000463e-03	3.269295e+00
6.406777201000463e-03	3.269295e+00
6.416777201000463e-03	3.269295e+00
6.426777201000463e-03	3.269295e+00
6.436777201000462e-03	3.269295e+00
6.446777201000463e-03	3.269295e+00
6.456777201000462e-03	3.269295e+00
6.466777201000463e-03	3.269295e+00
6.476777201000462e-03	3.269295e+00
6.486777201000463e-03	3.269295e+00
6.496777201000462e-03	3.269295e+00
6.506777201000463e-03	3.269295e+00
6.516777201000462e-03	3.269295e+00
6.526777201000463e-03	3.269295e+00
6.536777201000462e-03	3.269295e+00
6.546777201000463e-03	3.269295e+00
6.556777201000463e-03	3.269295e+00
6.566777201000463e-03	3.269295e+00
6.576777201000463e-03	3.269295e+00
6.586777201000463e-03	3.269295e+00
6.596777201000463e-03	3.269295e+00
6.606777201000462e-03	3.269295e+00
6.616777201000463e-03	3.269295e+00
6.626777201000462e-03	3.269295e+00
6.636777201000463e-03	3.269295e+00
6.646777201000462e-03	3.269295e+00
6.656777201000463e-03	3.269295e+00
6.666777201000462e-03	3.269295e+00
6.676777201000463e-03	3.269295e+00
6.686777201000462e-03	3.269295e+00
6.696777201000463e-03	3.269295e+00
6.706777201000463e-03	3.269295e+00
6.716777201000463e-03	3.269295e+00
6.726777201000463e-03	3.269295e+00
6.736777201000463e-03	3.269295e+00
6.746777201000463e-03	3.269295e+00
6.756777201000462e-03	3.269295e+00
6.766777201000463e-03	3.269295e+00
6.776777201000462e-03	3.269295e+00
6.786777201000463e-03	3.269295e+00
6.796777201000462e-03	3.269295e+00
6.806777201000463e-03	3.269295e+00
6.816777201000462e-03	3.269295e+00
6.826777201000463e-03	3.269295e+00
6.836777201000462e-03	3.269295e+00
6.846777201000463e-03	3.269295e+00
6.856777201000462e-03	3.269295e+00
6.866777201000463e-03	3.269295e+00
6.876777201000463e-03	3.269295e+00
6.886777201000463e-03	3.269295e+00
6.896777201000463e-03	3.269295e+00
6.906777201000463e-03	3.269295e+00
6.916777201000463e-03	3.269295e+00
6.926777201000462e-03	3.269295e+00
6.936777201000463e-03	3.269295e+00
6.946777201000462e-03	3.269295e+00
6.956777201000463e-03	3.269295e+00
6.966777201000462e-03	3.269295e+00
6.976777201000463e-03	3.269295e+00
6.986777201000462e-03	3.269295e+00
6.996777201000463e-03	3.269295e+00
7.006777201000462e-03	3.269295e+00
7.016777201000463e-03	3.269295e+00
7.026777201000462e-03	3.269295e+00
7.036777201000463e-03	3.269295e+00
7.046777201000463e-03	3.269295e+00
7.056777201000463e-03	3.269295e+00
7.066777201000463e-03	3.269295e+00
7.076777201000462e-03	3.269295e+00
7.086777201000463e-03	3.269295e+00
7.096777201000462e-03	3.269295e+00
7.106777201000463e-03	3.269295e+00
7.116777201000462e-03	3.269295e+00
7.126777201000463e-03	3.269295e+00
7.136777201000462e-03	3.269295e+00
7.146777201000463e-03	3.269295e+00
7.156777201000462e-03	3.269295e+00
7.166777201000463e-03	3.269295e+00
7.176777201000462e-03	3.269295e+00
7.186777201000463e-03	3.269295e+00
7.196777201000462e-03	3.269295e+00
7.206777201000463e-03	3.269295e+00
7.216777201000463e-03	3.269295e+00
7.226777201000463e-03	3.269295e+00
7.236777201000463e-03	3.269295e+00
7.246777201000462e-03	3.269295e+00
7.256777201000463e-03	3.269295e+00
7.266777201000462e-03	3.269295e+00
7.276777201000463e-03	3.269295e+00
7.286777201000462e-03	3.269295e+00
7.296777201000463e-03	3.269295e+00
7.306777201000462e-03	3.269295e+00
7.316777201000463e-03	3.269295e+00
7.326777201000462e-03	3.269295e+00
7.336777201000463e-03	3.269295e+00
7.346777201000462e-03	3.269295e+00
7.356777201000463e-03	3.269295e+00
7.366777201000463e-03	3.269295e+00
7.376777201000463e-03	3.269295e+00
7.386777201000463e-03	3.269295e+00
7.396777201000462e-03	3.269295e+00
7.406777201000463e-03	3.269295e+00
7.416777201000462e-03	3.269295e+00
7.426777201000463e-03	3.269295e+00
7.436777201000462e-03	3.269295e+00
7.446777201000463e-03	3.269295e+00
7.456777201000462e-03	3.269295e+00
7.466777201000463e-03	3.269295e+00
7.476777201000462e-03	3.269295e+00
7.486777201000463e-03	3.269295e+00
7.496777201000462e-03	3.269295e+00
7.506777201000463e-03	3.269295e+00
7.516777201000462e-03	3.269295e+00
7.526777201000463e-03	3.269295e+00
7.536777201000463e-03	3.269295e+00
7.546777201000463e-03	3.269295e+00
7.556777201000463e-03	3.269295e+00
7.566777201000462e-03	3.269295e+00
7.576777201000463e-03	3.269295e+00
7.586777201000462e-03	3.269295e+00
7.596777201000463e-03	3.269295e+00
7.606777201000462e-03	3.269295e+00
7.616777201000463e-03	3.269295e+00
7.626777201000462e-03	3.269295e+00
7.636777201000463e-03	3.269295e+00
7.646777201000462e-03	3.269295e+00
7.656777201000463e-03	3.269295e+00
7.666777201000462e-03	3.269295e+00
7.676777201000463e-03	3.269295e+00
7.686777201000462e-03	3.269295e+00
7.696777201000463e-03	3.269295e+00
7.706777201000463e-03	3.269295e+00
7.716777201000462e-03	3.269295e+00
7.726777201000463e-03	3.269295e+00
7.736777201000462e-03	3.269295e+00
7.746777201000463e-03	3.269295e+00
7.756777201000462e-03	3.269295e+00
7.766777201000463e-03	3.269295e+00
7.776777201000462e-03	3.269295e+00
7.786777201000463e-03	3.269295e+00
7.796777201000462e-03	3.269295e+00
7.806777201000463e-03	3.269295e+00
7.816777201000463e-03	3.269295e+00
7.826777201000463e-03	3.269295e+00
7.836777201000462e-03	3.269295e+00
7.846777201000462e-03	3.269295e+00
7.856777201000463e-03	3.269295e+00
7.866777201000463e-03	3.269295e+00
7.876777201000463e-03	3.269295e+00
7.886777201000462e-03	3.269295e+00
7.896777201000462e-03	3.269295e+00
7.906777201000463e-03	3.269295e+00
7.916777201000463e-03	3.269295e+00
7.926777201000462e-03	3.269295e+00
7.936777201000462e-03	3.269295e+00
7.946777201000463e-03	3.269295e+00
7.956777201000463e-03	3.269295e+00
7.966777201000462e-03	3.269295e+00
7.976777201000462e-03	3.269295e+00
7.986777201000463e-03	3.269295e+00
7.996777201000463e-03	3.269295e+00
8.006777201000462e-03	3.269295e+00
8.016777201000462e-03	3.269295e+00
8.026777201000463e-03	3.269295e+00
8.036777201000463e-03	3.269295e+00
8.046777201000463e-03	3.269295e+00
8.056777201000462e-03	3.269295e+00
8.066777201000462e-03	3.269295e+00
8.076777201000463e-03	3.269295e+00
8.086777201000463e-03	3.269295e+00
8.096777201000462e-03	3.269295e+00
8.106777201000462e-03	3.269295e+00
8.116777201000463e-03	3.269295e+00
8.126777201000463e-03	3.269295e+00
8.136777201000462e-03	3.269295e+00
8.146777201000462e-03	3.269295e+00
8.156777201000463e-03	3.269295e+00
8.166777201000463e-03	3.269295e+00
8.176777201000462e-03	3.269295e+00
8.186777201000462e-03	3.269295e+00
8.196777201000462e-03	3.269295e+00
8.206777201000463e-03	3.269295e+00
8.216777201000463e-03	3.269295e+00
8.226777201000462e-03	3.269295e+00
8.236777201000462e-03	3.269295e+00
8.246777201000463e-03	3.269295e+00
8.256777201000463e-03	3.269295e+00
8.266777201000462e-03	3.269295e+00
8.276777201000462e-03	3.269295e+00
8.286777201000463e-03	3.269295e+00
8.296777201000463e-03	3.269295e+00
8.306777201000462e-03	3.269295e+00
8.316777201000462e-03	3.269295e+00
8.326777201000463e-03	3.269295e+00
8.336777201000463e-03	3.269295e+00
8.346777201000462e-03	3.269295e+00
8.356777201000462e-03	3.269295e+00
8.366777201000462e-03	3.269295e+00
8.376777201000463e-03	3.269295e+00
8.386777201000463e-03	3.269295e+00
8.396777201000462e-03	3.269295e+00
8.406777201000462e-03	3.269295e+00
8.416777201000463e-03	3.269295e+00
8.426777201000463e-03	3.269295e+00
8.436777201000462e-03	3.269295e+00
8.446777201000462e-03	3.269295e+00
8.456777201000463e-03	3.269295e+00
8.466777201000463e-03	3.269295e+00
8.476777201000462e-03	3.269295e+00
8.486777201000462e-03	3.269295e+00
8.496777201000463e-03	3.269295e+00
8.506777201000463e-03	3.269295e+00
8.516777201000462e-03	3.269295e+00
8.526777201000462e-03	3.269295e+00
8.536777201000462e-03	3.269295e+00
8.546777201000463e-03	3.269295e+00
8.556777201000463e-03	3.269295e+00
8.566777201000462e-03	3.269295e+00
8.576777201000462e-03	3.269295e+00
8.586777201000463e-03	3.269295e+00
8.596777201000463e-03	3.269295e+00
8.606777201000462e-03	3.269295e+00
8.616777201000462e-03	3.269295e+00
8.626777201000463e-03	3.269295e+00
8.636777201000463e-03	3.269295e+00
8.646777201000462e-03	3.269295e+00
8.656777201000462e-03	3.269295e+00
8.666777201000463e-03	3.269295e+00
8.676777201000463e-03	3.269295e+00
8.686777201000462e-03	3.269295e+00
8.696777201000462e-03	3.269295e+00
8.706777201000462e-03	3.269295e+00
8.716777201000463e-03	3.269295e+00
8.726777201000463e-03	3.269295e+00
8.736777201000462e-03	3.269295e+00
8.746777201000462e-03	3.269295e+00
8.756777201000463e-03	3.269295e+00
8.766777201000463e-03	3.269295e+00
8.776777201000462e-03	3.269295e+00
8.786777201000462e-03	3.269295e+00
8.796777201000463e-03	3.269295e+00
8.806777201000463e-03	3.269295e+00
8.816777201000462e-03	3.269295e+00
8.826777201000462e-03	3.269295e+00
8.836777201000462e-03	3.269295e+00
8.846777201000463e-03	3.269295e+00
8.856777201000463e-03	3.269295e+00
8.866777201000462e-03	3.269295e+00
8.876777201000462e-03	3.269295e+00
8.886777201000463e-03	3.269295e+00
8.896777201000463e-03	3.269295e+00
8.906777201000462e-03	3.269295e+00
8.916777201000462e-03	3.269295e+00
8.926777201000463e-03	3.269295e+00
8.936777201000463e-03	3.269295e+00
8.946777201000462e-03	3.269295e+00
8.956777201000462e-03	3.269295e+00
8.966777201000463e-03	3.269295e+00
8.976777201000463e-03	3.269295e+00
8.986777201000462e-03	3.269295e+00
8.996777201000462e-03	3.269295e+00
9.006777201000462e-03	3.269295e+00
9.016777201000463e-03	3.269295e+00
9.026777201000463e-03	3.269295e+00
9.036777201000462e-03	3.269295e+00
9.046777201000462e-03	3.269295e+00
9.056777201000463e-03	3.269295e+00
9.066777201000463e-03	3.269295e+00
9.076777201000462e-03	3.269295e+00
9.086777201000462e-03	3.269295e+00
9.096777201000463e-03	3.269295e+00
9.106777201000463e-03	3.269295e+00
9.116777201000462e-03	3.269295e+00
9.126777201000462e-03	3.269295e+00
9.136777201000463e-03	3.269295e+00
9.146777201000463e-03	3.269295e+00
9.156777201000462e-03	3.269295e+00
9.166777201000462e-03	3.269295e+00
9.176777201000462e-03	3.269295e+00
9.186777201000463e-03	3.269295e+00
9.196777201000463e-03	3.269295e+00
9.206777201000462e-03	3.269295e+00
9.216777201000462e-03	3.269295e+00
9.226777201000463e-03	3.269295e+00
9.236777201000463e-03	3.269295e+00
9.246777201000462e-03	3.269295e+00
9.256777201000462e-03	3.269295e+00
9.266777201000463e-03	3.269295e+00
9.276777201000463e-03	3.269295e+00
9.286777201000462e-03	3.269295e+00
9.296777201000462e-03	3.269295e+00
9.306777201000463e-03	3.269295e+00
9.316777201000463e-03	3.269295e+00
9.326777201000462e-03	3.269295e+00
9.336777201000462e-03	3.269295e+00
9.346777201000462e-03	3.269295e+00
9.356777201000463e-03	3.269295e+00
9.366777201000463e-03	3.269295e+00
9.376777201000462e-03	3.269295e+00
9.386777201000462e-03	3.269295e+00
9.396777201000463e-03	3.269295e+00
9.406777201000463e-03	3.269295e+00
9.416777201000462e-03	3.269295e+00
9.426777201000462e-03	3.269295e+00
9.436777201000463e-03	3.269295e+00
9.446777201000463e-03	3.269295e+00
9.456777201000462e-03	3.269295e+00
9.466777201000462e-03	3.269295e+00
9.476777201000462e-03	3.269295e+00
9.486777201000463e-03	3.269295e+00
9.496777201000462e-03	3.269295e+00
9.506777201000462e-03	3.269295e+00
9.516777201000462e-03	3.269295e+00
9.526777201000463e-03	3.269295e+00
9.536777201000463e-03	3.269295e+00
9.546777201000462e-03	3.269295e+00
9.556777201000462e-03	3.269295e+00
9.566777201000463e-03	3.269295e+00
9.576777201000463e-03	3.269295e+00
9.586777201000462e-03	3.269295e+00
9.596777201000462e-03	3.269295e+00
9.606777201000463e-03	3.269295e+00
9.616777201000463e-03	3.269295e+00
9.626777201000462e-03	3.269295e+00
9.636777201000462e-03	3.269295e+00
9.646777201000462e-03	3.269295e+00
9.656777201000463e-03	3.269295e+00
9.666777201000462e-03	3.269295e+00
9.676777201000462e-03	3.269295e+00
9.686777201000462e-03	3.269295e+00
9.696777201000463e-03	3.269295e+00
9.706777201000463e-03	3.269295e+00
9.716777201000462e-03	3.269295e+00
9.726777201000462e-03	3.269295e+00
9.736777201000463e-03	3.269295e+00
9.746777201000463e-03	3.269295e+00
9.756777201000462e-03	3.269295e+00
9.766777201000462e-03	3.269295e+00
9.776777201000463e-03	3.269295e+00
9.786777201000463e-03	3.269295e+00
9.796777201000462e-03	3.269295e+00
9.806777201000462e-03	3.269295e+00
9.816777201000462e-03	3.269295e+00
9.826777201000463e-03	3.269295e+00
9.836777201000462e-03	3.269295e+00
9.846777201000462e-03	3.269295e+00
9.856777201000462e-03	3.269295e+00
9.866777201000463e-03	3.269295e+00
9.876777201000463e-03	3.269295e+00
9.886777201000462e-03	3.269295e+00
9.896777201000462e-03	3.269295e+00
9.906777201000463e-03	3.269295e+00
9.916777201000463e-03	3.269295e+00
9.926777201000462e-03	3.269295e+00
9.936777201000462e-03	3.269295e+00
9.946777201000463e-03	3.269295e+00
9.956777201000463e-03	3.269295e+00
9.966777201000462e-03	3.269295e+00
9.976777201000462e-03	3.269295e+00
9.986777201000462e-03	3.269295e+00
9.996777201000463e-03	3.269295e+00
1.000000000000000e-02	3.269295e+00
1.000000000100000e-02	3.269295e+00
1.000000000200000e-02	3.269295e+00
1.000000000440036e-02	3.269295e+00
1.000000000670974e-02	3.269295e+00
1.000000001132851e-02	3.269295e+00
1.000000002056605e-02	3.269295e+00
1.000000003904114e-02	3.269295e+00
1.000000007599130e-02	3.269295e+00
1.000000014989163e-02	3.269295e+00
1.000000029769228e-02	3.269295e+00
1.000000059329359e-02	3.269295e+00
1.000000118449621e-02	3.269295e+00
1.000000236690145e-02	3.269295e+00
1.000000473171193e-02	3.269295e+00
1.000000946133288e-02	3.269295e+00
1.000001768949127e-02	3.269295e+00
1.000002963204123e-02	3.269295e+00
1.000005351714114e-02	3.269295e+00
1.000010097863585e-02	3.269295e+00
1.000015398679389e-02	3.269295e+00
1.000020604733347e-02	3.269295e+00
1.000026203738538e-02	3.269295e+00
1.000031701191653e-02	3.269295e+00
1.000042696097884e-02	3.269295e+00
1.000045444824441e-02	3.269295e+00
1.000050942277557e-02	3.269296e+00
1.000061937183787e-02	3.269296e+00
1.000083926996248e-02	3.269295e+00
1.000118353605681e-02	3.269294e+00
1.000177805770837e-02	3.269291e+00
1.000249958254154e-02	3.269285e+00
1.000263574895813e-02	3.269283e+00
1.000290808179131e-02	3.269280e+00
1.000345274745768e-02	3.269270e+00
1.000454207879041e-02	3.269241e+00
1.000672074145588e-02	3.267692e+00
1.000945049428811e-02	3.260252e+00
1.001362862358279e-02	3.226341e+00
1.001754925944139e-02	2.971322e+00
1.002063867064516e-02	2.696319e+00
1.002204346081350e-02	2.644004e+00
1.002297941857569e-02	2.632848e+00
1.002391423870453e-02	2.627883e+00
1.002481083941511e-02	2.625200e+00
1.002597288152203e-02	2.623696e+00
1.002727884648705e-02	2.622859e+00
1.002864981349575e-02	2.622617e+00
1.003109632465831e-02	2.622331e+00
1.003346930237903e-02	2.622360e+00
1.003821525782047e-02	2.622198e+00
1.004503392288171e-02	2.622163e+00
1.005503392288171e-02	2.621899e+00
1.006503392288171e-02	2.621778e+00
1.007503392288171e-02	2.621474e+00
1.008503392288171e-02	2.621303e+00
1.009503392288171e-02	2.620948e+00
1.010000000000000e-02	2.620878e+00
1.010000000100000e-02	2.620878e+00
1.010000001700000e-02	2.620878e+00
1.010000004900000e-02	2.620878e+00
1.010000011300000e-02	2.620878e+00
1.010000024100000e-02	2.620878e+00
1.010000049700000e-02	2.620878e+00
1.010000100900000e-02	2.620877e+00
1.010000203300000e-02	2.620875e+00
1.010000408100000e-02	2.620870e+00
1.010000817700000e-02	2.620862e+00
1.010001636900000e-02	2.620852e+00
1.010003275300001e-02	2.620842e+00
1.010006552100002e-02	2.620837e+00
1.010013105700003e-02	2.620836e+00
1.010026212900006e-02	2.620832e+00
1.010052427300013e-02	2.620823e+00
1.010104856100025e-02	2.620806e+00
1.010209713700050e-02	2.620772e+00
1.010419428900100e-02	2.620702e+00
1.010838859300201e-02	2.620555e+00
1.011677720100402e-02	2.620233e+00
1.012677720100402e-02	2.619800e+00
1.013433420684462e-02	2.626994e+00
1.014204763814038e-02	2.829832e+00
1.014500016728764e-02	2.996184e+00
1.014785662457738e-02	3.153780e+00
1.015088562540706e-02	3.319780e+00
1.015694362706643e-02	3.644569e+00
1.016694362706643e-02	4.163873e+00
1.017694362706643e-02	4.450570e+00
1.018694362706643e-02	4.595773e+00
1.019694362706643e-02	4.730539e+00
1.020694362706643e-02	4.859449e+00
1.021694362706643e-02	4.979894e+00
1.022694362706643e-02	5.070875e+00
1.023694362706643e-02	5.112821e+00
1.024694362706643e-02	5.122740e+00
1.025694362706643e-02	5.125286e+00
1.026694362706643e-02	5.126379e+00
1.027694362706643e-02	5.126222e+00
1.028694362706643e-02	5.125472e+00
1.029694362706643e-02	5.124159e+00
1.030694362706643e-02	5.122845e+00
1.031694362706643e-02	5.121527e+00
1.032694362706643e-02	5.121333e+00
1.033694362706643e-02	5.044097e+00
1.034694362706643e-02	4.929899e+00
1.035694362706643e-02	4.815804e+00
1.036694362706643e-02	4.705783e+00
1.037694362706643e-02	4.595396e+00
1.038694362706643e-02	4.479980e+00
1.039694362706643e-02	4.335728e+00
1.040694362706643e-02	4.124687e+00
1.041694362706643e-02	3.851293e+00
1.042694362706643e-02	3.578402e+00
1.043694362706643e-02	3.383035e+00
1.044694362706643e-02	3.286302e+00
1.045694362706643e-02	3.247120e+00
1.046694362706643e-02	3.246458e+00
1.047694362706643e-02	3.237321e+00
1.048694362706643e-02	3.219531e+00
1.049694362706643e-02	3.228106e+00
1.050694362706643e-02	3.237649e+00
1.051694362706643e-02	3.239318e+00
1.052694362706643e-02	3.241041e+00
1.053694362706643e-02	3.242591e+00
1.054694362706643e-02	3.243992e+00
1.055694362706643e-02	3.245304e+00
1.056694362706643e-02	3.246486e+00
1.057694362706643e-02	3.247604e+00
1.058694362706643e-02	3.248613e+00
1.059694362706643e-02	3.249580e+00
1.060694362706643e-02	3.250497e+00
1.061694362706643e-02	3.251488e+00
1.062694362706643e-02	3.252499e+00
1.063694362706643e-02	3.253535e+00
1.064694362706643e-02	3.254513e+00
1.065694362706643e-02	3.255467e+00
1.066694362706643e-02	3.256339e+00
1.067694362706643e-02	3.257176e+00
1.068694362706643e-02	3.257929e+00
1.069694362706643e-02	3.258650e+00
1.070694362706643e-02	3.259293e+00
1.071694362706643e-02	3.259911e+00
1.072694362706643e-02	3.260457e+00
1.073694362706643e-02	3.260986e+00
1.074694362706643e-02	3.261451e+00
1.075694362706643e-02	3.261904e+00
1.076694362706643e-02	3.262300e+00
1.077694362706643e-02	3.262690e+00
1.078694362706643e-02	3.263028e+00
1.079694362706643e-02	3.263364e+00
1.080694362706643e-02	3.263654e+00
1.081694362706643e-02	3.263946e+00
1.082694362706643e-02	3.264195e+00
1.083694362706643e-02	3.264448e+00
1.084694362706643e-02	3.264663e+00
1.085694362706643e-02	3.264884e+00
1.086694362706643e-02	3.265069e+00
1.087694362706643e-02	3.265263e+00
1.088694362706643e-02	3.265423e+00
1.089694362706643e-02	3.265594e+00
1.090694362706643e-02	3.265733e+00
1.091694362706643e-02	3.265883e+00
1.092694362706643e-02	3.266004e+00
1.093694362706643e-02	3.266137e+00
1.094694362706643e-02	3.266241e+00
1.095694362706643e-02	3.266359e+00
1.096694362706643e-02	3.266450e+00
1.097694362706643e-02	3.266555e+00
1.098694362706643e-02	3.266634e+00
1.099694362706643e-02	3.266728e+00
1.100000000100000e-02	3.266730e+00
1.100000000200000e-02	3.266729e+00
1.100000001800000e-02	3.266729e+00
1.100000005000000e-02	3.266730e+00
1.100000011400000e-02	3.266731e+00
1.100000024200000e-02	3.266732e+00
1.100000049800000e-02	3.266735e+00
1.100000101000000e-02	3.266740e+00
1.100000203400000e-02	3.266744e+00
1.100000408200000e-02	3.266747e+00
1.100000817800000e-02	3.266748e+00
1.100001637000000e-02	3.266749e+00
1.100003275400001e-02	3.266749e+00
1.100006552200002e-02	3.266748e+00
1.100013105800003e-02	3.266749e+00
1.100026213000006e-02	3.266750e+00
1.100052427400013e-02	3.266752e+00
1.100104856200025e-02	3.266756e+00
1.100209713800050e-02	3.266765e+00
1.100419429000100e-02	3.266781e+00
1.100838859400201e-02	3.266813e+00
1.101677720200402e-02	3.266874e+00
1.102677720200402e-02	3.266944e+00
1.103677720200402e-02	3.267010e+00
1.104677720200402e-02	3.267071e+00
1.105677720200402e-02	3.267129e+00
1.106677720200402e-02	3.267184e+00
1.107677720200402e-02	3.267236e+00
1.108677720200402e-02	3.267284e+00
1.109677720200402e-02	3.267330e+00
1.110677720200402e-02	3.267372e+00
1.111677720200402e-02	3.267413e+00
1.112677720200402e-02	3.267451e+00
1.113677720200402e-02	3.267488e+00
1.114677720200402e-02	3.267522e+00
1.115677720200402e-02	3.267554e+00
1.116677720200402e-02	3.267585e+00
1.117677720200402e-02	3.267614e+00
1.118677720200402e-02	3.267641e+00
1.119677720200402e-02	3.267666e+00
1.120677720200402e-02	3.267690e+00
1.121677720200402e-02	3.267714e+00
1.122677720200402e-02	3.267735e+00
1.123677720200402e-02	3.267756e+00
1.124677720200402e-02	3.267775e+00
1.125677720200402e-02	3.267793e+00
1.126677720200402e-02	3.267811e+00
1.127677720200402e-02	3.267827e+00
1.128677720200402e-02	3.267843e+00
1.129677720200402e-02	3.267858e+00
1.130677720200402e-02	3.267871e+00
1.131677720200402e-02	3.267885e+00
1.132677720200402e-02	3.267897e+00
1.133677720200402e-02	3.267909e+00
1.134677720200402e-02	3.267920e+00
1.135677720200402e-02	3.267931e+00
1.136677720200402e-02	3.267941e+00
1.137677720200402e-02	3.267951e+00
1.138677720200402e-02	3.267960e+00
1.139677720200402e-02	3.267968e+00
1.140677720200402e-02	3.267977e+00
1.141677720200402e-02	3.267985e+00
1.142677720200402e-02	3.267992e+00
1.143677720200402e-02	3.267999e+00
1.144677720200402e-02	3.268006e+00
1.145677720200402e-02	3.268013e+00
1.146677720200402e-02	3.268018e+00
1.147677720200402e-02	3.268024e+00
1.148677720200402e-02	3.268030e+00
1.149677720200402e-02	3.268035e+00
1.150677720200402e-02	3.268040e+00
1.151677720200402e-02	3.268045e+00
1.152677720200402e-02	3.268049e+00
1.153677720200402e-02	3.268054e+00
1.154677720200402e-02	3.268058e+00
1.155677720200402e-02	3.268062e+00
1.156677720200402e-02	3.268066e+00
1.157677720200402e-02	3.268069e+00
1.158677720200402e-02	3.268073e+00
1.159677720200402e-02	3.268076e+00
1.160677720200402e-02	3.268079e+00
1.161677720200402e-02	3.268083e+00
1.162677720200402e-02	3.268085e+00
1.163677720200402e-02	3.268088e+00
1.164677720200402e-02	3.268091e+00
1.165677720200402e-02	3.268093e+00
1.166677720200402e-02	3.268095e+00
1.167677720200402e-02	3.268098e+00
1.168677720200402e-02	3.268101e+00
1.169677720200402e-02	3.268103e+00
1.170677720200402e-02	3.268105e+00
1.171677720200402e-02	3.268107e+00
1.172677720200402e-02	3.268108e+00
1.173677720200402e-02	3.268111e+00
1.174677720200402e-02	3.268112e+00
1.175677720200402e-02	3.268114e+00
1.176677720200402e-02	3.268116e+00
1.177677720200402e-02	3.268117e+00
1.178677720200402e-02	3.268119e+00
1.179677720200402e-02	3.268121e+00
1.180677720200402e-02	3.268122e+00
1.181677720200402e-02	3.268123e+00
1.182677720200402e-02	3.268125e+00
1.183677720200402e-02	3.268126e+00
1.184677720200402e-02	3.268127e+00
1.185677720200402e-02	3.268129e+00
1.186677720200402e-02	3.268130e+00
1.187677720200402e-02	3.268131e+00
1.188677720200402e-02	3.268132e+00
1.189677720200402e-02	3.268133e+00
1.190677720200402e-02	3.268135e+00
1.191677720200402e-02	3.268136e+00
1.192677720200402e-02	3.268137e+00
1.193677720200402e-02	3.268138e+00
1.194677720200402e-02	3.268138e+00
1.195677720200402e-02	3.268140e+00
1.196677720200402e-02	3.268141e+00
1.197677720200402e-02	3.268141e+00
1.198677720200402e-02	3.268142e+00
1.199677720200402e-02	3.268143e+00
1.200677720200402e-02	3.268144e+00
1.201677720200402e-02	3.268145e+00
1.202677720200402e-02	3.268146e+00
1.203677720200402e-02	3.268147e+00
1.204677720200402e-02	3.268147e+00
1.205677720200402e-02	3.268148e+00
1.206677720200402e-02	3.268149e+00
1.207677720200402e-02	3.268150e+00
1.208677720200402e-02	3.268150e+00
1.209677720200402e-02	3.268151e+00
1.210677720200402e-02	3.268152e+00
1.211677720200402e-02	3.268152e+00
1.212677720200402e-02	3.268153e+00
1.213677720200402e-02	3.268154e+00
1.214677720200402e-02	3.268154e+00
1.215677720200402e-02	3.268155e+00
1.216677720200402e-02	3.268156e+00
1.217677720200402e-02	3.268156e+00
1.218677720200402e-02	3.268157e+00
1.219677720200402e-02	3.268158e+00
1.220677720200402e-02	3.268158e+00
1.221677720200402e-02	3.268159e+00
1.222677720200402e-02	3.268159e+00
1.223677720200402e-02	3.268160e+00
1.224677720200402e-02	3.268161e+00
1.225677720200402e-02	3.268161e+00
1.226677720200402e-02	3.268162e+00
1.227677720200402e-02	3.268162e+00
1.228677720200402e-02	3.268163e+00
1.229677720200402e-02	3.268163e+00
1.230677720200402e-02	3.268164e+00
1.231677720200402e-02	3.268165e+00
1.232677720200402e-02	3.268165e+00
1.233677720200402e-02	3.268166e+00
1.234677720200402e-02	3.268166e+00
1.235677720200402e-02	3.268167e+00
1.236677720200402e-02	3.268167e+00
1.237677720200402e-02	3.268168e+00
1.238677720200402e-02	3.268168e+00
1.239677720200402e-02	3.268169e+00
1.240677720200402e-02	3.268169e+00
1.241677720200402e-02	3.268170e+00
1.242677720200402e-02	3.268170e+00
1.243677720200402e-02	3.268171e+00
1.244677720200402e-02	3.268171e+00
1.245677720200402e-02	3.268171e+00
1.246677720200402e-02	3.268172e+00
1.247677720200402e-02	3.268172e+00
1.248677720200402e-02	3.268173e+00
1.249677720200402e-02	3.268173e+00
1.250677720200402e-02	3.268173e+00
1.251677720200402e-02	3.268173e+00
1.252677720200402e-02	3.268174e+00
1.253677720200402e-02	3.268174e+00
1.254677720200402e-02	3.268175e+00
1.255677720200402e-02	3.268175e+00
1.256677720200402e-02	3.268175e+00
1.257677720200402e-02	3.268176e+00
1.258677720200402e-02	3.268176e+00
1.259677720200402e-02	3.268176e+00
1.260677720200402e-02	3.268176e+00
1.261677720200402e-02	3.268176e+00
1.262677720200402e-02	3.268177e+00
1.263677720200402e-02	3.268177e+00
1.264677720200402e-02	3.268177e+00
1.265677720200402e-02	3.268178e+00
1.266677720200402e-02	3.268178e+00
1.267677720200402e-02	3.268178e+00
1.268677720200402e-02	3.268178e+00
1.269677720200402e-02	3.268178e+00
1.270677720200402e-02	3.268178e+00
1.271677720200402e-02	3.268178e+00
1.272677720200402e-02	3.268178e+00
1.273677720200402e-02	3.268179e+00
1.274677720200402e-02	3.268179e+00
1.275677720200402e-02	3.268179e+00
1.276677720200402e-02	3.268179e+00
1.277677720200402e-02	3.268179e+00
1.278677720200402e-02	3.268179e+00
1.279677720200402e-02	3.268180e+00
1.280677720200402e-02	3.268180e+00
1.281677720200402e-02	3.268180e+00
1.282677720200402e-02	3.268180e+00
1.283677720200402e-02	3.268180e+00
1.284677720200402e-02	3.268180e+00
1.285677720200402e-02	3.268180e+00
1.286677720200402e-02	3.268180e+00
1.287677720200402e-02	3.268180e+00
1.288677720200402e-02	3.268180e+00
1.289677720200402e-02	3.268180e+00
1.290677720200402e-02	3.268180e+00
1.291677720200402e-02	3.268180e+00
1.292677720200402e-02	3.268180e+00
1.293677720200402e-02	3.268181e+00
1.294677720200402e-02	3.268181e+00
1.295677720200402e-02	3.268181e+00
1.296677720200402e-02	3.268181e+00
1.297677720200402e-02	3.268181e+00
1.298677720200402e-02	3.268181e+00
1.299677720200402e-02	3.268181e+00
1.300677720200402e-02	3.268181e+00
1.301677720200402e-02	3.268181e+00
1.302677720200402e-02	3.268181e+00
1.303677720200402e-02	3.268181e+00
1.304677720200402e-02	3.268181e+00
1.305677720200402e-02	3.268181e+00
1.306677720200402e-02	3.268181e+00
1.307677720200402e-02	3.268181e+00
1.308677720200402e-02	3.268181e+00
1.309677720200402e-02	3.268181e+00
1.310677720200402e-02	3.268181e+00
1.311677720200402e-02	3.268181e+00
1.312677720200402e-02	3.268181e+00
1.313677720200402e-02	3.268181e+00
1.314677720200402e-02	3.268181e+00
1.315677720200402e-02	3.268181e+00
1.316677720200402e-02	3.268181e+00
1.317677720200402e-02	3.268181e+00
1.318677720200402e-02	3.268181e+00
1.319677720200402e-02	3.268181e+00
1.320677720200402e-02	3.268181e+00
1.321677720200402e-02	3.268181e+00
1.322677720200402e-02	3.268181e+00
1.323677720200402e-02	3.268181e+00
1.324677720200402e-02	3.268181e+00
1.325677720200402e-02	3.268181e+00
1.326677720200402e-02	3.268181e+00
1.327677720200402e-02	3.268181e+00
1.328677720200402e-02	3.268181e+00
1.329677720200402e-02	3.268181e+00
1.330677720200402e-02	3.268181e+00
1.331677720200402e-02	3.268181e+00
1.332677720200402e-02	3.268181e+00
1.333677720200402e-02	3.268181e+00
1.334677720200402e-02	3.268181e+00
1.335677720200402e-02	3.268181e+00
1.336677720200402e-02	3.268181e+00
1.337677720200402e-02	3.268181e+00
1.338677720200402e-02	3.268181e+00
1.339677720200402e-02	3.268181e+00
1.340677720200402e-02	3.268181e+00
1.341677720200402e-02	3.268181e+00
1.342677720200402e-02	3.268181e+00
1.343677720200402e-02	3.268181e+00
1.344677720200402e-02	3.268181e+00
1.345677720200402e-02	3.268181e+00
1.346677720200402e-02	3.268181e+00
1.347677720200402e-02	3.268181e+00
1.348677720200402e-02	3.268181e+00
1.349677720200402e-02	3.268181e+00
1.350677720200402e-02	3.268181e+00
1.351677720200402e-02	3.268181e+00
1.352677720200402e-02	3.268181e+00
1.353677720200402e-02	3.268181e+00
1.354677720200402e-02	3.268181e+00
1.355677720200401e-02	3.268181e+00
1.356677720200402e-02	3.268181e+00
1.357677720200402e-02	3.268181e+00
1.358677720200402e-02	3.268181e+00
1.359677720200402e-02	3.268181e+00
1.360677720200402e-02	3.268181e+00
1.361677720200402e-02	3.268181e+00
1.362677720200402e-02	3.268181e+00
1.363677720200402e-02	3.268181e+00
1.364677720200402e-02	3.268181e+00
1.365677720200402e-02	3.268181e+00
1.366677720200402e-02	3.268181e+00
1.367677720200402e-02	3.268181e+00
1.368677720200402e-02	3.268181e+00
1.369677720200402e-02	3.268181e+00
1.370677720200402e-02	3.268181e+00
1.371677720200402e-02	3.268181e+00
1.372677720200401e-02	3.268181e+00
1.373677720200402e-02	3.268181e+00
1.374677720200402e-02	3.268181e+00
1.375677720200402e-02	3.268181e+00
1.376677720200402e-02	3.268181e+00
1.377677720200402e-02	3.268181e+00
1.378677720200402e-02	3.268181e+00
1.379677720200402e-02	3.268181e+00
1.380677720200402e-02	3.268181e+00
1.381677720200402e-02	3.268181e+00
1.382677720200402e-02	3.268181e+00
1.383677720200402e-02	3.268181e+00
1.384677720200402e-02	3.268181e+00
1.385677720200402e-02	3.268181e+00
1.386677720200402e-02	3.268181e+00
1.387677720200402e-02	3.268181e+00
1.388677720200402e-02	3.268181e+00
1.389677720200401e-02	3.268181e+00
1.390677720200402e-02	3.268181e+00
1.391677720200402e-02	3.268181e+00
1.392677720200402e-02	3.268181e+00
1.393677720200402e-02	3.268181e+00
1.394677720200402e-02	3.268181e+00
1.395677720200402e-02	3.268181e+00
1.396677720200402e-02	3.268181e+00
1.397677720200402e-02	3.268181e+00
1.398677720200402e-02	3.268181e+00
1.399677720200402e-02	3.268181e+00
1.400677720200402e-02	3.268181e+00
1.401677720200402e-02	3.268181e+00
1.402677720200402e-02	3.268181e+00
1.403677720200402e-02	3.268181e+00
1.404677720200402e-02	3.268181e+00
1.405677720200402e-02	3.268181e+00
1.406677720200402e-02	3.268181e+00
1.407677720200402e-02	3.268181e+00
1.408677720200402e-02	3.268181e+00
1.409677720200402e-02	3.268181e+00
1.410677720200402e-02	3.268181e+00
1.411677720200402e-02	3.268181e+00
1.412677720200402e-02	3.268181e+00
1.413677720200402e-02	3.268181e+00
1.414677720200402e-02	3.268181e+00
1.415677720200402e-02	3.268181e+00
1.416677720200402e-02	3.268181e+00
1.417677720200402e-02	3.268181e+00
1.418677720200402e-02	3.268181e+00
1.419677720200401e-02	3.268181e+00
1.420677720200402e-02	3.268181e+00
1.421677720200402e-02	3.268181e+00
1.422677720200402e-02	3.268181e+00
1.423677720200402e-02	3.268181e+00
1.424677720200402e-02	3.268181e+00
1.425677720200402e-02	3.268181e+00
1.426677720200402e-02	3.268181e+00
1.427677720200402e-02	3.268181e+00
1.428677720200402e-02	3.268181e+00
1.429677720200402e-02	3.268181e+00
1.430677720200402e-02	3.268181e+00
1.431677720200402e-02	3.268181e+00
1.432677720200402e-02	3.268181e+00
1.433677720200402e-02	3.268181e+00
1.434677720200402e-02	3.268181e+00
1.435677720200402e-02	3.268181e+00
1.436677720200401e-02	3.268181e+00
1.437677720200402e-02	3.268181e+00
1.438677720200402e-02	3.268181e+00
1.439677720200402e-02	3.268181e+00
1.440677720200402e-02	3.268181e+00
1.441677720200402e-02	3.268181e+00
1.442677720200402e-02	3.268181e+00
1.443677720200402e-02	3.268181e+00
1.444677720200402e-02	3.268181e+00
1.445677720200402e-02	3.268181e+00
1.446677720200402e-02	3.268181e+00
1.447677720200402e-02	3.268181e+00
1.448677720200402e-02	3.268181e+00
1.449677720200402e-02	3.268181e+00
1.450677720200402e-02	3.268181e+00
1.451677720200402e-02	3.268181e+00
1.452677720200402e-02	3.268181e+00
1.453677720200401e-02	3.268181e+00
1.454677720200402e-02	3.268181e+00
1.455677720200402e-02	3.268181e+00
1.456677720200402e-02	3.268181e+00
1.457677720200402e-02	3.268181e+00
1.458677720200402e-02	3.268181e+00
1.459677720200402e-02	3.268181e+00
1.460677720200402e-02	3.268181e+00
1.461677720200402e-02	3.268181e+00
1.462677720200402e-02	3.268181e+00
1.463677720200402e-02	3.268181e+00
1.464677720200402e-02	3.268181e+00
1.465677720200402e-02	3.268181e+00
1.466677720200402e-02	3.268181e+00
1.467677720200402e-02	3.268181e+00
1.468677720200402e-02	3.268181e+00
1.469677720200402e-02	3.268181e+00
1.470677720200401e-02	3.268181e+00
1.471677720200402e-02	3.268181e+00
1.472677720200402e-02	3.268181e+00
1.473677720200402e-02	3.268181e+00
1.474677720200402e-02	3.268181e+00
1.475677720200402e-02	3.268181e+00
1.476677720200402e-02	3.268181e+00
1.477677720200402e-02	3.268181e+00
1.478677720200402e-02	3.268181e+00
1.479677720200402e-02	3.268181e+00
1.480677720200402e-02	3.268181e+00
1.481677720200402e-02	3.268181e+00
1.482677720200402e-02	3.268181e+00
1.483677720200401e-02	3.268181e+00
1.484677720200402e-02	3.268181e+00
1.485677720200402e-02	3.268181e+00
1.486677720200402e-02	3.268181e+00
1.487677720200401e-02	3.268181e+00
1.488677720200402e-02	3.268181e+00
1.489677720200402e-02	3.268181e+00
1.490677720200402e-02	3.268181e+00
1.491677720200402e-02	3.268181e+00
1.492677720200402e-02	3.268181e+00
1.493677720200402e-02	3.268181e+00
1.494677720200402e-02	3.268181e+00
1.495677720200402e-02	3.268181e+00
1.496677720200402e-02	3.268181e+00
1.497677720200402e-02	3.268181e+00
1.498677720200402e-02	3.268181e+00
1.499677720200402e-02	3.268181e+00
1.500677720200401e-02	3.268181e+00
1.501677720200402e-02	3.268181e+00
1.502677720200402e-02	3.268181e+00
1.503677720200402e-02	3.268181e+00
1.504677720200401e-02	3.268181e+00
1.505677720200402e-02	3.268181e+00
1.506677720200402e-02	3.268181e+00
1.507677720200402e-02	3.268181e+00
1.508677720200402e-02	3.268181e+00
1.509677720200402e-02	3.268181e+00
1.510677720200402e-02	3.268181e+00
1.511677720200402e-02	3.268181e+00
1.512677720200402e-02	3.268181e+00
1.513677720200402e-02	3.268181e+00
1.514677720200402e-02	3.268181e+00
1.515677720200402e-02	3.268181e+00
1.516677720200402e-02	3.268181e+00
1.517677720200401e-02	3.268181e+00
1.518677720200402e-02	3.268181e+00
1.519677720200402e-02	3.268181e+00
1.520677720200402e-02	3.268181e+00
1.521677720200401e-02	3.268181e+00
1.522677720200402e-02	3.268181e+00
1.523677720200402e-02	3.268181e+00
1.524677720200402e-02	3.268181e+00
1.525677720200402e-02	3.268181e+00
1.526677720200402e-02	3.268181e+00
1.527677720200402e-02	3.268181e+00
1.528677720200402e-02	3.268181e+00
1.529677720200402e-02	3.268181e+00
1.530677720200402e-02	3.268181e+00
1.531677720200402e-02	3.268181e+00
1.532677720200402e-02	3.268181e+00
1.533677720200402e-02	3.268181e+00
1.534677720200401e-02	3.268181e+00
1.535677720200402e-02	3.268181e+00
1.536677720200402e-02	3.268181e+00
1.537677720200402e-02	3.268181e+00
1.538677720200401e-02	3.268181e+00
1.539677720200402e-02	3.268181e+00
1.540677720200402e-02	3.268181e+00
1.541677720200402e-02	3.268181e+00
1.542677720200402e-02	3.268181e+00
1.543677720200402e-02	3.268181e+00
1.544677720200402e-02	3.268181e+00
1.545677720200402e-02	3.268181e+00
1.546677720200402e-02	3.268181e+00
1.547677720200401e-02	3.268181e+00
1.548677720200402e-02	3.268181e+00
1.549677720200402e-02	3.268181e+00
1.550677720200402e-02	3.268181e+00
1.551677720200401e-02	3.268181e+00
1.552677720200402e-02	3.268181e+00
1.553677720200402e-02	3.268181e+00
1.554677720200402e-02	3.268181e+00
1.555677720200402e-02	3.268181e+00
1.556677720200402e-02	3.268181e+00
1.557677720200402e-02	3.268181e+00
1.558677720200402e-02	3.268181e+00
1.559677720200402e-02	3.268181e+00
1.560677720200402e-02	3.268181e+00
1.561677720200402e-02	3.268181e+00
1.562677720200402e-02	3.268181e+00
1.563677720200402e-02	3.268181e+00
1.564677720200401e-02	3.268181e+00
1.565677720200401e-02	3.268181e+00
1.566677720200401e-02	3.268181e+00
1.567677720200402e-02	3.268181e+00
1.568677720200402e-02	3.268181e+00
1.569677720200402e-02	3.268181e+00
1.570677720200402e-02	3.268181e+00
1.571677720200402e-02	3.268181e+00
1.572677720200402e-02	3.268181e+00
1.573677720200401e-02	3.268181e+00
1.574677720200401e-02	3.268181e+00
1.575677720200402e-02	3.268181e+00
1.576677720200402e-02	3.268181e+00
1.577677720200402e-02	3.268181e+00
1.578677720200402e-02	3.268181e+00
1.579677720200402e-02	3.268181e+00
1.580677720200402e-02	3.268181e+00
1.581677720200401e-02	3.268181e+00
1.582677720200401e-02	3.268181e+00
1.583677720200401e-02	3.268181e+00
1.584677720200402e-02	3.268181e+00
1.585677720200402e-02	3.268181e+00
1.586677720200402e-02	3.268181e+00
1.587677720200402e-02	3.268181e+00
1.588677720200402e-02	3.268181e+00
1.589677720200402e-02	3.268181e+00
1.590677720200401e-02	3.268181e+00
1.591677720200401e-02	3.268181e+00
1.592677720200402e-02	3.268181e+00
1.593677720200402e-02	3.268181e+00
1.594677720200402e-02	3.268181e+00
1.595677720200402e-02	3.268181e+00
1.596677720200402e-02	3.268181e+00
1.597677720200402e-02	3.268181e+00
1.598677720200401e-02	3.268181e+00
1.599677720200401e-02	3.268181e+00
1.600677720200401e-02	3.268181e+00
1.601677720200402e-02	3.268181e+00
1.602677720200402e-02	3.268181e+00
1.603677720200402e-02	3.268181e+00
1.604677720200402e-02	3.268181e+00
1.605677720200402e-02	3.268181e+00
1.606677720200402e-02	3.268181e+00
1.607677720200401e-02	3.268181e+00
1.608677720200401e-02	3.268181e+00
1.609677720200402e-02	3.268181e+00
1.610677720200402e-02	3.268181e+00
1.611677720200402e-02	3.268181e+00
1.612677720200402e-02	3.268181e+00
1.613677720200402e-02	3.268181e+00
1.614677720200402e-02	3.268181e+00
1.615677720200401e-02	3.268181e+00
1.616677720200401e-02	3.268181e+00
1.617677720200401e-02	3.268181e+00
1.618677720200402e-02	3.268181e+00
1.619677720200402e-02	3.268181e+00
1.620677720200402e-02	3.268181e+00
1.621677720200402e-02	3.268181e+00
1.622677720200402e-02	3.268181e+00
1.623677720200402e-02	3.268181e+00
1.624677720200401e-02	3.268181e+00
1.625677720200401e-02	3.268181e+00
1.626677720200402e-02	3.268181e+00
1.627677720200402e-02	3.268181e+00
1.628677720200402e-02	3.268181e+00
1.629677720200402e-02	3.268181e+00
1.630677720200402e-02	3.268181e+00
1.631677720200402e-02	3.268181e+00
1.632677720200401e-02	3.268181e+00
1.633677720200401e-02	3.268181e+00
1.634677720200401e-02	3.268181e+00
1.635677720200402e-02	3.268181e+00
1.636677720200402e-02	3.268181e+00
1.637677720200402e-02	3.268181e+00
1.638677720200402e-02	3.268181e+00
1.639677720200402e-02	3.268181e+00
1.640677720200402e-02	3.268181e+00
1.641677720200401e-02	3.268181e+00
1.642677720200401e-02	3.268181e+00
1.643677720200401e-02	3.268181e+00
1.644677720200402e-02	3.268181e+00
1.645677720200402e-02	3.268181e+00
1.646677720200402e-02	3.268181e+00
1.647677720200402e-02	3.268181e+00
1.648677720200402e-02	3.268181e+00
1.649677720200401e-02	3.268181e+00
1.650677720200401e-02	3.268181e+00
1.651677720200401e-02	3.268181e+00
1.652677720200402e-02	3.268181e+00
1.653677720200402e-02	3.268181e+00
1.654677720200402e-02	3.268181e+00
1.655677720200402e-02	3.268181e+00
1.656677720200402e-02	3.268181e+00
1.657677720200402e-02	3.268181e+00
1.658677720200401e-02	3.268181e+00
1.659677720200401e-02	3.268181e+00
1.660677720200401e-02	3.268181e+00
1.661677720200402e-02	3.268181e+00
1.662677720200402e-02	3.268181e+00
1.663677720200402e-02	3.268181e+00
1.664677720200402e-02	3.268181e+00
1.665677720200402e-02	3.268181e+00
1.666677720200401e-02	3.268181e+00
1.667677720200401e-02	3.268181e+00
1.668677720200401e-02	3.268181e+00
1.669677720200402e-02	3.268181e+00
1.670677720200402e-02	3.268181e+00
1.671677720200402e-02	3.268181e+00
1.672677720200402e-02	3.268181e+00
1.673677720200402e-02	3.268181e+00
1.674677720200402e-02	3.268181e+00
1.675677720200401e-02	3.268181e+00
1.676677720200401e-02	3.268181e+00
1.677677720200401e-02	3.268181e+00
1.678677720200402e-02	3.268181e+00
1.679677720200402e-02	3.268181e+00
1.680677720200402e-02	3.268181e+00
1.681677720200402e-02	3.268181e+00
1.682677720200402e-02	3.268181e+00
1.683677720200401e-02	3.268181e+00
1.684677720200401e-02	3.268181e+00
1.685677720200401e-02	3.268181e+00
1.686677720200402e-02	3.268181e+00
1.687677720200402e-02	3.268181e+00
1.688677720200402e-02	3.268181e+00
1.689677720200402e-02	3.268181e+00
1.690677720200402e-02	3.268181e+00
1.691677720200402e-02	3.268181e+00
1.692677720200401e-02	3.268181e+00
1.693677720200401e-02	3.268181e+00
1.694677720200401e-02	3.268181e+00
1.695677720200402e-02	3.268181e+00
1.696677720200402e-02	3.268181e+00
1.697677720200402e-02	3.268181e+00
1.698677720200402e-02	3.268181e+00
1.699677720200402e-02	3.268181e+00
1.700677720200401e-02	3.268181e+00
1.701677720200401e-02	3.268181e+00
1.702677720200401e-02	3.268181e+00
1.703677720200402e-02	3.268181e+00
1.704677720200402e-02	3.268181e+00
1.705677720200402e-02	3.268181e+00
1.706677720200402e-02	3.268181e+00
1.707677720200402e-02	3.268181e+00
1.708677720200402e-02	3.268181e+00
1.709677720200401e-02	3.268181e+00
1.710677720200401e-02	3.268181e+00
1.711677720200401e-02	3.268181e+00
1.712677720200402e-02	3.268181e+00
1.713677720200402e-02	3.268181e+00
1.714677720200402e-02	3.268181e+00
1.715677720200402e-02	3.268181e+00
1.716677720200402e-02	3.268181e+00
1.717677720200401e-02	3.268181e+00
1.718677720200401e-02	3.268181e+00
1.719677720200401e-02	3.268181e+00
1.720677720200402e-02	3.268181e+00
1.721677720200402e-02	3.268181e+00
1.722677720200402e-02	3.268181e+00
1.723677720200402e-02	3.268181e+00
1.724677720200402e-02	3.268181e+00
1.725677720200402e-02	3.268181e+00
1.726677720200401e-02	3.268181e+00
1.727677720200401e-02	3.268181e+00
1.728677720200401e-02	3.268181e+00
1.729677720200402e-02	3.268181e+00
1.730677720200402e-02	3.268181e+00
1.731677720200402e-02	3.268181e+00
1.732677720200402e-02	3.268181e+00
1.733677720200402e-02	3.268181e+00
1.734677720200401e-02	3.268181e+00
1.735677720200401e-02	3.268181e+00
1.736677720200401e-02	3.268181e+00
1.737677720200402e-02	3.268181e+00
1.738677720200402e-02	3.268181e+00
1.739677720200402e-02	3.268181e+00
1.740677720200402e-02	3.268181e+00
1.741677720200402e-02	3.268181e+00
1.742677720200402e-02	3.268181e+00
1.743677720200401e-02	3.268181e+00
1.744677720200401e-02	3.268181e+00
1.745677720200401e-02	3.268181e+00
1.746677720200402e-02	3.268181e+00
1.747677720200402e-02	3.268181e+00
1.748677720200402e-02	3.268181e+00
1.749677720200402e-02	3.268181e+00
1.750677720200402e-02	3.268181e+00
1.751677720200401e-02	3.268181e+00
1.752677720200401e-02	3.268181e+00
1.753677720200401e-02	3.268181e+00
1.754677720200402e-02	3.268181e+00
1.755677720200402e-02	3.268181e+00
1.756677720200402e-02	3.268181e+00
1.757677720200402e-02	3.268181e+00
1.758677720200402e-02	3.268181e+00
1.759677720200402e-02	3.268181e+00
1.760677720200401e-02	3.268181e+00
1.761677720200401e-02	3.268181e+00
1.762677720200401e-02	3.268181e+00
1.763677720200402e-02	3.268181e+00
1.764677720200402e-02	3.268181e+00
1.765677720200402e-02	3.268181e+00
1.766677720200402e-02	3.268181e+00
1.767677720200402e-02	3.268181e+00
1.768677720200401e-02	3.268181e+00
1.769677720200401e-02	3.268181e+00
1.770677720200401e-02	3.268181e+00
1.771677720200401e-02	3.268181e+00
1.772677720200402e-02	3.268181e+00
1.773677720200402e-02	3.268181e+00
1.774677720200402e-02	3.268181e+00
1.775677720200402e-02	3.268181e+00
1.776677720200402e-02	3.268181e+00
1.777677720200401e-02	3.268181e+00
1.778677720200401e-02	3.268181e+00
1.779677720200401e-02	3.268181e+00
1.780677720200402e-02	3.268181e+00
1.781677720200402e-02	3.268181e+00
1.782677720200402e-02	3.268181e+00
1.783677720200402e-02	3.268181e+00
1.784677720200402e-02	3.268181e+00
1.785677720200401e-02	3.268181e+00
1.786677720200401e-02	3.268181e+00
1.787677720200401e-02	3.268181e+00
1.788677720200401e-02	3.268181e+00
1.789677720200402e-02	3.268181e+00
1.790677720200402e-02	3.268181e+00
1.791677720200402e-02	3.268181e+00
1.792677720200402e-02	3.268181e+00
1.793677720200402e-02	3.268181e+00
1.794677720200401e-02	3.268181e+00
1.795677720200401e-02	3.268181e+00
1.796677720200401e-02	3.268181e+00
1.797677720200402e-02	3.268181e+00
1.798677720200402e-02	3.268181e+00
1.799677720200402e-02	3.268181e+00
1.800677720200402e-02	3.268181e+00
1.801677720200402e-02	3.268181e+00
1.802677720200401e-02	3.268181e+00
1.803677720200401e-02	3.268181e+00
1.804677720200401e-02	3.268181e+00
1.805677720200401e-02	3.268181e+00
1.806677720200402e-02	3.268181e+00
1.807677720200402e-02	3.268181e+00
1.808677720200402e-02	3.268181e+00
1.809677720200402e-02	3.268181e+00
1.810677720200402e-02	3.268181e+00
1.811677720200401e-02	3.268181e+00
1.812677720200401e-02	3.268181e+00
1.813677720200401e-02	3.268181e+00
1.814677720200402e-02	3.268181e+00
1.815677720200402e-02	3.268181e+00
1.816677720200402e-02	3.268181e+00
1.817677720200402e-02	3.268181e+00
1.818677720200402e-02	3.268181e+00
1.819677720200401e-02	3.268181e+00
1.820677720200401e-02	3.268181e+00
1.821677720200401e-02	3.268181e+00
1.822677720200401e-02	3.268181e+00
1.823677720200402e-02	3.268181e+00
1.824677720200402e-02	3.268181e+00
1.825677720200402e-02	3.268181e+00
1.826677720200402e-02	3.268181e+00
1.827677720200402e-02	3.268181e+00
1.828677720200401e-02	3.268181e+00
1.829677720200401e-02	3.268181e+00
1.830677720200401e-02	3.268181e+00
1.831677720200402e-02	3.268181e+00
1.832677720200402e-02	3.268181e+00
1.833677720200402e-02	3.268181e+00
1.834677720200402e-02	3.268181e+00
1.835677720200402e-02	3.268181e+00
1.836677720200402e-02	3.268181e+00
1.837677720200401e-02	3.268181e+00
1.838677720200401e-02	3.268181e+00
1.839677720200401e-02	3.268181e+00
1.840677720200402e-02	3.268181e+00
1.841677720200402e-02	3.268181e+00
1.842677720200402e-02	3.268181e+00
1.843677720200402e-02	3.268181e+00
1.844677720200402e-02	3.268181e+00
1.845677720200401e-02	3.268181e+00
1.846677720200401e-02	3.268181e+00
1.847677720200401e-02	3.268181e+00
1.848677720200402e-02	3.268181e+00
1.849677720200402e-02	3.268181e+00
1.850677720200402e-02	3.268181e+00
1.851677720200402e-02	3.268181e+00
1.852677720200402e-02	3.268181e+00
1.853677720200402e-02	3.268181e+00
1.854677720200401e-02	3.268181e+00
1.855677720200401e-02	3.268181e+00
1.856677720200401e-02	3.268181e+00
1.857677720200402e-02	3.268181e+00
1.858677720200402e-02	3.268181e+00
1.859677720200402e-02	3.268181e+00
1.860677720200402e-02	3.268181e+00
1.861677720200402e-02	3.268181e+00
1.862677720200401e-02	3.268181e+00
1.863677720200401e-02	3.268181e+00
1.864677720200401e-02	3.268181e+00
1.865677720200402e-02	3.268181e+00
1.866677720200402e-02	3.268181e+00
1.867677720200402e-02	3.268181e+00
1.868677720200402e-02	3.268181e+00
1.869677720200402e-02	3.268181e+00
1.870677720200402e-02	3.268181e+00
1.871677720200401e-02	3.268181e+00
1.872677720200401e-02	3.268181e+00
1.873677720200401e-02	3.268181e+00
1.874677720200402e-02	3.268181e+00
1.875677720200402e-02	3.268181e+00
1.876677720200402e-02	3.268181e+00
1.877677720200402e-02	3.268181e+00
1.878677720200402e-02	3.268181e+00
1.879677720200401e-02	3.268181e+00
1.880677720200401e-02	3.268181e+00
1.881677720200401e-02	3.268181e+00
1.882677720200402e-02	3.268181e+00
1.883677720200402e-02	3.268181e+00
1.884677720200402e-02	3.268181e+00
1.885677720200402e-02	3.268181e+00
1.886677720200402e-02	3.268181e+00
1.887677720200402e-02	3.268181e+00
1.888677720200401e-02	3.268181e+00
1.889677720200401e-02	3.268181e+00
1.890677720200401e-02	3.268181e+00
1.891677720200402e-02	3.268181e+00
1.892677720200402e-02	3.268181e+00
1.893677720200402e-02	3.268181e+00
1.894677720200402e-02	3.268181e+00
1.895677720200402e-02	3.268181e+00
1.896677720200401e-02	3.268181e+00
1.897677720200401e-02	3.268181e+00
1.898677720200401e-02	3.268181e+00
1.899677720200401e-02	3.268181e+00
1.900677720200402e-02	3.268181e+00
1.901677720200402e-02	3.268181e+00
1.902677720200402e-02	3.268181e+00
1.903677720200402e-02	3.268181e+00
1.904677720200402e-02	3.268181e+00
1.905677720200401e-02	3.268181e+00
1.906677720200401e-02	3.268181e+00
1.907677720200401e-02	3.268181e+00
1.908677720200402e-02	3.268181e+00
1.909677720200402e-02	3.268181e+00
1.910677720200402e-02	3.268181e+00
1.911677720200402e-02	3.268181e+00
1.912677720200402e-02	3.268181e+00
1.913677720200401e-02	3.268181e+00
1.914677720200401e-02	3.268181e+00
1.915677720200401e-02	3.268181e+00
1.916677720200401e-02	3.268181e+00
1.917677720200402e-02	3.268181e+00
1.918677720200402e-02	3.268181e+00
1.919677720200402e-02	3.268181e+00
1.920677720200402e-02	3.268181e+00
1.921677720200402e-02	3.268181e+00
1.922677720200401e-02	3.268181e+00
1.923677720200401e-02	3.268181e+00
1.924677720200401e-02	3.268181e+00
1.925677720200402e-02	3.268181e+00
1.926677720200402e-02	3.268181e+00
1.927677720200402e-02	3.268181e+00
1.928677720200402e-02	3.268181e+00
1.929677720200402e-02	3.268181e+00
1.930677720200401e-02	3.268181e+00
1.931677720200401e-02	3.268181e+00
1.932677720200401e-02	3.268181e+00
1.933677720200401e-02	3.268181e+00
1.934677720200402e-02	3.268181e+00
1.935677720200402e-02	3.268181e+00
1.936677720200402e-02	3.268181e+00
1.937677720200402e-02	3.268181e+00
1.938677720200402e-02	3.268181e+00
1.939677720200401e-02	3.268181e+00
1.940677720200401e-02	3.268181e+00
1.941677720200401e-02	3.268181e+00
1.942677720200402e-02	3.268181e+00
1.943677720200402e-02	3.268181e+00
1.944677720200402e-02	3.268181e+00
1.945677720200402e-02	3.268181e+00
1.946677720200402e-02	3.268181e+00
1.947677720200401e-02	3.268181e+00
1.948677720200401e-02	3.268181e+00
1.949677720200401e-02	3.268181e+00
1.950677720200401e-02	3.268181e+00
1.951677720200402e-02	3.268181e+00
1.952677720200402e-02	3.268181e+00
1.953677720200402e-02	3.268181e+00
1.954677720200402e-02	3.268181e+00
1.955677720200402e-02	3.268181e+00
1.956677720200401e-02	3.268181e+00
1.957677720200401e-02	3.268181e+00
1.958677720200401e-02	3.268181e+00
1.959677720200402e-02	3.268181e+00
1.960677720200402e-02	3.268181e+00
1.961677720200402e-02	3.268181e+00
1.962677720200402e-02	3.268181e+00
1.963677720200402e-02	3.268181e+00
1.964677720200401e-02	3.268181e+00
1.965677720200401e-02	3.268181e+00
1.966677720200401e-02	3.268181e+00
1.967677720200401e-02	3.268181e+00
1.968677720200402e-02	3.268181e+00
1.969677720200402e-02	3.268181e+00
1.970677720200402e-02	3.268181e+00
1.971677720200402e-02	3.268181e+00
1.972677720200402e-02	3.268181e+00
1.973677720200401e-02	3.268181e+00
1.974677720200401e-02	3.268181e+00
1.975677720200401e-02	3.268181e+00
1.976677720200402e-02	3.268181e+00
1.977677720200402e-02	3.268181e+00
1.978677720200402e-02	3.268181e+00
1.979677720200402e-02	3.268181e+00
1.980677720200402e-02	3.268181e+00
1.981677720200401e-02	3.268181e+00
1.982677720200401e-02	3.268181e+00
1.983677720200401e-02	3.268181e+00
1.984677720200401e-02	3.268181e+00
1.985677720200402e-02	3.268181e+00
1.986677720200402e-02	3.268181e+00
1.987677720200402e-02	3.268181e+00
1.988677720200402e-02	3.268181e+00
1.989677720200402e-02	3.268181e+00
1.990677720200401e-02	3.268181e+00
1.991677720200401e-02	3.268181e+00
1.992677720200401e-02	3.268181e+00
1.993677720200402e-02	3.268181e+00
1.994677720200402e-02	3.268181e+00
1.995677720200402e-02	3.268181e+00
1.996677720200402e-02	3.268181e+00
1.997677720200402e-02	3.268181e+00
1.998677720200401e-02	3.268181e+00
1.999677720200401e-02	3.268181e+00
2.000000000000000e-02	3.268181e+00
