time	Ix(M3:S)
0.000000000000000e+00	-2.034810e-07
9.999999439624929e-11	-2.030215e-07
1.999999887924986e-10	-2.025460e-07
3.999999775849972e-10	-2.015349e-07
7.999999551699943e-10	-1.993177e-07
1.599999910339989e-09	-1.943683e-07
3.199999820679977e-09	-1.833581e-07
6.399999641359955e-09	-1.592043e-07
1.279999928271991e-08	-1.075111e-07
2.559999856543982e-08	-2.363901e-09
5.119999713087964e-08	1.943970e-07
9.252070311618464e-08	2.668743e-07
1.510333739817309e-07	-4.131520e-07
2.057408767038243e-07	-1.670960e-06
2.712252236998067e-07	-3.236046e-06
3.308483285955238e-07	-4.166357e-06
4.500945383869579e-07	-5.069303e-06
4.715278489310965e-07	-5.137683e-06
5.143944700193735e-07	-5.182274e-06
6.001277121959275e-07	-5.265396e-06
7.715941965490356e-07	-5.420503e-06
1.114527165255252e-06	-5.653376e-06
1.680622112752960e-06	-5.828280e-06
2.395090483783586e-06	-5.801679e-06
3.411490828398060e-06	-5.576575e-06
5.126686116133788e-06	-5.158234e-06
8.557076691605245e-06	-5.029909e-06
1.541785784254816e-05	-7.836216e-06
2.541785784254816e-05	-1.483482e-05
3.541785784254816e-05	-2.051261e-05
4.541785784254816e-05	-2.304944e-05
5.541785784254816e-05	-2.309408e-05
6.541785784254815e-05	-2.176059e-05
7.541785784254815e-05	-2.009645e-05
8.541785784254815e-05	-1.858172e-05
9.541785784254815e-05	-1.726222e-05
1.000000009999994e-04	-1.673847e-05
1.000000019999994e-04	-1.673847e-05
1.000000179999994e-04	-1.673854e-05
1.000000499999994e-04	-1.673884e-05
1.000001139999994e-04	-1.673977e-05
1.000002419999994e-04	-1.674178e-05
1.000004979999994e-04	-1.674452e-05
1.000010099999994e-04	-1.674585e-05
1.000020339999994e-04	-1.674354e-05
1.000040819999994e-04	-1.673815e-05
1.000081779999994e-04	-1.673166e-05
1.000163699999994e-04	-1.672466e-05
1.000327539999994e-04	-1.671825e-05
1.000655219999995e-04	-1.671311e-05
1.001310579999995e-04	-1.670614e-05
1.002621299999997e-04	-1.669176e-05
1.005242740000000e-04	-1.666242e-05
1.010485620000006e-04	-1.660371e-05
1.020971380000018e-04	-1.648628e-05
1.041942900000042e-04	-1.625118e-05
1.083885940000089e-04	-1.578017e-05
1.167772020000184e-04	-1.484367e-05
1.267772020000184e-04	-1.494512e-05
1.367772020000184e-04	-1.647250e-05
1.467772020000184e-04	-1.446417e-05
1.520022794647161e-04	-1.246134e-05
1.570540523639880e-04	-1.167119e-05
1.600466409562815e-04	-1.128418e-05
1.632617690497503e-04	-1.094167e-05
1.669045297167822e-04	-1.063377e-05
1.707456845975716e-04	-1.033671e-05
1.784279943591504e-04	-9.842032e-06
1.884279943591504e-04	-9.223748e-06
1.984279943591504e-04	-8.669182e-06
2.084279943591504e-04	-1.198834e-05
2.184279943591504e-04	-1.606410e-05
2.284279943591504e-04	-1.666905e-05
2.384279943591504e-04	-1.717121e-05
2.484279943591504e-04	-1.769016e-05
2.584279943591505e-04	-1.817045e-05
2.684279943591504e-04	-1.865492e-05
2.784279943591504e-04	-1.912091e-05
2.884279943591504e-04	-1.959240e-05
2.984279943591504e-04	-2.005035e-05
3.084279943591504e-04	-2.046417e-05
3.184279943591504e-04	-2.079246e-05
3.284279943591504e-04	-2.110944e-05
3.384279943591504e-04	-1.904590e-05
3.484279943591504e-04	-1.576217e-05
3.584279943591504e-04	-1.194841e-05
3.632856701076135e-04	-1.023731e-05
3.680260150749855e-04	-9.878188e-06
3.738104959281599e-04	-9.863392e-06
3.838104959281599e-04	-9.678845e-06
3.938104959281599e-04	-9.346288e-06
4.038104959281599e-04	-9.110212e-06
4.138104959281599e-04	-9.086250e-06
4.238104959281599e-04	-9.076237e-06
4.338104959281599e-04	-9.070563e-06
4.438104959281599e-04	-9.064667e-06
4.538104959281599e-04	-9.060938e-06
4.638104959281599e-04	-9.056390e-06
4.738104959281599e-04	-9.053345e-06
4.838104959281599e-04	-9.049410e-06
4.938104959281599e-04	-9.046782e-06
5.038104959281599e-04	-9.043260e-06
5.138104959281599e-04	-9.040930e-06
5.238104959281600e-04	-9.037713e-06
5.338104959281599e-04	-9.035612e-06
5.438104959281599e-04	-9.032639e-06
5.538104959281599e-04	-1.041002e-05
5.638104959281600e-04	-1.238015e-05
5.738104959281599e-04	-1.300071e-05
5.838104959281599e-04	-1.296777e-05
5.938104959281599e-04	-1.284198e-05
6.038104959281600e-04	-1.268718e-05
6.138104959281599e-04	-1.252447e-05
6.238104959281599e-04	-1.235998e-05
6.338104959281599e-04	-1.219886e-05
6.438104959281600e-04	-1.204207e-05
6.538104959281599e-04	-1.189128e-05
6.638104959281599e-04	-1.174618e-05
6.738104959281599e-04	-1.160759e-05
6.838104959281599e-04	-1.147485e-05
6.938104959281599e-04	-1.134847e-05
7.038104959281599e-04	-1.122768e-05
7.138104959281599e-04	-1.111287e-05
7.238104959281599e-04	-1.100327e-05
7.338104959281599e-04	-1.089920e-05
7.438104959281599e-04	-1.079990e-05
7.538104959281599e-04	-1.070567e-05
7.638104959281599e-04	-1.061578e-05
7.738104959281599e-04	-1.053053e-05
7.838104959281599e-04	-1.044919e-05
7.938104959281599e-04	-1.037208e-05
8.038104959281599e-04	-1.029851e-05
8.138104959281599e-04	-1.022879e-05
8.238104959281599e-04	-1.016225e-05
8.338104959281599e-04	-1.009921e-05
8.438104959281599e-04	-1.003904e-05
8.538104959281599e-04	-9.982041e-06
8.638104959281599e-04	-9.927618e-06
8.738104959281599e-04	-9.876088e-06
8.838104959281599e-04	-9.826865e-06
8.938104959281598e-04	-9.780276e-06
9.038104959281599e-04	-9.735753e-06
9.138104959281599e-04	-9.693628e-06
9.238104959281599e-04	-9.653352e-06
9.338104959281598e-04	-9.615262e-06
9.438104959281599e-04	-9.578825e-06
9.538104959281599e-04	-9.544380e-06
9.638104959281599e-04	-9.511413e-06
9.738104959281598e-04	-9.480263e-06
9.838104959281600e-04	-9.450431e-06
9.938104959281598e-04	-9.412913e-06
1.000000000000000e-03	-1.433324e-05
1.000000001000000e-03	-1.433340e-05
1.000000017000000e-03	-1.433404e-05
1.000000049000000e-03	-1.432096e-05
1.000000113000000e-03	-1.428101e-05
1.000000241000000e-03	-1.419551e-05
1.000000497000000e-03	-1.404129e-05
1.000001009000000e-03	-1.378891e-05
1.000002033000000e-03	-1.340975e-05
1.000004081000000e-03	-1.287725e-05
1.000008177000000e-03	-1.214748e-05
1.000016369000001e-03	-1.120632e-05
1.000032753000001e-03	-1.023886e-05
1.000065521000002e-03	-9.601375e-06
1.000131057000004e-03	-9.407149e-06
1.000262129000007e-03	-9.403940e-06
1.000524273000015e-03	-9.403810e-06
1.001048561000029e-03	-9.402224e-06
1.002097137000058e-03	-9.399530e-06
1.004194289000116e-03	-9.394001e-06
1.008388593000232e-03	-9.383244e-06
1.016777201000463e-03	-9.362339e-06
1.026777201000463e-03	-9.338415e-06
1.036777201000463e-03	-9.315608e-06
1.046777201000463e-03	-9.293914e-06
1.056777201000463e-03	-9.273275e-06
1.066777201000463e-03	-9.253643e-06
1.076777201000463e-03	-9.234967e-06
1.086777201000463e-03	-9.217199e-06
1.096777201000463e-03	-9.200297e-06
1.106777201000463e-03	-9.184217e-06
1.116777201000463e-03	-9.168918e-06
1.126777201000463e-03	-9.154363e-06
1.136777201000463e-03	-9.140516e-06
1.146777201000463e-03	-9.127343e-06
1.156777201000463e-03	-9.114809e-06
1.166777201000463e-03	-9.102883e-06
1.176777201000463e-03	-9.091536e-06
1.186777201000463e-03	-9.080742e-06
1.196777201000463e-03	-9.070470e-06
1.206777201000463e-03	-9.060696e-06
1.216777201000463e-03	-9.051397e-06
1.226777201000463e-03	-9.042549e-06
1.236777201000463e-03	-9.034131e-06
1.246777201000463e-03	-9.026120e-06
1.256777201000463e-03	-9.018498e-06
1.266777201000463e-03	-9.011245e-06
1.276777201000463e-03	-9.004343e-06
1.286777201000463e-03	-8.997777e-06
1.296777201000463e-03	-8.991528e-06
1.306777201000463e-03	-8.985582e-06
1.316777201000463e-03	-8.979924e-06
1.326777201000463e-03	-8.974540e-06
1.336777201000463e-03	-8.969417e-06
1.346777201000463e-03	-8.964542e-06
1.356777201000463e-03	-8.959903e-06
1.366777201000463e-03	-8.955488e-06
1.376777201000463e-03	-8.951287e-06
1.386777201000463e-03	-8.947290e-06
1.396777201000463e-03	-8.943485e-06
1.406777201000463e-03	-8.939865e-06
1.416777201000463e-03	-8.936420e-06
1.426777201000463e-03	-8.933142e-06
1.436777201000463e-03	-8.930023e-06
1.446777201000463e-03	-8.927054e-06
1.456777201000463e-03	-8.924229e-06
1.466777201000463e-03	-8.921541e-06
1.476777201000463e-03	-8.918983e-06
1.486777201000463e-03	-8.916548e-06
1.496777201000463e-03	-8.914230e-06
1.506777201000463e-03	-8.912026e-06
1.516777201000463e-03	-8.909929e-06
1.526777201000463e-03	-8.907931e-06
1.536777201000463e-03	-8.906031e-06
1.546777201000463e-03	-8.904222e-06
1.556777201000463e-03	-8.902502e-06
1.566777201000463e-03	-8.900864e-06
1.576777201000463e-03	-8.899306e-06
1.586777201000463e-03	-8.897822e-06
1.596777201000463e-03	-8.896411e-06
1.606777201000463e-03	-8.895067e-06
1.616777201000463e-03	-8.893790e-06
1.626777201000463e-03	-8.892574e-06
1.636777201000463e-03	-8.891416e-06
1.646777201000463e-03	-8.890313e-06
1.656777201000463e-03	-8.889265e-06
1.666777201000463e-03	-8.888267e-06
1.676777201000463e-03	-8.887318e-06
1.686777201000463e-03	-8.886414e-06
1.696777201000463e-03	-8.885554e-06
1.706777201000463e-03	-8.884736e-06
1.716777201000463e-03	-8.883956e-06
1.726777201000463e-03	-8.883215e-06
1.736777201000463e-03	-8.882510e-06
1.746777201000463e-03	-8.881839e-06
1.756777201000463e-03	-8.881199e-06
1.766777201000463e-03	-8.880592e-06
1.776777201000463e-03	-8.880013e-06
1.786777201000463e-03	-8.879462e-06
1.796777201000463e-03	-8.878938e-06
1.806777201000463e-03	-8.878440e-06
1.816777201000463e-03	-8.877965e-06
1.826777201000463e-03	-8.877513e-06
1.836777201000463e-03	-8.877083e-06
1.846777201000463e-03	-8.876674e-06
1.856777201000463e-03	-8.876284e-06
1.866777201000463e-03	-8.875913e-06
1.876777201000463e-03	-8.875561e-06
1.886777201000463e-03	-8.875226e-06
1.896777201000463e-03	-8.874907e-06
1.906777201000463e-03	-8.874603e-06
1.916777201000463e-03	-8.874314e-06
1.926777201000463e-03	-8.874038e-06
1.936777201000463e-03	-8.873776e-06
1.946777201000463e-03	-8.873527e-06
1.956777201000463e-03	-8.873290e-06
1.966777201000463e-03	-8.873063e-06
1.976777201000463e-03	-8.872848e-06
1.986777201000463e-03	-8.872644e-06
1.996777201000463e-03	-8.872450e-06
2.006777201000463e-03	-8.872265e-06
2.016777201000463e-03	-8.872088e-06
2.026777201000463e-03	-8.871920e-06
2.036777201000463e-03	-8.871761e-06
2.046777201000463e-03	-8.871609e-06
2.056777201000463e-03	-8.871464e-06
2.066777201000463e-03	-8.871326e-06
2.076777201000463e-03	-8.871195e-06
2.086777201000463e-03	-8.871071e-06
2.096777201000463e-03	-8.870952e-06
2.106777201000463e-03	-8.870839e-06
2.116777201000463e-03	-8.870732e-06
2.126777201000463e-03	-8.870629e-06
2.136777201000463e-03	-8.870532e-06
2.146777201000463e-03	-8.870439e-06
2.156777201000463e-03	-8.870351e-06
2.166777201000463e-03	-8.870267e-06
2.176777201000463e-03	-8.870187e-06
2.186777201000463e-03	-8.870112e-06
2.196777201000463e-03	-8.870039e-06
2.206777201000463e-03	-8.869971e-06
2.216777201000463e-03	-8.869905e-06
2.226777201000463e-03	-8.869843e-06
2.236777201000463e-03	-8.869783e-06
2.246777201000463e-03	-8.869727e-06
2.256777201000463e-03	-8.869673e-06
2.266777201000463e-03	-8.869622e-06
2.276777201000463e-03	-8.869573e-06
2.286777201000463e-03	-8.869527e-06
2.296777201000463e-03	-8.869483e-06
2.306777201000463e-03	-8.869441e-06
2.316777201000463e-03	-8.869401e-06
2.326777201000463e-03	-8.869363e-06
2.336777201000463e-03	-8.869327e-06
2.346777201000463e-03	-8.869292e-06
2.356777201000463e-03	-8.869260e-06
2.366777201000463e-03	-8.869229e-06
2.376777201000463e-03	-8.869200e-06
2.386777201000463e-03	-8.869171e-06
2.396777201000463e-03	-8.869144e-06
2.406777201000463e-03	-8.869119e-06
2.416777201000463e-03	-8.869094e-06
2.426777201000463e-03	-8.869070e-06
2.436777201000463e-03	-8.869049e-06
2.446777201000463e-03	-8.869028e-06
2.456777201000463e-03	-8.869009e-06
2.466777201000463e-03	-8.868989e-06
2.476777201000463e-03	-8.868971e-06
2.486777201000463e-03	-8.868954e-06
2.496777201000463e-03	-8.868938e-06
2.506777201000463e-03	-8.868921e-06
2.516777201000463e-03	-8.868907e-06
2.526777201000463e-03	-8.868893e-06
2.536777201000463e-03	-8.868879e-06
2.546777201000463e-03	-8.868867e-06
2.556777201000463e-03	-8.868855e-06
2.566777201000463e-03	-8.868843e-06
2.576777201000463e-03	-8.868832e-06
2.586777201000463e-03	-8.868821e-06
2.596777201000463e-03	-8.868812e-06
2.606777201000463e-03	-8.868802e-06
2.616777201000463e-03	-8.868793e-06
2.626777201000463e-03	-8.868785e-06
2.636777201000463e-03	-8.868776e-06
2.646777201000463e-03	-8.868768e-06
2.656777201000463e-03	-8.868761e-06
2.666777201000463e-03	-8.868754e-06
2.676777201000463e-03	-8.868747e-06
2.686777201000463e-03	-8.868741e-06
2.696777201000463e-03	-8.868735e-06
2.706777201000463e-03	-8.868729e-06
2.716777201000463e-03	-8.868724e-06
2.726777201000463e-03	-8.868718e-06
2.736777201000463e-03	-8.868714e-06
2.746777201000463e-03	-8.868708e-06
2.756777201000463e-03	-8.868704e-06
2.766777201000463e-03	-8.868699e-06
2.776777201000463e-03	-8.868696e-06
2.786777201000463e-03	-8.868692e-06
2.796777201000463e-03	-8.868688e-06
2.806777201000463e-03	-8.868685e-06
2.816777201000463e-03	-8.868681e-06
2.826777201000463e-03	-8.868677e-06
2.836777201000463e-03	-8.868675e-06
2.846777201000463e-03	-8.868672e-06
2.856777201000463e-03	-8.868669e-06
2.866777201000463e-03	-8.868667e-06
2.876777201000463e-03	-8.868664e-06
2.886777201000463e-03	-8.868662e-06
2.896777201000463e-03	-8.868659e-06
2.906777201000463e-03	-8.868657e-06
2.916777201000463e-03	-8.868656e-06
2.926777201000463e-03	-8.868654e-06
2.936777201000463e-03	-8.868652e-06
2.946777201000463e-03	-8.868650e-06
2.956777201000463e-03	-8.868648e-06
2.966777201000463e-03	-8.868647e-06
2.976777201000463e-03	-8.868645e-06
2.986777201000463e-03	-8.868644e-06
2.996777201000463e-03	-8.868642e-06
3.006777201000463e-03	-8.868641e-06
3.016777201000463e-03	-8.868639e-06
3.026777201000463e-03	-8.868638e-06
3.036777201000463e-03	-8.868637e-06
3.046777201000463e-03	-8.868637e-06
3.056777201000463e-03	-8.868636e-06
3.066777201000463e-03	-8.868634e-06
3.076777201000463e-03	-8.868634e-06
3.086777201000463e-03	-8.868632e-06
3.096777201000463e-03	-8.868632e-06
3.106777201000463e-03	-8.868631e-06
3.116777201000463e-03	-8.868630e-06
3.126777201000463e-03	-8.868629e-06
3.136777201000463e-03	-8.868628e-06
3.146777201000463e-03	-8.868627e-06
3.156777201000463e-03	-8.868627e-06
3.166777201000463e-03	-8.868627e-06
3.176777201000463e-03	-8.868627e-06
3.186777201000463e-03	-8.868626e-06
3.196777201000463e-03	-8.868625e-06
3.206777201000463e-03	-8.868625e-06
3.216777201000463e-03	-8.868625e-06
3.226777201000463e-03	-8.868624e-06
3.236777201000463e-03	-8.868623e-06
3.246777201000463e-03	-8.868623e-06
3.256777201000463e-03	-8.868623e-06
3.266777201000463e-03	-8.868622e-06
3.276777201000463e-03	-8.868622e-06
3.286777201000463e-03	-8.868621e-06
3.296777201000463e-03	-8.868621e-06
3.306777201000463e-03	-8.868621e-06
3.316777201000463e-03	-8.868621e-06
3.326777201000463e-03	-8.868621e-06
3.336777201000463e-03	-8.868620e-06
3.346777201000463e-03	-8.868619e-06
3.356777201000463e-03	-8.868619e-06
3.366777201000463e-03	-8.868619e-06
3.376777201000463e-03	-8.868619e-06
3.386777201000463e-03	-8.868619e-06
3.396777201000463e-03	-8.868619e-06
3.406777201000463e-03	-8.868619e-06
3.416777201000463e-03	-8.868618e-06
3.426777201000463e-03	-8.868618e-06
3.436777201000463e-03	-8.868617e-06
3.446777201000463e-03	-8.868617e-06
3.456777201000463e-03	-8.868617e-06
3.466777201000463e-03	-8.868617e-06
3.476777201000463e-03	-8.868617e-06
3.486777201000463e-03	-8.868617e-06
3.496777201000463e-03	-8.868617e-06
3.506777201000463e-03	-8.868617e-06
3.516777201000463e-03	-8.868617e-06
3.526777201000463e-03	-8.868617e-06
3.536777201000463e-03	-8.868617e-06
3.546777201000463e-03	-8.868617e-06
3.556777201000463e-03	-8.868617e-06
3.566777201000463e-03	-8.868617e-06
3.576777201000463e-03	-8.868617e-06
3.586777201000463e-03	-8.868617e-06
3.596777201000463e-03	-8.868617e-06
3.606777201000463e-03	-8.868617e-06
3.616777201000463e-03	-8.868616e-06
3.626777201000463e-03	-8.868616e-06
3.636777201000463e-03	-8.868616e-06
3.646777201000463e-03	-8.868616e-06
3.656777201000463e-03	-8.868616e-06
3.666777201000463e-03	-8.868616e-06
3.676777201000463e-03	-8.868616e-06
3.686777201000463e-03	-8.868616e-06
3.696777201000463e-03	-8.868616e-06
3.706777201000463e-03	-8.868616e-06
3.716777201000463e-03	-8.868616e-06
3.726777201000463e-03	-8.868616e-06
3.736777201000463e-03	-8.868616e-06
3.746777201000463e-03	-8.868616e-06
3.756777201000463e-03	-8.868616e-06
3.766777201000463e-03	-8.868616e-06
3.776777201000463e-03	-8.868616e-06
3.786777201000463e-03	-8.868616e-06
3.796777201000463e-03	-8.868616e-06
3.806777201000463e-03	-8.868616e-06
3.816777201000463e-03	-8.868616e-06
3.826777201000463e-03	-8.868616e-06
3.836777201000463e-03	-8.868616e-06
3.846777201000463e-03	-8.868616e-06
3.856777201000463e-03	-8.868616e-06
3.866777201000463e-03	-8.868616e-06
3.876777201000463e-03	-8.868616e-06
3.886777201000463e-03	-8.868616e-06
3.896777201000463e-03	-8.868616e-06
3.906777201000463e-03	-8.868616e-06
3.916777201000463e-03	-8.868616e-06
3.926777201000463e-03	-8.868616e-06
3.936777201000463e-03	-8.868616e-06
3.946777201000463e-03	-8.868616e-06
3.956777201000463e-03	-8.868616e-06
3.966777201000463e-03	-8.868616e-06
3.976777201000463e-03	-8.868616e-06
3.986777201000463e-03	-8.868616e-06
3.996777201000463e-03	-8.868616e-06
4.006777201000463e-03	-8.868616e-06
4.016777201000463e-03	-8.868616e-06
4.026777201000463e-03	-8.868616e-06
4.036777201000463e-03	-8.868616e-06
4.046777201000462e-03	-8.868616e-06
4.056777201000463e-03	-8.868616e-06
4.066777201000463e-03	-8.868616e-06
4.076777201000463e-03	-8.868616e-06
4.086777201000463e-03	-8.868616e-06
4.096777201000463e-03	-8.868616e-06
4.106777201000463e-03	-8.868616e-06
4.116777201000463e-03	-8.868616e-06
4.126777201000463e-03	-8.868616e-06
4.136777201000463e-03	-8.868615e-06
4.146777201000463e-03	-8.868615e-06
4.156777201000463e-03	-8.868615e-06
4.166777201000463e-03	-8.868615e-06
4.176777201000463e-03	-8.868616e-06
4.186777201000463e-03	-8.868616e-06
4.196777201000462e-03	-8.868616e-06
4.206777201000463e-03	-8.868616e-06
4.216777201000462e-03	-8.868615e-06
4.226777201000463e-03	-8.868615e-06
4.236777201000463e-03	-8.868615e-06
4.246777201000463e-03	-8.868615e-06
4.256777201000463e-03	-8.868615e-06
4.266777201000463e-03	-8.868615e-06
4.276777201000463e-03	-8.868616e-06
4.286777201000463e-03	-8.868616e-06
4.296777201000463e-03	-8.868616e-06
4.306777201000463e-03	-8.868616e-06
4.316777201000463e-03	-8.868616e-06
4.326777201000463e-03	-8.868616e-06
4.336777201000463e-03	-8.868616e-06
4.346777201000463e-03	-8.868616e-06
4.356777201000463e-03	-8.868616e-06
4.366777201000462e-03	-8.868616e-06
4.376777201000463e-03	-8.868616e-06
4.386777201000462e-03	-8.868616e-06
4.396777201000463e-03	-8.868616e-06
4.406777201000463e-03	-8.868616e-06
4.416777201000463e-03	-8.868616e-06
4.426777201000463e-03	-8.868615e-06
4.436777201000463e-03	-8.868615e-06
4.446777201000463e-03	-8.868615e-06
4.456777201000463e-03	-8.868615e-06
4.466777201000463e-03	-8.868615e-06
4.476777201000463e-03	-8.868615e-06
4.486777201000463e-03	-8.868615e-06
4.496777201000463e-03	-8.868615e-06
4.506777201000463e-03	-8.868615e-06
4.516777201000462e-03	-8.868615e-06
4.526777201000463e-03	-8.868616e-06
4.536777201000462e-03	-8.868616e-06
4.546777201000463e-03	-8.868615e-06
4.556777201000463e-03	-8.868615e-06
4.566777201000463e-03	-8.868615e-06
4.576777201000463e-03	-8.868615e-06
4.586777201000463e-03	-8.868616e-06
4.596777201000463e-03	-8.868616e-06
4.606777201000463e-03	-8.868616e-06
4.616777201000463e-03	-8.868616e-06
4.626777201000463e-03	-8.868615e-06
4.636777201000463e-03	-8.868615e-06
4.646777201000463e-03	-8.868616e-06
4.656777201000463e-03	-8.868616e-06
4.666777201000463e-03	-8.868615e-06
4.676777201000463e-03	-8.868615e-06
4.686777201000462e-03	-8.868615e-06
4.696777201000463e-03	-8.868615e-06
4.706777201000462e-03	-8.868616e-06
4.716777201000463e-03	-8.868616e-06
4.726777201000463e-03	-8.868615e-06
4.736777201000463e-03	-8.868615e-06
4.746777201000463e-03	-8.868616e-06
4.756777201000463e-03	-8.868616e-06
4.766777201000463e-03	-8.868615e-06
4.776777201000463e-03	-8.868615e-06
4.786777201000463e-03	-8.868616e-06
4.796777201000463e-03	-8.868616e-06
4.806777201000463e-03	-8.868615e-06
4.816777201000463e-03	-8.868615e-06
4.826777201000463e-03	-8.868616e-06
4.836777201000462e-03	-8.868616e-06
4.846777201000463e-03	-8.868615e-06
4.856777201000462e-03	-8.868615e-06
4.866777201000463e-03	-8.868615e-06
4.876777201000462e-03	-8.868615e-06
4.886777201000463e-03	-8.868616e-06
4.896777201000463e-03	-8.868616e-06
4.906777201000463e-03	-8.868615e-06
4.916777201000463e-03	-8.868615e-06
4.926777201000463e-03	-8.868615e-06
4.936777201000463e-03	-8.868615e-06
4.946777201000463e-03	-8.868616e-06
4.956777201000463e-03	-8.868616e-06
4.966777201000463e-03	-8.868615e-06
4.976777201000463e-03	-8.868615e-06
4.986777201000463e-03	-8.868615e-06
4.996777201000463e-03	-8.868615e-06
5.006777201000462e-03	-8.868616e-06
5.016777201000463e-03	-8.868616e-06
5.026777201000462e-03	-8.868616e-06
5.036777201000463e-03	-8.868616e-06
5.046777201000462e-03	-8.868615e-06
5.056777201000463e-03	-8.868615e-06
5.066777201000463e-03	-8.868615e-06
5.076777201000463e-03	-8.868615e-06
5.086777201000463e-03	-8.868616e-06
5.096777201000463e-03	-8.868616e-06
5.106777201000463e-03	-8.868616e-06
5.116777201000463e-03	-8.868616e-06
5.126777201000463e-03	-8.868616e-06
5.136777201000463e-03	-8.868616e-06
5.146777201000463e-03	-8.868616e-06
5.156777201000462e-03	-8.868616e-06
5.166777201000463e-03	-8.868615e-06
5.176777201000462e-03	-8.868615e-06
5.186777201000463e-03	-8.868615e-06
5.196777201000462e-03	-8.868615e-06
5.206777201000463e-03	-8.868615e-06
5.216777201000463e-03	-8.868615e-06
5.226777201000463e-03	-8.868615e-06
5.236777201000463e-03	-8.868615e-06
5.246777201000463e-03	-8.868615e-06
5.256777201000463e-03	-8.868615e-06
5.266777201000463e-03	-8.868616e-06
5.276777201000463e-03	-8.868616e-06
5.286777201000463e-03	-8.868616e-06
5.296777201000463e-03	-8.868616e-06
5.306777201000463e-03	-8.868616e-06
5.316777201000463e-03	-8.868616e-06
5.326777201000462e-03	-8.868616e-06
5.336777201000463e-03	-8.868616e-06
5.346777201000462e-03	-8.868616e-06
5.356777201000463e-03	-8.868616e-06
5.366777201000462e-03	-8.868616e-06
5.376777201000463e-03	-8.868615e-06
5.386777201000463e-03	-8.868615e-06
5.396777201000463e-03	-8.868615e-06
5.406777201000463e-03	-8.868615e-06
5.416777201000463e-03	-8.868615e-06
5.426777201000463e-03	-8.868615e-06
5.436777201000463e-03	-8.868615e-06
5.446777201000463e-03	-8.868615e-06
5.456777201000463e-03	-8.868615e-06
5.466777201000463e-03	-8.868615e-06
5.476777201000462e-03	-8.868616e-06
5.486777201000463e-03	-8.868616e-06
5.496777201000462e-03	-8.868616e-06
5.506777201000463e-03	-8.868616e-06
5.516777201000462e-03	-8.868616e-06
5.526777201000463e-03	-8.868616e-06
5.536777201000462e-03	-8.868616e-06
5.546777201000463e-03	-8.868616e-06
5.556777201000463e-03	-8.868615e-06
5.566777201000463e-03	-8.868615e-06
5.576777201000463e-03	-8.868615e-06
5.586777201000463e-03	-8.868615e-06
5.596777201000463e-03	-8.868616e-06
5.606777201000463e-03	-8.868616e-06
5.616777201000463e-03	-8.868616e-06
5.626777201000463e-03	-8.868616e-06
5.636777201000463e-03	-8.868616e-06
5.646777201000462e-03	-8.868616e-06
5.656777201000463e-03	-8.868615e-06
5.666777201000462e-03	-8.868615e-06
5.676777201000463e-03	-8.868615e-06
5.686777201000462e-03	-8.868615e-06
5.696777201000463e-03	-8.868616e-06
5.706777201000462e-03	-8.868616e-06
5.716777201000463e-03	-8.868616e-06
5.726777201000463e-03	-8.868616e-06
5.736777201000463e-03	-8.868615e-06
5.746777201000463e-03	-8.868615e-06
5.756777201000463e-03	-8.868615e-06
5.766777201000463e-03	-8.868615e-06
5.776777201000463e-03	-8.868616e-06
5.786777201000463e-03	-8.868616e-06
5.796777201000462e-03	-8.868615e-06
5.806777201000463e-03	-8.868615e-06
5.816777201000462e-03	-8.868615e-06
5.826777201000463e-03	-8.868615e-06
5.836777201000462e-03	-8.868616e-06
5.846777201000463e-03	-8.868616e-06
5.856777201000462e-03	-8.868616e-06
5.866777201000463e-03	-8.868616e-06
5.876777201000462e-03	-8.868615e-06
5.886777201000463e-03	-8.868615e-06
5.896777201000463e-03	-8.868616e-06
5.906777201000463e-03	-8.868616e-06
5.916777201000463e-03	-8.868615e-06
5.926777201000463e-03	-8.868615e-06
5.936777201000463e-03	-8.868615e-06
5.946777201000463e-03	-8.868615e-06
5.956777201000463e-03	-8.868616e-06
5.966777201000462e-03	-8.868616e-06
5.976777201000463e-03	-8.868615e-06
5.986777201000462e-03	-8.868615e-06
5.996777201000463e-03	-8.868616e-06
6.006777201000462e-03	-8.868616e-06
6.016777201000463e-03	-8.868615e-06
6.026777201000462e-03	-8.868615e-06
6.036777201000463e-03	-8.868616e-06
6.046777201000463e-03	-8.868616e-06
6.056777201000463e-03	-8.868616e-06
6.066777201000463e-03	-8.868616e-06
6.076777201000463e-03	-8.868615e-06
6.086777201000463e-03	-8.868615e-06
6.096777201000463e-03	-8.868616e-06
6.106777201000463e-03	-8.868616e-06
6.116777201000462e-03	-8.868615e-06
6.126777201000463e-03	-8.868615e-06
6.136777201000462e-03	-8.868616e-06
6.146777201000463e-03	-8.868616e-06
6.156777201000462e-03	-8.868615e-06
6.166777201000463e-03	-8.868615e-06
6.176777201000462e-03	-8.868616e-06
6.186777201000463e-03	-8.868616e-06
6.196777201000462e-03	-8.868615e-06
6.206777201000463e-03	-8.868615e-06
6.216777201000463e-03	-8.868616e-06
6.226777201000463e-03	-8.868616e-06
6.236777201000463e-03	-8.868615e-06
6.246777201000463e-03	-8.868615e-06
6.256777201000463e-03	-8.868616e-06
6.266777201000463e-03	-8.868616e-06
6.276777201000463e-03	-8.868615e-06
6.286777201000462e-03	-8.868615e-06
6.296777201000463e-03	-8.868615e-06
6.306777201000462e-03	-8.868615e-06
6.316777201000463e-03	-8.868616e-06
6.326777201000462e-03	-8.868616e-06
6.336777201000463e-03	-8.868615e-06
6.346777201000462e-03	-8.868615e-06
6.356777201000463e-03	-8.868616e-06
6.366777201000462e-03	-8.868616e-06
6.376777201000463e-03	-8.868615e-06
6.386777201000463e-03	-8.868615e-06
6.396777201000463e-03	-8.868616e-06
6.406777201000463e-03	-8.868616e-06
6.416777201000463e-03	-8.868615e-06
6.426777201000463e-03	-8.868615e-06
6.436777201000462e-03	-8.868615e-06
6.446777201000463e-03	-8.868615e-06
6.456777201000462e-03	-8.868616e-06
6.466777201000463e-03	-8.868616e-06
6.476777201000462e-03	-8.868615e-06
6.486777201000463e-03	-8.868615e-06
6.496777201000462e-03	-8.868616e-06
6.506777201000463e-03	-8.868616e-06
6.516777201000462e-03	-8.868615e-06
6.526777201000463e-03	-8.868615e-06
6.536777201000462e-03	-8.868615e-06
6.546777201000463e-03	-8.868615e-06
6.556777201000463e-03	-8.868616e-06
6.566777201000463e-03	-8.868616e-06
6.576777201000463e-03	-8.868615e-06
6.586777201000463e-03	-8.868615e-06
6.596777201000463e-03	-8.868615e-06
6.606777201000462e-03	-8.868615e-06
6.616777201000463e-03	-8.868616e-06
6.626777201000462e-03	-8.868616e-06
6.636777201000463e-03	-8.868615e-06
6.646777201000462e-03	-8.868615e-06
6.656777201000463e-03	-8.868615e-06
6.666777201000462e-03	-8.868615e-06
6.676777201000463e-03	-8.868616e-06
6.686777201000462e-03	-8.868616e-06
6.696777201000463e-03	-8.868615e-06
6.706777201000463e-03	-8.868615e-06
6.716777201000463e-03	-8.868615e-06
6.726777201000463e-03	-8.868615e-06
6.736777201000463e-03	-8.868615e-06
6.746777201000463e-03	-8.868615e-06
6.756777201000462e-03	-8.868616e-06
6.766777201000463e-03	-8.868616e-06
6.776777201000462e-03	-8.868615e-06
6.786777201000463e-03	-8.868615e-06
6.796777201000462e-03	-8.868615e-06
6.806777201000463e-03	-8.868615e-06
6.816777201000462e-03	-8.868616e-06
6.826777201000463e-03	-8.868616e-06
6.836777201000462e-03	-8.868615e-06
6.846777201000463e-03	-8.868615e-06
6.856777201000462e-03	-8.868615e-06
6.866777201000463e-03	-8.868615e-06
6.876777201000463e-03	-8.868615e-06
6.886777201000463e-03	-8.868615e-06
6.896777201000463e-03	-8.868616e-06
6.906777201000463e-03	-8.868616e-06
6.916777201000463e-03	-8.868615e-06
6.926777201000462e-03	-8.868615e-06
6.936777201000463e-03	-8.868615e-06
6.946777201000462e-03	-8.868615e-06
6.956777201000463e-03	-8.868615e-06
6.966777201000462e-03	-8.868615e-06
6.976777201000463e-03	-8.868616e-06
6.986777201000462e-03	-8.868616e-06
6.996777201000463e-03	-8.868616e-06
7.006777201000462e-03	-8.868616e-06
7.016777201000463e-03	-8.868615e-06
7.026777201000462e-03	-8.868615e-06
7.036777201000463e-03	-8.868615e-06
7.046777201000463e-03	-8.868615e-06
7.056777201000463e-03	-8.868615e-06
7.066777201000463e-03	-8.868615e-06
7.076777201000462e-03	-8.868616e-06
7.086777201000463e-03	-8.868616e-06
7.096777201000462e-03	-8.868616e-06
7.106777201000463e-03	-8.868616e-06
7.116777201000462e-03	-8.868615e-06
7.126777201000463e-03	-8.868615e-06
7.136777201000462e-03	-8.868615e-06
7.146777201000463e-03	-8.868615e-06
7.156777201000462e-03	-8.868615e-06
7.166777201000463e-03	-8.868615e-06
7.176777201000462e-03	-8.868615e-06
7.186777201000463e-03	-8.868615e-06
7.196777201000462e-03	-8.868616e-06
7.206777201000463e-03	-8.868616e-06
7.216777201000463e-03	-8.868615e-06
7.226777201000463e-03	-8.868615e-06
7.236777201000463e-03	-8.868615e-06
7.246777201000462e-03	-8.868615e-06
7.256777201000463e-03	-8.868615e-06
7.266777201000462e-03	-8.868615e-06
7.276777201000463e-03	-8.868615e-06
7.286777201000462e-03	-8.868615e-06
7.296777201000463e-03	-8.868615e-06
7.306777201000462e-03	-8.868615e-06
7.316777201000463e-03	-8.868616e-06
7.326777201000462e-03	-8.868616e-06
7.336777201000463e-03	-8.868616e-06
7.346777201000462e-03	-8.868616e-06
7.356777201000463e-03	-8.868615e-06
7.366777201000463e-03	-8.868615e-06
7.376777201000463e-03	-8.868615e-06
7.386777201000463e-03	-8.868615e-06
7.396777201000462e-03	-8.868615e-06
7.406777201000463e-03	-8.868615e-06
7.416777201000462e-03	-8.868615e-06
7.426777201000463e-03	-8.868615e-06
7.436777201000462e-03	-8.868615e-06
7.446777201000463e-03	-8.868615e-06
7.456777201000462e-03	-8.868615e-06
7.466777201000463e-03	-8.868615e-06
7.476777201000462e-03	-8.868615e-06
7.486777201000463e-03	-8.868615e-06
7.496777201000462e-03	-8.868616e-06
7.506777201000463e-03	-8.868616e-06
7.516777201000462e-03	-8.868616e-06
7.526777201000463e-03	-8.868616e-06
7.536777201000463e-03	-8.868615e-06
7.546777201000463e-03	-8.868615e-06
7.556777201000463e-03	-8.868615e-06
7.566777201000462e-03	-8.868615e-06
7.576777201000463e-03	-8.868615e-06
7.586777201000462e-03	-8.868615e-06
7.596777201000463e-03	-8.868615e-06
7.606777201000462e-03	-8.868615e-06
7.616777201000463e-03	-8.868615e-06
7.626777201000462e-03	-8.868615e-06
7.636777201000463e-03	-8.868615e-06
7.646777201000462e-03	-8.868615e-06
7.656777201000463e-03	-8.868615e-06
7.666777201000462e-03	-8.868615e-06
7.676777201000463e-03	-8.868615e-06
7.686777201000462e-03	-8.868615e-06
7.696777201000463e-03	-8.868615e-06
7.706777201000463e-03	-8.868615e-06
7.716777201000462e-03	-8.868615e-06
7.726777201000463e-03	-8.868615e-06
7.736777201000462e-03	-8.868615e-06
7.746777201000463e-03	-8.868615e-06
7.756777201000462e-03	-8.868615e-06
7.766777201000463e-03	-8.868615e-06
7.776777201000462e-03	-8.868616e-06
7.786777201000463e-03	-8.868616e-06
7.796777201000462e-03	-8.868616e-06
7.806777201000463e-03	-8.868616e-06
7.816777201000463e-03	-8.868616e-06
7.826777201000463e-03	-8.868616e-06
7.836777201000462e-03	-8.868616e-06
7.846777201000462e-03	-8.868616e-06
7.856777201000463e-03	-8.868616e-06
7.866777201000463e-03	-8.868616e-06
7.876777201000463e-03	-8.868616e-06
7.886777201000462e-03	-8.868616e-06
7.896777201000462e-03	-8.868615e-06
7.906777201000463e-03	-8.868615e-06
7.916777201000463e-03	-8.868615e-06
7.926777201000462e-03	-8.868615e-06
7.936777201000462e-03	-8.868615e-06
7.946777201000463e-03	-8.868615e-06
7.956777201000463e-03	-8.868615e-06
7.966777201000462e-03	-8.868615e-06
7.976777201000462e-03	-8.868615e-06
7.986777201000463e-03	-8.868615e-06
7.996777201000463e-03	-8.868615e-06
8.006777201000462e-03	-8.868615e-06
8.016777201000462e-03	-8.868615e-06
8.026777201000463e-03	-8.868615e-06
8.036777201000463e-03	-8.868615e-06
8.046777201000463e-03	-8.868615e-06
8.056777201000462e-03	-8.868615e-06
8.066777201000462e-03	-8.868615e-06
8.076777201000463e-03	-8.868615e-06
8.086777201000463e-03	-8.868615e-06
8.096777201000462e-03	-8.868615e-06
8.106777201000462e-03	-8.868615e-06
8.116777201000463e-03	-8.868615e-06
8.126777201000463e-03	-8.868615e-06
8.136777201000462e-03	-8.868615e-06
8.146777201000462e-03	-8.868615e-06
8.156777201000463e-03	-8.868615e-06
8.166777201000463e-03	-8.868615e-06
8.176777201000462e-03	-8.868615e-06
8.186777201000462e-03	-8.868615e-06
8.196777201000462e-03	-8.868615e-06
8.206777201000463e-03	-8.868615e-06
8.216777201000463e-03	-8.868615e-06
8.226777201000462e-03	-8.868616e-06
8.236777201000462e-03	-8.868616e-06
8.246777201000463e-03	-8.868616e-06
8.256777201000463e-03	-8.868616e-06
8.266777201000462e-03	-8.868616e-06
8.276777201000462e-03	-8.868616e-06
8.286777201000463e-03	-8.868616e-06
8.296777201000463e-03	-8.868616e-06
8.306777201000462e-03	-8.868616e-06
8.316777201000462e-03	-8.868616e-06
8.326777201000463e-03	-8.868616e-06
8.336777201000463e-03	-8.868616e-06
8.346777201000462e-03	-8.868615e-06
8.356777201000462e-03	-8.868615e-06
8.366777201000462e-03	-8.868615e-06
8.376777201000463e-03	-8.868615e-06
8.386777201000463e-03	-8.868615e-06
8.396777201000462e-03	-8.868615e-06
8.406777201000462e-03	-8.868615e-06
8.416777201000463e-03	-8.868615e-06
8.426777201000463e-03	-8.868615e-06
8.436777201000462e-03	-8.868615e-06
8.446777201000462e-03	-8.868615e-06
8.456777201000463e-03	-8.868615e-06
8.466777201000463e-03	-8.868615e-06
8.476777201000462e-03	-8.868615e-06
8.486777201000462e-03	-8.868615e-06
8.496777201000463e-03	-8.868615e-06
8.506777201000463e-03	-8.868615e-06
8.516777201000462e-03	-8.868615e-06
8.526777201000462e-03	-8.868615e-06
8.536777201000462e-03	-8.868615e-06
8.546777201000463e-03	-8.868615e-06
8.556777201000463e-03	-8.868615e-06
8.566777201000462e-03	-8.868615e-06
8.576777201000462e-03	-8.868615e-06
8.586777201000463e-03	-8.868615e-06
8.596777201000463e-03	-8.868615e-06
8.606777201000462e-03	-8.868616e-06
8.616777201000462e-03	-8.868616e-06
8.626777201000463e-03	-8.868616e-06
8.636777201000463e-03	-8.868616e-06
8.646777201000462e-03	-8.868616e-06
8.656777201000462e-03	-8.868616e-06
8.666777201000463e-03	-8.868615e-06
8.676777201000463e-03	-8.868615e-06
8.686777201000462e-03	-8.868615e-06
8.696777201000462e-03	-8.868615e-06
8.706777201000462e-03	-8.868615e-06
8.716777201000463e-03	-8.868615e-06
8.726777201000463e-03	-8.868615e-06
8.736777201000462e-03	-8.868615e-06
8.746777201000462e-03	-8.868615e-06
8.756777201000463e-03	-8.868615e-06
8.766777201000463e-03	-8.868615e-06
8.776777201000462e-03	-8.868615e-06
8.786777201000462e-03	-8.868615e-06
8.796777201000463e-03	-8.868615e-06
8.806777201000463e-03	-8.868615e-06
8.816777201000462e-03	-8.868615e-06
8.826777201000462e-03	-8.868616e-06
8.836777201000462e-03	-8.868616e-06
8.846777201000463e-03	-8.868616e-06
8.856777201000463e-03	-8.868616e-06
8.866777201000462e-03	-8.868616e-06
8.876777201000462e-03	-8.868616e-06
8.886777201000463e-03	-8.868615e-06
8.896777201000463e-03	-8.868615e-06
8.906777201000462e-03	-8.868615e-06
8.916777201000462e-03	-8.868615e-06
8.926777201000463e-03	-8.868615e-06
8.936777201000463e-03	-8.868615e-06
8.946777201000462e-03	-8.868615e-06
8.956777201000462e-03	-8.868615e-06
8.966777201000463e-03	-8.868615e-06
8.976777201000463e-03	-8.868615e-06
8.986777201000462e-03	-8.868615e-06
8.996777201000462e-03	-8.868615e-06
9.006777201000462e-03	-8.868616e-06
9.016777201000463e-03	-8.868616e-06
9.026777201000463e-03	-8.868616e-06
9.036777201000462e-03	-8.868616e-06
9.046777201000462e-03	-8.868615e-06
9.056777201000463e-03	-8.868615e-06
9.066777201000463e-03	-8.868615e-06
9.076777201000462e-03	-8.868615e-06
9.086777201000462e-03	-8.868615e-06
9.096777201000463e-03	-8.868615e-06
9.106777201000463e-03	-8.868615e-06
9.116777201000462e-03	-8.868615e-06
9.126777201000462e-03	-8.868615e-06
9.136777201000463e-03	-8.868615e-06
9.146777201000463e-03	-8.868615e-06
9.156777201000462e-03	-8.868615e-06
9.166777201000462e-03	-8.868616e-06
9.176777201000462e-03	-8.868616e-06
9.186777201000463e-03	-8.868616e-06
9.196777201000463e-03	-8.868616e-06
9.206777201000462e-03	-8.868615e-06
9.216777201000462e-03	-8.868615e-06
9.226777201000463e-03	-8.868615e-06
9.236777201000463e-03	-8.868615e-06
9.246777201000462e-03	-8.868615e-06
9.256777201000462e-03	-8.868615e-06
9.266777201000463e-03	-8.868615e-06
9.276777201000463e-03	-8.868615e-06
9.286777201000462e-03	-8.868615e-06
9.296777201000462e-03	-8.868615e-06
9.306777201000463e-03	-8.868616e-06
9.316777201000463e-03	-8.868616e-06
9.326777201000462e-03	-8.868616e-06
9.336777201000462e-03	-8.868616e-06
9.346777201000462e-03	-8.868615e-06
9.356777201000463e-03	-8.868615e-06
9.366777201000463e-03	-8.868615e-06
9.376777201000462e-03	-8.868615e-06
9.386777201000462e-03	-8.868615e-06
9.396777201000463e-03	-8.868615e-06
9.406777201000463e-03	-8.868615e-06
9.416777201000462e-03	-8.868615e-06
9.426777201000462e-03	-8.868615e-06
9.436777201000463e-03	-8.868615e-06
9.446777201000463e-03	-8.868616e-06
9.456777201000462e-03	-8.868616e-06
9.466777201000462e-03	-8.868615e-06
9.476777201000462e-03	-8.868615e-06
9.486777201000463e-03	-8.868615e-06
9.496777201000462e-03	-8.868615e-06
9.506777201000462e-03	-8.868615e-06
9.516777201000462e-03	-8.868615e-06
9.526777201000463e-03	-8.868615e-06
9.536777201000463e-03	-8.868615e-06
9.546777201000462e-03	-8.868615e-06
9.556777201000462e-03	-8.868615e-06
9.566777201000463e-03	-8.868616e-06
9.576777201000463e-03	-8.868616e-06
9.586777201000462e-03	-8.868615e-06
9.596777201000462e-03	-8.868615e-06
9.606777201000463e-03	-8.868615e-06
9.616777201000463e-03	-8.868615e-06
9.626777201000462e-03	-8.868615e-06
9.636777201000462e-03	-8.868615e-06
9.646777201000462e-03	-8.868615e-06
9.656777201000463e-03	-8.868615e-06
9.666777201000462e-03	-8.868616e-06
9.676777201000462e-03	-8.868616e-06
9.686777201000462e-03	-8.868616e-06
9.696777201000463e-03	-8.868616e-06
9.706777201000463e-03	-8.868615e-06
9.716777201000462e-03	-8.868615e-06
9.726777201000462e-03	-8.868615e-06
9.736777201000463e-03	-8.868615e-06
9.746777201000463e-03	-8.868615e-06
9.756777201000462e-03	-8.868615e-06
9.766777201000462e-03	-8.868615e-06
9.776777201000463e-03	-8.868615e-06
9.786777201000463e-03	-8.868616e-06
9.796777201000462e-03	-8.868616e-06
9.806777201000462e-03	-8.868615e-06
9.816777201000462e-03	-8.868615e-06
9.826777201000463e-03	-8.868615e-06
9.836777201000462e-03	-8.868615e-06
9.846777201000462e-03	-8.868615e-06
9.856777201000462e-03	-8.868615e-06
9.866777201000463e-03	-8.868615e-06
9.876777201000463e-03	-8.868615e-06
9.886777201000462e-03	-8.868616e-06
9.896777201000462e-03	-8.868616e-06
9.906777201000463e-03	-8.868616e-06
9.916777201000463e-03	-8.868616e-06
9.926777201000462e-03	-8.868615e-06
9.936777201000462e-03	-8.868615e-06
9.946777201000463e-03	-8.868615e-06
9.956777201000463e-03	-8.868615e-06
9.966777201000462e-03	-8.868615e-06
9.976777201000462e-03	-8.868615e-06
9.986777201000462e-03	-8.868616e-06
9.996777201000463e-03	-8.868616e-06
1.000000000000000e-02	-8.868646e-06
1.000000000100000e-02	-8.868368e-06
1.000000000200000e-02	-8.868019e-06
1.000000000440036e-02	-8.867780e-06
1.000000000670974e-02	-8.867690e-06
1.000000001132851e-02	-8.867583e-06
1.000000002056606e-02	-8.867352e-06
1.000000003904114e-02	-8.866886e-06
1.000000007599130e-02	-8.865950e-06
1.000000014989163e-02	-8.864074e-06
1.000000029769228e-02	-8.860303e-06
1.000000059329359e-02	-8.852689e-06
1.000000118449621e-02	-8.837225e-06
1.000000236690145e-02	-8.805612e-06
1.000000473171193e-02	-8.740939e-06
1.000000946133289e-02	-8.610455e-06
1.000001768468402e-02	-8.386779e-06
1.000002962942897e-02	-8.037096e-06
1.000005351891888e-02	-4.643643e-06
1.000010129789868e-02	1.047851e-06
1.000017105027691e-02	-5.360484e-06
1.000023626403225e-02	-1.270863e-05
1.000031614377578e-02	-1.676263e-05
1.000039209500841e-02	-1.962992e-05
1.000054399747366e-02	-2.374935e-05
1.000056482753760e-02	-2.420086e-05
1.000060648766549e-02	-2.496773e-05
1.000068980792126e-02	-2.647216e-05
1.000085644843280e-02	-2.943954e-05
1.000118972945588e-02	-3.491549e-05
1.000176798343029e-02	-4.277601e-05
1.000243495305696e-02	-4.967289e-05
1.000255254084788e-02	-5.050321e-05
1.000278771642972e-02	-5.146229e-05
1.000325806759341e-02	-5.253118e-05
1.000337565538433e-02	-5.260311e-05
1.000361083096617e-02	-5.248711e-05
1.000408118212986e-02	-5.217220e-05
1.000502188445724e-02	-5.147016e-05
1.000690328911199e-02	-5.009240e-05
1.001062905468319e-02	-4.788781e-05
1.001808058582558e-02	-4.513049e-05
1.002808058582558e-02	-4.328355e-05
1.003808058582558e-02	-4.235570e-05
1.004808058582558e-02	-4.165580e-05
1.005808058582558e-02	-4.093146e-05
1.006808058582558e-02	-3.997449e-05
1.007808058582558e-02	-3.869852e-05
1.008808058582558e-02	-3.729959e-05
1.009808058582558e-02	-3.590246e-05
1.010000000000000e-02	-3.564254e-05
1.010000000100000e-02	-3.564253e-05
1.010000001700000e-02	-3.564245e-05
1.010000004900000e-02	-3.564260e-05
1.010000011300000e-02	-3.564291e-05
1.010000024100000e-02	-3.564316e-05
1.010000049700000e-02	-3.564262e-05
1.010000100900000e-02	-3.563934e-05
1.010000203300000e-02	-3.563024e-05
1.010000408100000e-02	-3.561547e-05
1.010000817700000e-02	-3.560393e-05
1.010001636900000e-02	-3.560549e-05
1.010003275300001e-02	-3.561522e-05
1.010006552100002e-02	-3.561970e-05
1.010013105700003e-02	-3.561317e-05
1.010026212900006e-02	-3.559471e-05
1.010052427300013e-02	-3.555767e-05
1.010104856100025e-02	-3.548369e-05
1.010209713700050e-02	-3.533594e-05
1.010419428900100e-02	-3.504150e-05
1.010838859300201e-02	-3.445834e-05
1.011677720100402e-02	-3.331510e-05
1.012677720100402e-02	-3.199707e-05
1.013677720100402e-02	-3.074838e-05
1.014677720100401e-02	-2.960109e-05
1.015677720100402e-02	-2.854647e-05
1.016677720100402e-02	-2.740313e-05
1.017677720100402e-02	-2.576711e-05
1.018677720100401e-02	-2.368972e-05
1.019677720100402e-02	-2.200020e-05
1.020642687882405e-02	-2.121519e-05
1.021642687882405e-02	-2.099432e-05
1.022642687882405e-02	-2.164965e-05
1.023642687882405e-02	-2.349570e-05
1.024642687882405e-02	-2.458653e-05
1.025642687882405e-02	-2.440678e-05
1.026642687882405e-02	-2.421305e-05
1.027642687882405e-02	-2.400738e-05
1.028642687882405e-02	-2.379243e-05
1.029642687882405e-02	-2.357089e-05
1.030642687882405e-02	-2.334265e-05
1.031642687882405e-02	-2.310798e-05
1.032642687882405e-02	-2.286305e-05
1.033642687882405e-02	-2.259967e-05
1.034642687882405e-02	-2.228374e-05
1.035642687882405e-02	-2.174000e-05
1.036642687882405e-02	-2.118607e-05
1.037642687882405e-02	-2.090512e-05
1.038642687882405e-02	-2.069996e-05
1.039642687882405e-02	-2.039853e-05
1.040642687882405e-02	-1.947651e-05
1.041642687882405e-02	-1.853007e-05
1.042641836019209e-02	-1.822494e-05
1.043641836019209e-02	-1.751380e-05
1.044641836019209e-02	-1.621307e-05
1.045589700501564e-02	-1.529973e-05
1.046589700501564e-02	-1.349136e-05
1.047576027258791e-02	-1.080437e-05
1.048576027258791e-02	-9.257001e-06
1.049576027258791e-02	-8.423682e-06
1.050576027258791e-02	-7.636287e-06
1.051576027258791e-02	-6.946765e-06
1.052576027258791e-02	-6.290733e-06
1.053576027258791e-02	-5.646328e-06
1.054576027258791e-02	-5.037154e-06
1.055576027258791e-02	-4.553727e-06
1.056576027258791e-02	-4.126653e-06
1.057576027258791e-02	-3.799776e-06
1.058576027258791e-02	-3.504718e-06
1.059576027258791e-02	-3.232251e-06
1.060576027258791e-02	-2.979486e-06
1.061576027258791e-02	-2.752618e-06
1.062576027258791e-02	-2.560841e-06
1.063576027258791e-02	-2.401974e-06
1.064576027258791e-02	-2.265926e-06
1.065576027258791e-02	-2.144656e-06
1.066576027258791e-02	-2.033558e-06
1.067576027258791e-02	-1.930730e-06
1.068576027258791e-02	-1.835122e-06
1.069576027258791e-02	-1.746336e-06
1.070576027258791e-02	-1.663656e-06
1.071576027258791e-02	-1.587076e-06
1.072576027258791e-02	-1.515528e-06
1.073576027258791e-02	-1.449678e-06
1.074576027258791e-02	-1.387911e-06
1.075576027258791e-02	-1.331352e-06
1.076576027258791e-02	-1.278225e-06
1.077576027258791e-02	-1.229905e-06
1.078576027258791e-02	-1.184202e-06
1.079576027258791e-02	-1.143448e-06
1.080576027258791e-02	-1.104155e-06
1.081576027258791e-02	-1.070171e-06
1.082576027258791e-02	-1.037265e-06
1.083576027258791e-02	-1.008368e-06
1.084576027258791e-02	-9.831172e-07
1.085576027258791e-02	-9.582701e-07
1.086576027258791e-02	-9.401621e-07
1.087576027258791e-02	-9.223938e-07
1.088576027258791e-02	-9.101458e-07
1.089576027258791e-02	-9.020653e-07
1.090576027258791e-02	-9.002366e-07
1.091576027258791e-02	-9.056033e-07
1.092576027258791e-02	-9.185408e-07
1.093576027258791e-02	-9.346950e-07
1.094576027258791e-02	-9.426010e-07
1.095576027258791e-02	-9.334551e-07
1.096576027258791e-02	-9.102531e-07
1.097576027258791e-02	-8.817148e-07
1.098576027258791e-02	-8.538349e-07
1.099576027258791e-02	-8.257279e-07
1.100000000100000e-02	-1.718824e-06
1.100000000200000e-02	-1.718843e-06
1.100000001800000e-02	-1.719430e-06
1.100000005000000e-02	-1.720590e-06
1.100000011400000e-02	-1.722889e-06
1.100000024200000e-02	-1.727162e-06
1.100000049800000e-02	-1.733475e-06
1.100000101000000e-02	-1.735711e-06
1.100000203400000e-02	-1.708348e-06
1.100000408200000e-02	-1.601469e-06
1.100000817800000e-02	-1.383794e-06
1.100001637000000e-02	-1.108706e-06
1.100003275400001e-02	-8.942554e-07
1.100006552200002e-02	-8.092380e-07
1.100013105800003e-02	-8.067212e-07
1.100026213000006e-02	-8.139340e-07
1.100052427400013e-02	-8.163207e-07
1.100104856200025e-02	-8.159930e-07
1.100209713800050e-02	-8.136377e-07
1.100419429000100e-02	-8.093089e-07
1.100838859400201e-02	-8.010272e-07
1.101677720200402e-02	-7.859280e-07
1.102677720200402e-02	-7.699973e-07
1.103677720200402e-02	-7.563028e-07
1.104677720200402e-02	-7.446791e-07
1.105677720200402e-02	-7.348759e-07
1.106677720200402e-02	-7.266702e-07
1.107677720200402e-02	-7.198700e-07
1.108677720200402e-02	-7.143090e-07
1.109677720200402e-02	-7.098410e-07
1.110677720200402e-02	-7.063362e-07
1.111677720200402e-02	-7.036796e-07
1.112677720200402e-02	-7.017687e-07
1.113677720200402e-02	-7.005125e-07
1.114677720200402e-02	-6.998301e-07
1.115677720200402e-02	-6.996498e-07
1.116677720200402e-02	-6.999076e-07
1.117677720200402e-02	-7.005469e-07
1.118677720200402e-02	-7.015173e-07
1.119677720200402e-02	-7.027742e-07
1.120677720200402e-02	-7.042777e-07
1.121677720200402e-02	-7.059930e-07
1.122677720200402e-02	-7.078885e-07
1.123677720200402e-02	-7.099287e-07
1.124677720200402e-02	-7.119002e-07
1.125677720200402e-02	-7.133069e-07
1.126677720200402e-02	-7.136955e-07
1.127677720200402e-02	-7.129221e-07
1.128677720200402e-02	-7.110709e-07
1.129677720200402e-02	-7.083344e-07
1.130677720200402e-02	-7.049500e-07
1.131677720200402e-02	-7.011613e-07
1.132677720200402e-02	-6.971894e-07
1.133677720200402e-02	-6.932163e-07
1.134677720200402e-02	-6.893768e-07
1.135677720200402e-02	-6.857927e-07
1.136677720200402e-02	-6.825543e-07
1.137677720200402e-02	-6.796093e-07
1.138677720200402e-02	-6.767947e-07
1.139677720200402e-02	-6.739829e-07
1.140677720200402e-02	-6.711188e-07
1.141677720200402e-02	-6.681922e-07
1.142677720200402e-02	-6.652194e-07
1.143677720200402e-02	-6.622308e-07
1.144677720200402e-02	-6.592622e-07
1.145677720200402e-02	-6.563485e-07
1.146677720200402e-02	-6.535196e-07
1.147677720200402e-02	-6.507984e-07
1.148677720200402e-02	-6.481995e-07
1.149677720200402e-02	-6.457306e-07
1.150677720200402e-02	-6.433925e-07
1.151677720200402e-02	-6.411813e-07
1.152677720200402e-02	-6.390899e-07
1.153677720200402e-02	-6.371088e-07
1.154677720200402e-02	-6.352275e-07
1.155677720200402e-02	-6.334352e-07
1.156677720200402e-02	-6.317213e-07
1.157677720200402e-02	-6.300758e-07
1.158677720200402e-02	-6.284893e-07
1.159677720200402e-02	-6.269533e-07
1.160677720200402e-02	-6.254601e-07
1.161677720200402e-02	-6.240031e-07
1.162677720200402e-02	-6.225761e-07
1.163677720200402e-02	-6.211738e-07
1.164677720200402e-02	-6.197917e-07
1.165677720200402e-02	-6.184258e-07
1.166677720200402e-02	-6.170725e-07
1.167677720200402e-02	-6.157292e-07
1.168677720200402e-02	-6.143930e-07
1.169677720200402e-02	-6.130620e-07
1.170677720200402e-02	-6.117342e-07
1.171677720200402e-02	-6.104081e-07
1.172677720200402e-02	-6.090826e-07
1.173677720200402e-02	-6.077565e-07
1.174677720200402e-02	-6.064289e-07
1.175677720200402e-02	-6.050992e-07
1.176677720200402e-02	-6.037668e-07
1.177677720200402e-02	-6.024313e-07
1.178677720200402e-02	-6.010923e-07
1.179677720200402e-02	-5.997496e-07
1.180677720200402e-02	-5.984031e-07
1.181677720200402e-02	-5.970525e-07
1.182677720200402e-02	-5.956979e-07
1.183677720200402e-02	-5.943393e-07
1.184677720200402e-02	-5.929767e-07
1.185677720200402e-02	-5.916102e-07
1.186677720200402e-02	-5.902399e-07
1.187677720200402e-02	-5.888660e-07
1.188677720200402e-02	-5.874884e-07
1.189677720200402e-02	-5.861076e-07
1.190677720200402e-02	-5.847236e-07
1.191677720200402e-02	-5.833365e-07
1.192677720200402e-02	-5.819467e-07
1.193677720200402e-02	-5.805542e-07
1.194677720200402e-02	-6.099938e-07
1.195677720200402e-02	-7.278837e-07
1.196677720200402e-02	-8.670587e-07
1.197677720200402e-02	-9.458698e-07
1.198677720200402e-02	-1.001486e-06
1.199677720200402e-02	-1.045036e-06
1.200677720200402e-02	-1.076440e-06
1.201677720200402e-02	-1.101407e-06
1.202677720200402e-02	-1.119366e-06
1.203677720200402e-02	-1.132096e-06
1.204677720200402e-02	-1.140114e-06
1.205677720200402e-02	-1.145117e-06
1.206677720200402e-02	-1.146935e-06
1.207677720200402e-02	-1.146855e-06
1.208677720200402e-02	-1.144765e-06
1.209677720200402e-02	-1.141542e-06
1.210677720200402e-02	-1.137077e-06
1.211677720200402e-02	-1.131959e-06
1.212677720200402e-02	-1.126119e-06
1.213677720200402e-02	-1.119944e-06
1.214677720200402e-02	-1.113390e-06
1.215677720200402e-02	-1.106711e-06
1.216677720200402e-02	-1.099880e-06
1.217677720200402e-02	-1.346374e-06
1.218677720200402e-02	-1.804422e-06
1.219677720200402e-02	-2.027086e-06
1.220677720200402e-02	-2.078157e-06
1.221677720200402e-02	-2.111979e-06
1.222677720200402e-02	-2.122615e-06
1.223677720200402e-02	-2.133693e-06
1.224677720200402e-02	-2.136165e-06
1.225677720200402e-02	-2.139977e-06
1.226677720200402e-02	-2.140219e-06
1.227677720200402e-02	-2.141136e-06
1.228677720200402e-02	-2.140779e-06
1.229677720200402e-02	-2.140664e-06
1.230677720200402e-02	-2.140139e-06
1.231677720200402e-02	-2.139689e-06
1.232677720200402e-02	-2.139151e-06
1.233677720200402e-02	-2.138629e-06
1.234677720200402e-02	-2.138130e-06
1.235677720200402e-02	-2.137630e-06
1.236677720200402e-02	-2.137187e-06
1.237677720200402e-02	-2.136738e-06
1.238677720200402e-02	-2.136351e-06
1.239677720200402e-02	-2.135960e-06
1.240677720200402e-02	-2.135626e-06
1.241677720200402e-02	-2.135279e-06
1.242677720200402e-02	-2.134988e-06
1.243677720200402e-02	-2.134716e-06
1.244677720200402e-02	-2.134475e-06
1.245677720200402e-02	-2.134229e-06
1.246677720200402e-02	-2.134021e-06
1.247677720200402e-02	-2.133814e-06
1.248677720200402e-02	-2.133637e-06
1.249677720200402e-02	-2.133462e-06
1.250677720200402e-02	-2.133313e-06
1.251677720200402e-02	-2.133167e-06
1.252677720200402e-02	-2.133042e-06
1.253677720200402e-02	-2.132920e-06
1.254677720200402e-02	-2.132816e-06
1.255677720200402e-02	-2.132715e-06
1.256677720200402e-02	-2.132628e-06
1.257677720200402e-02	-2.132546e-06
1.258677720200402e-02	-2.132475e-06
1.259677720200402e-02	-2.132408e-06
1.260677720200402e-02	-2.132351e-06
1.261677720200402e-02	-2.132297e-06
1.262677720200402e-02	-2.132252e-06
1.263677720200402e-02	-2.132209e-06
1.264677720200402e-02	-2.132174e-06
1.265677720200402e-02	-2.132142e-06
1.266677720200402e-02	-2.132115e-06
1.267677720200402e-02	-2.132091e-06
1.268677720200402e-02	-2.132072e-06
1.269677720200402e-02	-2.132055e-06
1.270677720200402e-02	-2.132042e-06
1.271677720200402e-02	-2.132031e-06
1.272677720200402e-02	-2.132024e-06
1.273677720200402e-02	-2.132018e-06
1.274677720200402e-02	-2.132015e-06
1.275677720200402e-02	-2.132014e-06
1.276677720200402e-02	-2.132015e-06
1.277677720200402e-02	-2.132018e-06
1.278677720200402e-02	-2.132023e-06
1.279677720200402e-02	-2.132028e-06
1.280677720200402e-02	-2.132036e-06
1.281677720200402e-02	-2.132044e-06
1.282677720200402e-02	-2.132054e-06
1.283677720200402e-02	-2.132064e-06
1.284677720200402e-02	-2.132076e-06
1.285677720200402e-02	-2.132088e-06
1.286677720200402e-02	-2.132102e-06
1.287677720200402e-02	-2.132116e-06
1.288677720200402e-02	-2.132131e-06
1.289677720200402e-02	-2.132146e-06
1.290677720200402e-02	-2.132162e-06
1.291677720200402e-02	-2.132178e-06
1.292677720200402e-02	-2.132194e-06
1.293677720200402e-02	-2.132211e-06
1.294677720200402e-02	-2.132229e-06
1.295677720200402e-02	-2.132246e-06
1.296677720200402e-02	-2.132264e-06
1.297677720200402e-02	-2.132282e-06
1.298677720200402e-02	-2.132300e-06
1.299677720200402e-02	-2.132319e-06
1.300677720200402e-02	-2.132337e-06
1.301677720200402e-02	-2.132356e-06
1.302677720200402e-02	-2.132374e-06
1.303677720200402e-02	-2.132393e-06
1.304677720200402e-02	-2.132412e-06
1.305677720200402e-02	-2.132430e-06
1.306677720200402e-02	-2.132449e-06
1.307677720200402e-02	-2.132468e-06
1.308677720200402e-02	-2.132486e-06
1.309677720200402e-02	-2.132505e-06
1.310677720200402e-02	-2.132523e-06
1.311677720200402e-02	-2.132542e-06
1.312677720200402e-02	-2.132560e-06
1.313677720200402e-02	-2.132578e-06
1.314677720200402e-02	-2.132596e-06
1.315677720200402e-02	-2.132614e-06
1.316677720200402e-02	-2.132632e-06
1.317677720200402e-02	-2.132650e-06
1.318677720200402e-02	-2.132668e-06
1.319677720200402e-02	-2.132685e-06
1.320677720200402e-02	-2.132703e-06
1.321677720200402e-02	-2.132720e-06
1.322677720200402e-02	-2.132737e-06
1.323677720200402e-02	-2.132754e-06
1.324677720200402e-02	-2.132770e-06
1.325677720200402e-02	-2.132787e-06
1.326677720200402e-02	-2.132803e-06
1.327677720200402e-02	-2.132819e-06
1.328677720200402e-02	-2.132836e-06
1.329677720200402e-02	-2.132851e-06
1.330677720200402e-02	-2.132867e-06
1.331677720200402e-02	-2.132883e-06
1.332677720200402e-02	-2.132898e-06
1.333677720200402e-02	-2.132914e-06
1.334677720200402e-02	-2.132929e-06
1.335677720200402e-02	-2.132944e-06
1.336677720200402e-02	-2.132958e-06
1.337677720200402e-02	-2.132973e-06
1.338677720200402e-02	-2.132987e-06
1.339677720200402e-02	-2.133002e-06
1.340677720200402e-02	-2.133016e-06
1.341677720200402e-02	-2.133030e-06
1.342677720200402e-02	-2.133043e-06
1.343677720200402e-02	-2.133057e-06
1.344677720200402e-02	-2.133070e-06
1.345677720200402e-02	-2.133084e-06
1.346677720200402e-02	-2.133097e-06
1.347677720200402e-02	-2.133110e-06
1.348677720200402e-02	-2.133123e-06
1.349677720200402e-02	-2.133135e-06
1.350677720200402e-02	-2.133148e-06
1.351677720200402e-02	-2.133160e-06
1.352677720200402e-02	-2.133172e-06
1.353677720200402e-02	-2.133184e-06
1.354677720200402e-02	-2.133196e-06
1.355677720200401e-02	-2.133208e-06
1.356677720200402e-02	-2.133219e-06
1.357677720200402e-02	-2.133231e-06
1.358677720200402e-02	-2.133242e-06
1.359677720200402e-02	-2.133253e-06
1.360677720200402e-02	-2.133264e-06
1.361677720200402e-02	-2.133275e-06
1.362677720200402e-02	-2.133286e-06
1.363677720200402e-02	-2.133296e-06
1.364677720200402e-02	-2.133307e-06
1.365677720200402e-02	-2.133317e-06
1.366677720200402e-02	-2.133328e-06
1.367677720200402e-02	-2.133338e-06
1.368677720200402e-02	-2.133347e-06
1.369677720200402e-02	-2.133357e-06
1.370677720200402e-02	-2.133367e-06
1.371677720200402e-02	-2.133376e-06
1.372677720200401e-02	-2.133386e-06
1.373677720200402e-02	-2.133395e-06
1.374677720200402e-02	-2.133404e-06
1.375677720200402e-02	-2.133414e-06
1.376677720200402e-02	-2.133422e-06
1.377677720200402e-02	-2.133431e-06
1.378677720200402e-02	-2.133440e-06
1.379677720200402e-02	-2.133449e-06
1.380677720200402e-02	-2.133457e-06
1.381677720200402e-02	-2.133466e-06
1.382677720200402e-02	-2.133474e-06
1.383677720200402e-02	-2.133482e-06
1.384677720200402e-02	-2.133490e-06
1.385677720200402e-02	-2.133498e-06
1.386677720200402e-02	-2.133506e-06
1.387677720200402e-02	-2.133514e-06
1.388677720200402e-02	-2.133521e-06
1.389677720200401e-02	-2.133529e-06
1.390677720200402e-02	-2.133536e-06
1.391677720200402e-02	-2.133544e-06
1.392677720200402e-02	-2.133551e-06
1.393677720200402e-02	-2.133558e-06
1.394677720200402e-02	-2.133565e-06
1.395677720200402e-02	-2.133572e-06
1.396677720200402e-02	-2.133579e-06
1.397677720200402e-02	-2.133586e-06
1.398677720200402e-02	-2.133593e-06
1.399677720200402e-02	-2.133599e-06
1.400677720200402e-02	-2.133606e-06
1.401677720200402e-02	-2.133612e-06
1.402677720200402e-02	-2.133619e-06
1.403677720200402e-02	-2.133625e-06
1.404677720200402e-02	-2.133631e-06
1.405677720200402e-02	-2.133637e-06
1.406677720200402e-02	-2.133643e-06
1.407677720200402e-02	-2.133649e-06
1.408677720200402e-02	-2.133655e-06
1.409677720200402e-02	-2.133661e-06
1.410677720200402e-02	-2.133667e-06
1.411677720200402e-02	-2.133672e-06
1.412677720200402e-02	-2.133678e-06
1.413677720200402e-02	-2.133684e-06
1.414677720200402e-02	-2.133689e-06
1.415677720200402e-02	-2.133694e-06
1.416677720200402e-02	-2.133700e-06
1.417677720200402e-02	-2.133705e-06
1.418677720200402e-02	-2.133710e-06
1.419677720200401e-02	-2.133715e-06
1.420677720200402e-02	-2.133720e-06
1.421677720200402e-02	-2.133725e-06
1.422677720200402e-02	-2.133730e-06
1.423677720200402e-02	-2.133735e-06
1.424677720200402e-02	-2.133740e-06
1.425677720200402e-02	-2.133745e-06
1.426677720200402e-02	-2.133749e-06
1.427677720200402e-02	-2.133754e-06
1.428677720200402e-02	-2.133758e-06
1.429677720200402e-02	-2.133763e-06
1.430677720200402e-02	-2.133767e-06
1.431677720200402e-02	-2.133771e-06
1.432677720200402e-02	-2.133776e-06
1.433677720200402e-02	-2.133780e-06
1.434677720200402e-02	-2.133784e-06
1.435677720200402e-02	-2.133788e-06
1.436677720200401e-02	-2.133793e-06
1.437677720200402e-02	-2.133796e-06
1.438677720200402e-02	-2.133801e-06
1.439677720200402e-02	-2.133804e-06
1.440677720200402e-02	-2.133808e-06
1.441677720200402e-02	-2.133812e-06
1.442677720200402e-02	-2.133816e-06
1.443677720200402e-02	-2.133820e-06
1.444677720200402e-02	-2.133823e-06
1.445677720200402e-02	-2.133827e-06
1.446677720200402e-02	-2.133831e-06
1.447677720200402e-02	-2.133834e-06
1.448677720200402e-02	-2.133837e-06
1.449677720200402e-02	-2.133841e-06
1.450677720200402e-02	-2.133844e-06
1.451677720200402e-02	-2.133848e-06
1.452677720200402e-02	-2.133851e-06
1.453677720200401e-02	-2.133854e-06
1.454677720200402e-02	-2.133857e-06
1.455677720200402e-02	-2.133861e-06
1.456677720200402e-02	-2.133864e-06
1.457677720200402e-02	-2.133867e-06
1.458677720200402e-02	-2.133870e-06
1.459677720200402e-02	-2.133873e-06
1.460677720200402e-02	-2.133876e-06
1.461677720200402e-02	-2.133879e-06
1.462677720200402e-02	-2.133882e-06
1.463677720200402e-02	-2.133885e-06
1.464677720200402e-02	-2.133887e-06
1.465677720200402e-02	-2.133890e-06
1.466677720200402e-02	-2.133893e-06
1.467677720200402e-02	-2.133896e-06
1.468677720200402e-02	-2.133899e-06
1.469677720200402e-02	-2.133901e-06
1.470677720200401e-02	-2.133904e-06
1.471677720200402e-02	-2.133906e-06
1.472677720200402e-02	-2.133909e-06
1.473677720200402e-02	-2.133911e-06
1.474677720200402e-02	-2.133914e-06
1.475677720200402e-02	-2.133916e-06
1.476677720200402e-02	-2.133919e-06
1.477677720200402e-02	-2.133921e-06
1.478677720200402e-02	-2.133923e-06
1.479677720200402e-02	-2.133926e-06
1.480677720200402e-02	-2.133928e-06
1.481677720200402e-02	-2.133930e-06
1.482677720200402e-02	-2.133933e-06
1.483677720200401e-02	-2.133935e-06
1.484677720200402e-02	-2.133937e-06
1.485677720200402e-02	-2.133939e-06
1.486677720200402e-02	-2.133941e-06
1.487677720200401e-02	-2.133943e-06
1.488677720200402e-02	-2.133945e-06
1.489677720200402e-02	-2.133947e-06
1.490677720200402e-02	-2.133949e-06
1.491677720200402e-02	-2.133952e-06
1.492677720200402e-02	-2.133953e-06
1.493677720200402e-02	-2.133955e-06
1.494677720200402e-02	-2.133957e-06
1.495677720200402e-02	-2.133959e-06
1.496677720200402e-02	-2.133961e-06
1.497677720200402e-02	-2.133963e-06
1.498677720200402e-02	-2.133964e-06
1.499677720200402e-02	-2.133966e-06
1.500677720200401e-02	-2.133968e-06
1.501677720200402e-02	-2.133970e-06
1.502677720200402e-02	-2.133972e-06
1.503677720200402e-02	-2.133973e-06
1.504677720200401e-02	-2.133975e-06
1.505677720200402e-02	-2.133977e-06
1.506677720200402e-02	-2.133978e-06
1.507677720200402e-02	-2.133980e-06
1.508677720200402e-02	-2.133982e-06
1.509677720200402e-02	-2.133983e-06
1.510677720200402e-02	-2.133984e-06
1.511677720200402e-02	-2.133986e-06
1.512677720200402e-02	-2.133988e-06
1.513677720200402e-02	-2.133989e-06
1.514677720200402e-02	-2.133991e-06
1.515677720200402e-02	-2.133992e-06
1.516677720200402e-02	-2.133993e-06
1.517677720200401e-02	-2.133995e-06
1.518677720200402e-02	-2.133996e-06
1.519677720200402e-02	-2.133998e-06
1.520677720200402e-02	-2.133999e-06
1.521677720200401e-02	-2.134000e-06
1.522677720200402e-02	-2.134002e-06
1.523677720200402e-02	-2.134003e-06
1.524677720200402e-02	-2.134004e-06
1.525677720200402e-02	-2.134006e-06
1.526677720200402e-02	-2.134007e-06
1.527677720200402e-02	-2.134008e-06
1.528677720200402e-02	-2.134009e-06
1.529677720200402e-02	-2.134010e-06
1.530677720200402e-02	-2.134012e-06
1.531677720200402e-02	-2.134013e-06
1.532677720200402e-02	-2.134014e-06
1.533677720200402e-02	-2.134015e-06
1.534677720200401e-02	-2.134016e-06
1.535677720200402e-02	-2.134017e-06
1.536677720200402e-02	-2.134018e-06
1.537677720200402e-02	-2.134019e-06
1.538677720200401e-02	-2.134021e-06
1.539677720200402e-02	-2.134022e-06
1.540677720200402e-02	-2.134023e-06
1.541677720200402e-02	-2.134024e-06
1.542677720200402e-02	-2.134025e-06
1.543677720200402e-02	-2.134026e-06
1.544677720200402e-02	-2.134027e-06
1.545677720200402e-02	-2.134028e-06
1.546677720200402e-02	-2.134029e-06
1.547677720200401e-02	-2.134030e-06
1.548677720200402e-02	-2.134031e-06
1.549677720200402e-02	-2.134032e-06
1.550677720200402e-02	-2.134032e-06
1.551677720200401e-02	-2.134033e-06
1.552677720200402e-02	-2.134034e-06
1.553677720200402e-02	-2.134035e-06
1.554677720200402e-02	-2.134036e-06
1.555677720200402e-02	-2.134037e-06
1.556677720200402e-02	-2.134038e-06
1.557677720200402e-02	-2.134039e-06
1.558677720200402e-02	-2.134039e-06
1.559677720200402e-02	-2.134040e-06
1.560677720200402e-02	-2.134041e-06
1.561677720200402e-02	-2.134042e-06
1.562677720200402e-02	-2.134042e-06
1.563677720200402e-02	-2.134043e-06
1.564677720200401e-02	-2.134044e-06
1.565677720200401e-02	-2.134045e-06
1.566677720200401e-02	-2.134045e-06
1.567677720200402e-02	-2.134046e-06
1.568677720200402e-02	-2.134047e-06
1.569677720200402e-02	-2.134048e-06
1.570677720200402e-02	-2.134048e-06
1.571677720200402e-02	-2.134049e-06
1.572677720200402e-02	-2.134050e-06
1.573677720200401e-02	-2.134051e-06
1.574677720200401e-02	-2.134051e-06
1.575677720200402e-02	-2.134052e-06
1.576677720200402e-02	-2.134052e-06
1.577677720200402e-02	-2.134053e-06
1.578677720200402e-02	-2.134054e-06
1.579677720200402e-02	-2.134054e-06
1.580677720200402e-02	-2.134055e-06
1.581677720200401e-02	-2.134056e-06
1.582677720200401e-02	-2.134056e-06
1.583677720200401e-02	-2.134057e-06
1.584677720200402e-02	-2.134057e-06
1.585677720200402e-02	-2.134058e-06
1.586677720200402e-02	-2.134059e-06
1.587677720200402e-02	-2.134059e-06
1.588677720200402e-02	-2.134060e-06
1.589677720200402e-02	-2.134060e-06
1.590677720200401e-02	-2.134061e-06
1.591677720200401e-02	-2.134061e-06
1.592677720200402e-02	-2.134062e-06
1.593677720200402e-02	-2.134062e-06
1.594677720200402e-02	-2.134063e-06
1.595677720200402e-02	-2.134063e-06
1.596677720200402e-02	-2.134064e-06
1.597677720200402e-02	-2.134064e-06
1.598677720200401e-02	-2.134065e-06
1.599677720200401e-02	-2.134065e-06
1.600677720200401e-02	-2.134066e-06
1.601677720200402e-02	-2.134066e-06
1.602677720200402e-02	-2.134067e-06
1.603677720200402e-02	-2.134067e-06
1.604677720200402e-02	-2.134068e-06
1.605677720200402e-02	-2.134068e-06
1.606677720200402e-02	-2.134069e-06
1.607677720200401e-02	-2.134069e-06
1.608677720200401e-02	-2.134069e-06
1.609677720200402e-02	-2.134070e-06
1.610677720200402e-02	-2.134070e-06
1.611677720200402e-02	-2.134071e-06
1.612677720200402e-02	-2.134071e-06
1.613677720200402e-02	-2.134072e-06
1.614677720200402e-02	-2.134072e-06
1.615677720200401e-02	-2.134072e-06
1.616677720200401e-02	-2.134073e-06
1.617677720200401e-02	-2.134073e-06
1.618677720200402e-02	-2.134073e-06
1.619677720200402e-02	-2.134074e-06
1.620677720200402e-02	-2.134074e-06
1.621677720200402e-02	-2.134075e-06
1.622677720200402e-02	-2.134075e-06
1.623677720200402e-02	-2.134075e-06
1.624677720200401e-02	-2.134076e-06
1.625677720200401e-02	-2.134076e-06
1.626677720200402e-02	-2.134076e-06
1.627677720200402e-02	-2.134077e-06
1.628677720200402e-02	-2.134077e-06
1.629677720200402e-02	-2.134077e-06
1.630677720200402e-02	-2.134077e-06
1.631677720200402e-02	-2.134078e-06
1.632677720200401e-02	-2.134078e-06
1.633677720200401e-02	-2.134079e-06
1.634677720200401e-02	-2.134079e-06
1.635677720200402e-02	-2.134079e-06
1.636677720200402e-02	-2.134079e-06
1.637677720200402e-02	-2.134080e-06
1.638677720200402e-02	-2.134080e-06
1.639677720200402e-02	-2.134080e-06
1.640677720200402e-02	-2.134081e-06
1.641677720200401e-02	-2.134081e-06
1.642677720200401e-02	-2.134081e-06
1.643677720200401e-02	-2.134082e-06
1.644677720200402e-02	-2.134082e-06
1.645677720200402e-02	-2.134082e-06
1.646677720200402e-02	-2.134082e-06
1.647677720200402e-02	-2.134082e-06
1.648677720200402e-02	-2.134083e-06
1.649677720200401e-02	-2.134083e-06
1.650677720200401e-02	-2.134083e-06
1.651677720200401e-02	-2.134083e-06
1.652677720200402e-02	-2.134084e-06
1.653677720200402e-02	-2.134084e-06
1.654677720200402e-02	-2.134084e-06
1.655677720200402e-02	-2.134085e-06
1.656677720200402e-02	-2.134085e-06
1.657677720200402e-02	-2.134085e-06
1.658677720200401e-02	-2.134085e-06
1.659677720200401e-02	-2.134085e-06
1.660677720200401e-02	-2.134085e-06
1.661677720200402e-02	-2.134086e-06
1.662677720200402e-02	-2.134086e-06
1.663677720200402e-02	-2.134086e-06
1.664677720200402e-02	-2.134086e-06
1.665677720200402e-02	-2.134087e-06
1.666677720200401e-02	-2.134087e-06
1.667677720200401e-02	-2.134087e-06
1.668677720200401e-02	-2.134087e-06
1.669677720200402e-02	-2.134087e-06
1.670677720200402e-02	-2.134087e-06
1.671677720200402e-02	-2.134088e-06
1.672677720200402e-02	-2.134088e-06
1.673677720200402e-02	-2.134088e-06
1.674677720200402e-02	-2.134088e-06
1.675677720200401e-02	-2.134088e-06
1.676677720200401e-02	-2.134089e-06
1.677677720200401e-02	-2.134089e-06
1.678677720200402e-02	-2.134089e-06
1.679677720200402e-02	-2.134089e-06
1.680677720200402e-02	-2.134089e-06
1.681677720200402e-02	-2.134090e-06
1.682677720200402e-02	-2.134090e-06
1.683677720200401e-02	-2.134090e-06
1.684677720200401e-02	-2.134090e-06
1.685677720200401e-02	-2.134090e-06
1.686677720200402e-02	-2.134090e-06
1.687677720200402e-02	-2.134090e-06
1.688677720200402e-02	-2.134091e-06
1.689677720200402e-02	-2.134091e-06
1.690677720200402e-02	-2.134091e-06
1.691677720200402e-02	-2.134091e-06
1.692677720200401e-02	-2.134091e-06
1.693677720200401e-02	-2.134091e-06
1.694677720200401e-02	-2.134091e-06
1.695677720200402e-02	-2.134092e-06
1.696677720200402e-02	-2.134092e-06
1.697677720200402e-02	-2.134092e-06
1.698677720200402e-02	-2.134092e-06
1.699677720200402e-02	-2.134092e-06
1.700677720200401e-02	-2.134092e-06
1.701677720200401e-02	-2.134092e-06
1.702677720200401e-02	-2.134092e-06
1.703677720200402e-02	-2.134093e-06
1.704677720200402e-02	-2.134093e-06
1.705677720200402e-02	-2.134093e-06
1.706677720200402e-02	-2.134093e-06
1.707677720200402e-02	-2.134093e-06
1.708677720200402e-02	-2.134093e-06
1.709677720200401e-02	-2.134093e-06
1.710677720200401e-02	-2.134093e-06
1.711677720200401e-02	-2.134094e-06
1.712677720200402e-02	-2.134094e-06
1.713677720200402e-02	-2.134094e-06
1.714677720200402e-02	-2.134094e-06
1.715677720200402e-02	-2.134094e-06
1.716677720200402e-02	-2.134094e-06
1.717677720200401e-02	-2.134094e-06
1.718677720200401e-02	-2.134094e-06
1.719677720200401e-02	-2.134094e-06
1.720677720200402e-02	-2.134095e-06
1.721677720200402e-02	-2.134095e-06
1.722677720200402e-02	-2.134095e-06
1.723677720200402e-02	-2.134095e-06
1.724677720200402e-02	-2.134095e-06
1.725677720200402e-02	-2.134095e-06
1.726677720200401e-02	-2.134095e-06
1.727677720200401e-02	-2.134095e-06
1.728677720200401e-02	-2.134095e-06
1.729677720200402e-02	-2.134095e-06
1.730677720200402e-02	-2.134095e-06
1.731677720200402e-02	-2.134096e-06
1.732677720200402e-02	-2.134096e-06
1.733677720200402e-02	-2.134096e-06
1.734677720200401e-02	-2.134096e-06
1.735677720200401e-02	-2.134096e-06
1.736677720200401e-02	-2.134096e-06
1.737677720200402e-02	-2.134096e-06
1.738677720200402e-02	-2.134096e-06
1.739677720200402e-02	-2.134096e-06
1.740677720200402e-02	-2.134096e-06
1.741677720200402e-02	-2.134096e-06
1.742677720200402e-02	-2.134096e-06
1.743677720200401e-02	-2.134096e-06
1.744677720200401e-02	-2.134097e-06
1.745677720200401e-02	-2.134097e-06
1.746677720200402e-02	-2.134097e-06
1.747677720200402e-02	-2.134097e-06
1.748677720200402e-02	-2.134097e-06
1.749677720200402e-02	-2.134097e-06
1.750677720200402e-02	-2.134097e-06
1.751677720200401e-02	-2.134097e-06
1.752677720200401e-02	-2.134097e-06
1.753677720200401e-02	-2.134097e-06
1.754677720200402e-02	-2.134097e-06
1.755677720200402e-02	-2.134097e-06
1.756677720200402e-02	-2.134097e-06
1.757677720200402e-02	-2.134097e-06
1.758677720200402e-02	-2.134097e-06
1.759677720200402e-02	-2.134097e-06
1.760677720200401e-02	-2.134098e-06
1.761677720200401e-02	-2.134098e-06
1.762677720200401e-02	-2.134098e-06
1.763677720200402e-02	-2.134098e-06
1.764677720200402e-02	-2.134098e-06
1.765677720200402e-02	-2.134098e-06
1.766677720200402e-02	-2.134098e-06
1.767677720200402e-02	-2.134098e-06
1.768677720200401e-02	-2.134098e-06
1.769677720200401e-02	-2.134098e-06
1.770677720200401e-02	-2.134098e-06
1.771677720200401e-02	-2.134098e-06
1.772677720200402e-02	-2.134098e-06
1.773677720200402e-02	-2.134098e-06
1.774677720200402e-02	-2.134098e-06
1.775677720200402e-02	-2.134098e-06
1.776677720200402e-02	-2.134098e-06
1.777677720200401e-02	-2.134098e-06
1.778677720200401e-02	-2.134099e-06
1.779677720200401e-02	-2.134099e-06
1.780677720200402e-02	-2.134099e-06
1.781677720200402e-02	-2.134099e-06
1.782677720200402e-02	-2.134099e-06
1.783677720200402e-02	-2.134099e-06
1.784677720200402e-02	-2.134099e-06
1.785677720200401e-02	-2.134099e-06
1.786677720200401e-02	-2.134099e-06
1.787677720200401e-02	-2.134099e-06
1.788677720200401e-02	-2.134099e-06
1.789677720200402e-02	-2.134099e-06
1.790677720200402e-02	-2.134099e-06
1.791677720200402e-02	-2.134099e-06
1.792677720200402e-02	-2.134099e-06
1.793677720200402e-02	-2.134099e-06
1.794677720200401e-02	-2.134099e-06
1.795677720200401e-02	-2.134099e-06
1.796677720200401e-02	-2.134099e-06
1.797677720200402e-02	-2.134099e-06
1.798677720200402e-02	-2.134099e-06
1.799677720200402e-02	-2.134099e-06
1.800677720200402e-02	-2.134099e-06
1.801677720200402e-02	-2.134099e-06
1.802677720200401e-02	-2.134099e-06
1.803677720200401e-02	-2.134100e-06
1.804677720200401e-02	-2.134100e-06
1.805677720200401e-02	-2.134100e-06
1.806677720200402e-02	-2.134100e-06
1.807677720200402e-02	-2.134100e-06
1.808677720200402e-02	-2.134100e-06
1.809677720200402e-02	-2.134100e-06
1.810677720200402e-02	-2.134100e-06
1.811677720200401e-02	-2.134100e-06
1.812677720200401e-02	-2.134100e-06
1.813677720200401e-02	-2.134100e-06
1.814677720200402e-02	-2.134100e-06
1.815677720200402e-02	-2.134100e-06
1.816677720200402e-02	-2.134100e-06
1.817677720200402e-02	-2.134100e-06
1.818677720200402e-02	-2.134100e-06
1.819677720200401e-02	-2.134100e-06
1.820677720200401e-02	-2.134100e-06
1.821677720200401e-02	-2.134100e-06
1.822677720200401e-02	-2.134100e-06
1.823677720200402e-02	-2.134100e-06
1.824677720200402e-02	-2.134100e-06
1.825677720200402e-02	-2.134100e-06
1.826677720200402e-02	-2.134100e-06
1.827677720200402e-02	-2.134100e-06
1.828677720200401e-02	-2.134100e-06
1.829677720200401e-02	-2.134100e-06
1.830677720200401e-02	-2.134100e-06
1.831677720200402e-02	-2.134100e-06
1.832677720200402e-02	-2.134100e-06
1.833677720200402e-02	-2.134100e-06
1.834677720200402e-02	-2.134100e-06
1.835677720200402e-02	-2.134100e-06
1.836677720200402e-02	-2.134100e-06
1.837677720200401e-02	-2.134100e-06
1.838677720200401e-02	-2.134100e-06
1.839677720200401e-02	-2.134100e-06
1.840677720200402e-02	-2.134100e-06
1.841677720200402e-02	-2.134100e-06
1.842677720200402e-02	-2.134100e-06
1.843677720200402e-02	-2.134100e-06
1.844677720200402e-02	-2.134101e-06
1.845677720200401e-02	-2.134101e-06
1.846677720200401e-02	-2.134101e-06
1.847677720200401e-02	-2.134101e-06
1.848677720200402e-02	-2.134101e-06
1.849677720200402e-02	-2.134101e-06
1.850677720200402e-02	-2.134101e-06
1.851677720200402e-02	-2.134101e-06
1.852677720200402e-02	-2.134101e-06
1.853677720200402e-02	-2.134101e-06
1.854677720200401e-02	-2.134101e-06
1.855677720200401e-02	-2.134101e-06
1.856677720200401e-02	-2.134101e-06
1.857677720200402e-02	-2.134101e-06
1.858677720200402e-02	-2.134101e-06
1.859677720200402e-02	-2.134101e-06
1.860677720200402e-02	-2.134101e-06
1.861677720200402e-02	-2.134101e-06
1.862677720200401e-02	-2.134101e-06
1.863677720200401e-02	-2.134101e-06
1.864677720200401e-02	-2.134101e-06
1.865677720200402e-02	-2.134101e-06
1.866677720200402e-02	-2.134101e-06
1.867677720200402e-02	-2.134101e-06
1.868677720200402e-02	-2.134101e-06
1.869677720200402e-02	-2.134101e-06
1.870677720200402e-02	-2.134101e-06
1.871677720200401e-02	-2.134101e-06
1.872677720200401e-02	-2.134101e-06
1.873677720200401e-02	-2.134101e-06
1.874677720200402e-02	-2.134101e-06
1.875677720200402e-02	-2.134101e-06
1.876677720200402e-02	-2.134101e-06
1.877677720200402e-02	-2.134101e-06
1.878677720200402e-02	-2.134101e-06
1.879677720200401e-02	-2.134101e-06
1.880677720200401e-02	-2.134101e-06
1.881677720200401e-02	-2.134101e-06
1.882677720200402e-02	-2.134101e-06
1.883677720200402e-02	-2.134101e-06
1.884677720200402e-02	-2.134101e-06
1.885677720200402e-02	-2.134101e-06
1.886677720200402e-02	-2.134101e-06
1.887677720200402e-02	-2.134101e-06
1.888677720200401e-02	-2.134101e-06
1.889677720200401e-02	-2.134101e-06
1.890677720200401e-02	-2.134101e-06
1.891677720200402e-02	-2.134101e-06
1.892677720200402e-02	-2.134101e-06
1.893677720200402e-02	-2.134101e-06
1.894677720200402e-02	-2.134101e-06
1.895677720200402e-02	-2.134101e-06
1.896677720200401e-02	-2.134101e-06
1.897677720200401e-02	-2.134101e-06
1.898677720200401e-02	-2.134101e-06
1.899677720200401e-02	-2.134101e-06
1.900677720200402e-02	-2.134101e-06
1.901677720200402e-02	-2.134101e-06
1.902677720200402e-02	-2.134101e-06
1.903677720200402e-02	-2.134101e-06
1.904677720200402e-02	-2.134101e-06
1.905677720200401e-02	-2.134101e-06
1.906677720200401e-02	-2.134101e-06
1.907677720200401e-02	-2.134101e-06
1.908677720200402e-02	-2.134101e-06
1.909677720200402e-02	-2.134102e-06
1.910677720200402e-02	-2.134102e-06
1.911677720200402e-02	-2.134101e-06
1.912677720200402e-02	-2.134101e-06
1.913677720200401e-02	-2.134102e-06
1.914677720200401e-02	-2.134102e-06
1.915677720200401e-02	-2.134101e-06
1.916677720200401e-02	-2.134101e-06
1.917677720200402e-02	-2.134102e-06
1.918677720200402e-02	-2.134102e-06
1.919677720200402e-02	-2.134102e-06
1.920677720200402e-02	-2.134102e-06
1.921677720200402e-02	-2.134102e-06
1.922677720200401e-02	-2.134102e-06
1.923677720200401e-02	-2.134102e-06
1.924677720200401e-02	-2.134102e-06
1.925677720200402e-02	-2.134102e-06
1.926677720200402e-02	-2.134102e-06
1.927677720200402e-02	-2.134102e-06
1.928677720200402e-02	-2.134102e-06
1.929677720200402e-02	-2.134102e-06
1.930677720200401e-02	-2.134102e-06
1.931677720200401e-02	-2.134102e-06
1.932677720200401e-02	-2.134102e-06
1.933677720200401e-02	-2.134102e-06
1.934677720200402e-02	-2.134102e-06
1.935677720200402e-02	-2.134102e-06
1.936677720200402e-02	-2.134102e-06
1.937677720200402e-02	-2.134102e-06
1.938677720200402e-02	-2.134102e-06
1.939677720200401e-02	-2.134102e-06
1.940677720200401e-02	-2.134102e-06
1.941677720200401e-02	-2.134102e-06
1.942677720200402e-02	-2.134102e-06
1.943677720200402e-02	-2.134102e-06
1.944677720200402e-02	-2.134102e-06
1.945677720200402e-02	-2.134102e-06
1.946677720200402e-02	-2.134102e-06
1.947677720200401e-02	-2.134102e-06
1.948677720200401e-02	-2.134102e-06
1.949677720200401e-02	-2.134102e-06
1.950677720200401e-02	-2.134102e-06
1.951677720200402e-02	-2.134102e-06
1.952677720200402e-02	-2.134102e-06
1.953677720200402e-02	-2.134102e-06
1.954677720200402e-02	-2.134102e-06
1.955677720200402e-02	-2.134102e-06
1.956677720200401e-02	-2.134102e-06
1.957677720200401e-02	-2.134102e-06
1.958677720200401e-02	-2.134102e-06
1.959677720200402e-02	-2.134102e-06
1.960677720200402e-02	-2.134102e-06
1.961677720200402e-02	-2.134102e-06
1.962677720200402e-02	-2.134102e-06
1.963677720200402e-02	-2.134102e-06
1.964677720200401e-02	-2.134102e-06
1.965677720200401e-02	-2.134102e-06
1.966677720200401e-02	-2.134102e-06
1.967677720200401e-02	-2.134102e-06
1.968677720200402e-02	-2.134102e-06
1.969677720200402e-02	-2.134102e-06
1.970677720200402e-02	-2.134102e-06
1.971677720200402e-02	-2.134102e-06
1.972677720200402e-02	-2.134102e-06
1.973677720200401e-02	-2.134102e-06
1.974677720200401e-02	-2.134102e-06
1.975677720200401e-02	-2.134102e-06
1.976677720200402e-02	-2.134102e-06
1.977677720200402e-02	-2.134102e-06
1.978677720200402e-02	-2.134102e-06
1.979677720200402e-02	-2.134102e-06
1.980677720200402e-02	-2.134102e-06
1.981677720200401e-02	-2.134102e-06
1.982677720200401e-02	-2.134102e-06
1.983677720200401e-02	-2.134102e-06
1.984677720200401e-02	-2.134102e-06
1.985677720200402e-02	-2.134102e-06
1.986677720200402e-02	-2.134102e-06
1.987677720200402e-02	-2.134102e-06
1.988677720200402e-02	-2.134102e-06
1.989677720200402e-02	-2.134102e-06
1.990677720200401e-02	-2.134102e-06
1.991677720200401e-02	-2.134102e-06
1.992677720200401e-02	-2.134102e-06
1.993677720200402e-02	-2.134102e-06
1.994677720200402e-02	-2.134102e-06
1.995677720200402e-02	-2.134102e-06
1.996677720200402e-02	-2.134102e-06
1.997677720200402e-02	-2.134102e-06
1.998677720200401e-02	-2.134102e-06
1.999677720200401e-02	-2.134102e-06
2.000000000000000e-02	-2.134102e-06
