time	I(Vcell15)
0.000000000000000e+00	-4.617976e-07
9.999999439624929e-11	-4.607169e-07
1.999999887924986e-10	-4.596603e-07
3.999999775849972e-10	-4.575015e-07
7.999999551699943e-10	-4.529477e-07
1.599999910339989e-09	-4.432643e-07
3.199999820679977e-09	-4.230854e-07
6.399999641359955e-09	-3.826231e-07
1.279999928271991e-08	-3.038791e-07
2.559999856543982e-08	-1.541032e-07
5.119999713087964e-08	1.813286e-07
9.252070775647470e-08	5.789227e-06
1.510105614849590e-07	-4.478641e-07
2.057097563394625e-07	-2.203100e-06
2.711918199481543e-07	-4.269929e-06
3.308260921975742e-07	-5.490601e-06
4.437653210593508e-07	-6.268408e-06
4.641529771383221e-07	-6.256947e-06
5.049282892962648e-07	-6.238544e-06
5.864789136121502e-07	-6.199632e-06
7.495801622439208e-07	-6.129910e-06
1.075782659507462e-06	-6.040234e-06
1.633817302632812e-06	-5.951141e-06
2.330362374581690e-06	-5.875201e-06
3.315593155943878e-06	-5.774911e-06
4.937628055957390e-06	-5.619433e-06
8.181697855984414e-06	-5.331229e-06
1.466983745603846e-05	-9.247663e-06
2.466983745603846e-05	-2.650334e-05
3.466983745603846e-05	-3.755749e-05
4.466983745603846e-05	-4.245832e-05
5.466983745603846e-05	-4.266899e-05
6.466983745603846e-05	-3.971318e-05
7.466983745603846e-05	-3.630009e-05
8.466983745603846e-05	-3.336517e-05
9.466983745603846e-05	-3.062160e-05
1.000000009999994e-04	-2.929159e-05
1.000000019999994e-04	-2.929395e-05
1.000000179999994e-04	-2.929277e-05
1.000000499999994e-04	-2.929385e-05
1.000001139999994e-04	-2.929313e-05
1.000002419999994e-04	-2.929477e-05
1.000004979999994e-04	-2.929484e-05
1.000010099999994e-04	-2.929580e-05
1.000020339999994e-04	-2.929264e-05
1.000040819999994e-04	-2.929106e-05
1.000081779999994e-04	-2.928955e-05
1.000163699999994e-04	-2.928937e-05
1.000327539999994e-04	-2.928613e-05
1.000655219999995e-04	-2.928141e-05
1.001310579999995e-04	-2.926631e-05
1.002621299999997e-04	-2.923581e-05
1.005242740000000e-04	-2.917127e-05
1.010485620000006e-04	-2.904578e-05
1.020971380000018e-04	-2.879377e-05
1.041942900000042e-04	-2.829961e-05
1.083885940000089e-04	-2.733252e-05
1.167772020000184e-04	-2.548820e-05
1.267772020000184e-04	-2.344534e-05
1.367772020000184e-04	-2.158097e-05
1.467772020000184e-04	-1.987445e-05
1.567772020000184e-04	-1.831314e-05
1.667772020000184e-04	-1.685652e-05
1.767772020000184e-04	-1.552487e-05
1.867772020000184e-04	-1.428911e-05
1.967772020000184e-04	-1.315695e-05
2.067772020000184e-04	-1.211117e-05
2.167772020000184e-04	-1.115832e-05
2.267772020000184e-04	-1.827731e-05
2.367772020000184e-04	-3.841165e-05
2.467772020000184e-04	-3.677013e-05
2.567772020000184e-04	-4.986074e-05
2.667772020000184e-04	-4.140216e-05
2.767772020000184e-04	-5.480092e-05
2.867772020000184e-04	-4.649645e-05
2.967772020000184e-04	-5.933359e-05
3.067772020000184e-04	-5.151894e-05
3.167772020000184e-04	-6.274672e-05
3.267772020000184e-04	-5.531337e-05
3.367772020000184e-04	-6.594671e-05
3.467772020000184e-04	-1.808608e-03
3.526689974438482e-04	-1.047334e-02
3.584169121317970e-04	-2.185603e-02
3.654051165794683e-04	-3.698980e-02
3.722249489212302e-04	-4.982117e-02
3.782766817416345e-04	-5.543782e-02
3.843428632561266e-04	-6.030964e-02
3.901874126668784e-04	-6.482331e-02
4.001874126668784e-04	-7.229897e-02
4.101874126668784e-04	-7.954774e-02
4.201874126668784e-04	-8.662978e-02
4.301874126668784e-04	-9.360489e-02
4.401874126668784e-04	-1.004855e-01
4.501874126668784e-04	-1.073058e-01
4.601874126668784e-04	-1.140651e-01
4.701874126668784e-04	-1.207864e-01
4.801874126668784e-04	-1.274640e-01
4.901874126668784e-04	-1.341150e-01
5.001874126668783e-04	-1.407323e-01
5.101874126668784e-04	-1.473292e-01
5.201874126668784e-04	-1.538986e-01
5.301874126668784e-04	-1.595160e-01
5.401874126668783e-04	-1.605425e-01
5.501874126668784e-04	-1.610880e-01
5.601874126668784e-04	-1.613178e-01
5.701874126668784e-04	-1.616074e-01
5.801874126668783e-04	-1.617075e-01
5.901874126668784e-04	-1.619192e-01
6.001874126668784e-04	-1.619666e-01
6.101874126668784e-04	-1.621404e-01
6.201874126668783e-04	-1.621590e-01
6.301874126668784e-04	-1.623101e-01
6.401874126668784e-04	-1.623113e-01
6.501874126668784e-04	-1.624577e-01
6.601874126668783e-04	-1.624613e-01
6.701874126668784e-04	-1.626048e-01
6.801874126668784e-04	-1.626013e-01
6.901874126668784e-04	-1.627357e-01
7.001874126668783e-04	-1.627225e-01
7.101874126668784e-04	-1.628473e-01
7.201874126668784e-04	-1.628249e-01
7.301874126668784e-04	-1.629411e-01
7.401874126668783e-04	-1.629109e-01
7.501874126668783e-04	-1.630199e-01
7.601874126668784e-04	-1.629831e-01
7.701874126668784e-04	-1.630860e-01
7.801874126668783e-04	-1.630438e-01
7.901874126668783e-04	-1.631418e-01
8.001874126668784e-04	-1.630953e-01
8.101874126668784e-04	-1.631892e-01
8.201874126668783e-04	-1.631390e-01
8.301874126668783e-04	-1.632295e-01
8.401874126668784e-04	-1.631763e-01
8.501874126668784e-04	-1.632641e-01
8.601874126668783e-04	-1.632084e-01
8.701874126668783e-04	-1.632938e-01
8.801874126668784e-04	-1.632360e-01
8.901874126668784e-04	-1.633194e-01
9.001874126668783e-04	-1.632599e-01
9.101874126668783e-04	-1.633417e-01
9.201874126668784e-04	-1.632807e-01
9.301874126668784e-04	-1.633610e-01
9.401874126668783e-04	-1.632988e-01
9.501874126668783e-04	-1.633779e-01
9.601874126668784e-04	-1.633146e-01
9.701874126668784e-04	-1.633926e-01
9.801874126668783e-04	-1.633285e-01
9.901874126668783e-04	-1.634055e-01
1.000000000000000e-03	-1.633405e-01
1.000000001000000e-03	-1.633455e-01
1.000000017000000e-03	-1.633440e-01
1.000000049000000e-03	-1.633495e-01
1.000000113000000e-03	-1.633489e-01
1.000000241000000e-03	-1.633556e-01
1.000000497000000e-03	-1.633569e-01
1.000001009000000e-03	-1.633668e-01
1.000002033000000e-03	-1.633702e-01
1.000004081000000e-03	-1.633774e-01
1.000008177000000e-03	-1.633742e-01
1.000016369000001e-03	-1.633775e-01
1.000032753000001e-03	-1.633742e-01
1.000065521000002e-03	-1.633776e-01
1.000131057000004e-03	-1.633743e-01
1.000262129000007e-03	-1.633777e-01
1.000524273000015e-03	-1.633745e-01
1.001048561000029e-03	-1.633782e-01
1.002097137000058e-03	-1.633754e-01
1.004194289000116e-03	-1.633799e-01
1.008388593000232e-03	-1.633788e-01
1.016777201000463e-03	-1.633866e-01
1.026777201000463e-03	-1.633882e-01
1.036777201000463e-03	-1.633962e-01
1.046777201000463e-03	-1.633972e-01
1.056777201000463e-03	-1.634047e-01
1.066777201000463e-03	-1.634052e-01
1.076777201000463e-03	-1.634122e-01
1.086777201000463e-03	-1.634122e-01
1.096777201000463e-03	-1.634188e-01
1.106777201000463e-03	-1.634184e-01
1.116777201000463e-03	-1.634246e-01
1.126777201000463e-03	-1.634239e-01
1.136777201000463e-03	-1.634298e-01
1.146777201000463e-03	-1.634288e-01
1.156777201000463e-03	-1.634344e-01
1.166777201000463e-03	-1.634331e-01
1.176777201000463e-03	-1.634385e-01
1.186777201000463e-03	-1.634370e-01
1.196777201000463e-03	-1.634421e-01
1.206777201000463e-03	-1.634404e-01
1.216777201000463e-03	-1.634454e-01
1.226777201000463e-03	-1.634435e-01
1.236777201000463e-03	-1.634482e-01
1.246777201000463e-03	-1.634462e-01
1.256777201000463e-03	-1.634508e-01
1.266777201000463e-03	-1.634486e-01
1.276777201000463e-03	-1.634531e-01
1.286777201000463e-03	-1.634507e-01
1.296777201000463e-03	-1.634551e-01
1.306777201000463e-03	-1.634527e-01
1.316777201000463e-03	-1.634569e-01
1.326777201000463e-03	-1.634544e-01
1.336777201000463e-03	-1.634585e-01
1.346777201000463e-03	-1.634559e-01
1.356777201000463e-03	-1.634600e-01
1.366777201000463e-03	-1.634573e-01
1.376777201000463e-03	-1.634613e-01
1.386777201000463e-03	-1.634585e-01
1.396777201000463e-03	-1.634624e-01
1.406777201000463e-03	-1.634596e-01
1.416777201000463e-03	-1.634634e-01
1.426777201000463e-03	-1.634605e-01
1.436777201000463e-03	-1.634643e-01
1.446777201000463e-03	-1.634614e-01
1.456777201000463e-03	-1.634651e-01
1.466777201000463e-03	-1.634621e-01
1.476777201000463e-03	-1.634659e-01
1.486777201000463e-03	-1.634628e-01
1.496777201000463e-03	-1.634665e-01
1.506777201000463e-03	-1.634635e-01
1.516777201000463e-03	-1.634671e-01
1.526777201000463e-03	-1.634640e-01
1.536777201000463e-03	-1.634676e-01
1.546777201000463e-03	-1.634645e-01
1.556777201000463e-03	-1.634681e-01
1.566777201000463e-03	-1.634649e-01
1.576777201000463e-03	-1.634685e-01
1.586777201000463e-03	-1.634653e-01
1.596777201000463e-03	-1.634689e-01
1.606777201000463e-03	-1.634657e-01
1.616777201000463e-03	-1.634692e-01
1.626777201000463e-03	-1.634660e-01
1.636777201000463e-03	-1.634695e-01
1.646777201000463e-03	-1.634663e-01
1.656777201000463e-03	-1.634698e-01
1.666777201000463e-03	-1.634665e-01
1.676777201000463e-03	-1.634700e-01
1.686777201000463e-03	-1.634668e-01
1.696777201000463e-03	-1.634702e-01
1.706777201000463e-03	-1.634669e-01
1.716777201000463e-03	-1.634704e-01
1.726777201000463e-03	-1.634671e-01
1.736777201000463e-03	-1.634706e-01
1.746777201000463e-03	-1.634673e-01
1.756777201000463e-03	-1.634707e-01
1.766777201000463e-03	-1.634674e-01
1.776777201000463e-03	-1.634709e-01
1.786777201000463e-03	-1.634676e-01
1.796777201000463e-03	-1.634710e-01
1.806777201000463e-03	-1.634677e-01
1.816777201000463e-03	-1.634711e-01
1.826777201000463e-03	-1.634678e-01
1.836777201000463e-03	-1.634712e-01
1.846777201000463e-03	-1.634679e-01
1.856777201000463e-03	-1.634713e-01
1.866777201000463e-03	-1.634680e-01
1.876777201000463e-03	-1.634714e-01
1.886777201000463e-03	-1.634680e-01
1.896777201000463e-03	-1.634714e-01
1.906777201000463e-03	-1.634681e-01
1.916777201000463e-03	-1.634715e-01
1.926777201000463e-03	-1.634682e-01
1.936777201000463e-03	-1.634715e-01
1.946777201000463e-03	-1.634682e-01
1.956777201000463e-03	-1.634716e-01
1.966777201000463e-03	-1.634683e-01
1.976777201000463e-03	-1.634717e-01
1.986777201000463e-03	-1.634683e-01
1.996777201000463e-03	-1.634717e-01
2.006777201000463e-03	-1.634683e-01
2.016777201000463e-03	-1.634717e-01
2.026777201000463e-03	-1.634684e-01
2.036777201000463e-03	-1.634718e-01
2.046777201000463e-03	-1.634684e-01
2.056777201000463e-03	-1.634718e-01
2.066777201000463e-03	-1.634684e-01
2.076777201000463e-03	-1.634718e-01
2.086777201000463e-03	-1.634685e-01
2.096777201000463e-03	-1.634718e-01
2.106777201000463e-03	-1.634685e-01
2.116777201000463e-03	-1.634718e-01
2.126777201000463e-03	-1.634685e-01
2.136777201000463e-03	-1.634719e-01
2.146777201000463e-03	-1.634685e-01
2.156777201000463e-03	-1.634719e-01
2.166777201000463e-03	-1.634685e-01
2.176777201000463e-03	-1.634719e-01
2.186777201000463e-03	-1.634685e-01
2.196777201000463e-03	-1.634719e-01
2.206777201000463e-03	-1.634686e-01
2.216777201000463e-03	-1.634719e-01
2.226777201000463e-03	-1.634686e-01
2.236777201000463e-03	-1.634719e-01
2.246777201000463e-03	-1.634686e-01
2.256777201000463e-03	-1.634720e-01
2.266777201000463e-03	-1.634686e-01
2.276777201000463e-03	-1.634720e-01
2.286777201000463e-03	-1.634686e-01
2.296777201000463e-03	-1.634720e-01
2.306777201000463e-03	-1.634686e-01
2.316777201000463e-03	-1.634720e-01
2.326777201000463e-03	-1.634686e-01
2.336777201000463e-03	-1.634720e-01
2.346777201000463e-03	-1.634686e-01
2.356777201000463e-03	-1.634720e-01
2.366777201000463e-03	-1.634686e-01
2.376777201000463e-03	-1.634720e-01
2.386777201000463e-03	-1.634686e-01
2.396777201000463e-03	-1.634720e-01
2.406777201000463e-03	-1.634686e-01
2.416777201000463e-03	-1.634720e-01
2.426777201000463e-03	-1.634686e-01
2.436777201000463e-03	-1.634720e-01
2.446777201000463e-03	-1.634686e-01
2.456777201000463e-03	-1.634720e-01
2.466777201000463e-03	-1.634686e-01
2.476777201000463e-03	-1.634720e-01
2.486777201000463e-03	-1.634686e-01
2.496777201000463e-03	-1.634720e-01
2.506777201000463e-03	-1.634686e-01
2.516777201000463e-03	-1.634720e-01
2.526777201000463e-03	-1.634686e-01
2.536777201000463e-03	-1.634720e-01
2.546777201000463e-03	-1.634686e-01
2.556777201000463e-03	-1.634720e-01
2.566777201000463e-03	-1.634686e-01
2.576777201000463e-03	-1.634720e-01
2.586777201000463e-03	-1.634686e-01
2.596777201000463e-03	-1.634720e-01
2.606777201000463e-03	-1.634686e-01
2.616777201000463e-03	-1.634720e-01
2.626777201000463e-03	-1.634686e-01
2.636777201000463e-03	-1.634720e-01
2.646777201000463e-03	-1.634686e-01
2.656777201000463e-03	-1.634720e-01
2.666777201000463e-03	-1.634687e-01
2.676777201000463e-03	-1.634720e-01
2.686777201000463e-03	-1.634687e-01
2.696777201000463e-03	-1.634720e-01
2.706777201000463e-03	-1.634687e-01
2.716777201000463e-03	-1.634720e-01
2.726777201000463e-03	-1.634687e-01
2.736777201000463e-03	-1.634720e-01
2.746777201000463e-03	-1.634687e-01
2.756777201000463e-03	-1.634720e-01
2.766777201000463e-03	-1.634687e-01
2.776777201000463e-03	-1.634720e-01
2.786777201000463e-03	-1.634687e-01
2.796777201000463e-03	-1.634720e-01
2.806777201000463e-03	-1.634687e-01
2.816777201000463e-03	-1.634720e-01
2.826777201000463e-03	-1.634687e-01
2.836777201000463e-03	-1.634720e-01
2.846777201000463e-03	-1.634687e-01
2.856777201000463e-03	-1.634720e-01
2.866777201000463e-03	-1.634687e-01
2.876777201000463e-03	-1.634720e-01
2.886777201000463e-03	-1.634687e-01
2.896777201000463e-03	-1.634720e-01
2.906777201000463e-03	-1.634687e-01
2.916777201000463e-03	-1.634720e-01
2.926777201000463e-03	-1.634687e-01
2.936777201000463e-03	-1.634720e-01
2.946777201000463e-03	-1.634687e-01
2.956777201000463e-03	-1.634720e-01
2.966777201000463e-03	-1.634687e-01
2.976777201000463e-03	-1.634720e-01
2.986777201000463e-03	-1.634687e-01
2.996777201000463e-03	-1.634720e-01
3.006777201000463e-03	-1.634687e-01
3.016777201000463e-03	-1.634720e-01
3.026777201000463e-03	-1.634687e-01
3.036777201000463e-03	-1.634720e-01
3.046777201000463e-03	-1.634687e-01
3.056777201000463e-03	-1.634720e-01
3.066777201000463e-03	-1.634687e-01
3.076777201000463e-03	-1.634720e-01
3.086777201000463e-03	-1.634687e-01
3.096777201000463e-03	-1.634720e-01
3.106777201000463e-03	-1.634687e-01
3.116777201000463e-03	-1.634720e-01
3.126777201000463e-03	-1.634687e-01
3.136777201000463e-03	-1.634720e-01
3.146777201000463e-03	-1.634687e-01
3.156777201000463e-03	-1.634720e-01
3.166777201000463e-03	-1.634687e-01
3.176777201000463e-03	-1.634720e-01
3.186777201000463e-03	-1.634687e-01
3.196777201000463e-03	-1.634720e-01
3.206777201000463e-03	-1.634687e-01
3.216777201000463e-03	-1.634720e-01
3.226777201000463e-03	-1.634687e-01
3.236777201000463e-03	-1.634720e-01
3.246777201000463e-03	-1.634687e-01
3.256777201000463e-03	-1.634720e-01
3.266777201000463e-03	-1.634687e-01
3.276777201000463e-03	-1.634720e-01
3.286777201000463e-03	-1.634687e-01
3.296777201000463e-03	-1.634720e-01
3.306777201000463e-03	-1.634687e-01
3.316777201000463e-03	-1.634720e-01
3.326777201000463e-03	-1.634687e-01
3.336777201000463e-03	-1.634720e-01
3.346777201000463e-03	-1.634687e-01
3.356777201000463e-03	-1.634720e-01
3.366777201000463e-03	-1.634687e-01
3.376777201000463e-03	-1.634720e-01
3.386777201000463e-03	-1.634687e-01
3.396777201000463e-03	-1.634720e-01
3.406777201000463e-03	-1.634687e-01
3.416777201000463e-03	-1.634720e-01
3.426777201000463e-03	-1.634687e-01
3.436777201000463e-03	-1.634720e-01
3.446777201000463e-03	-1.634687e-01
3.456777201000463e-03	-1.634720e-01
3.466777201000463e-03	-1.634687e-01
3.476777201000463e-03	-1.634720e-01
3.486777201000463e-03	-1.634687e-01
3.496777201000463e-03	-1.634720e-01
3.506777201000463e-03	-1.634687e-01
3.516777201000463e-03	-1.634720e-01
3.526777201000463e-03	-1.634687e-01
3.536777201000463e-03	-1.634720e-01
3.546777201000463e-03	-1.634687e-01
3.556777201000463e-03	-1.634720e-01
3.566777201000463e-03	-1.634687e-01
3.576777201000463e-03	-1.634720e-01
3.586777201000463e-03	-1.634687e-01
3.596777201000463e-03	-1.634720e-01
3.606777201000463e-03	-1.634687e-01
3.616777201000463e-03	-1.634720e-01
3.626777201000463e-03	-1.634687e-01
3.636777201000463e-03	-1.634720e-01
3.646777201000463e-03	-1.634687e-01
3.656777201000463e-03	-1.634720e-01
3.666777201000463e-03	-1.634687e-01
3.676777201000463e-03	-1.634720e-01
3.686777201000463e-03	-1.634687e-01
3.696777201000463e-03	-1.634720e-01
3.706777201000463e-03	-1.634687e-01
3.716777201000463e-03	-1.634720e-01
3.726777201000463e-03	-1.634687e-01
3.736777201000463e-03	-1.634720e-01
3.746777201000463e-03	-1.634687e-01
3.756777201000463e-03	-1.634720e-01
3.766777201000463e-03	-1.634687e-01
3.776777201000463e-03	-1.634720e-01
3.786777201000463e-03	-1.634687e-01
3.796777201000463e-03	-1.634720e-01
3.806777201000463e-03	-1.634687e-01
3.816777201000463e-03	-1.634720e-01
3.826777201000463e-03	-1.634687e-01
3.836777201000463e-03	-1.634720e-01
3.846777201000463e-03	-1.634687e-01
3.856777201000463e-03	-1.634720e-01
3.866777201000463e-03	-1.634687e-01
3.876777201000463e-03	-1.634720e-01
3.886777201000463e-03	-1.634687e-01
3.896777201000463e-03	-1.634720e-01
3.906777201000463e-03	-1.634687e-01
3.916777201000463e-03	-1.634720e-01
3.926777201000463e-03	-1.634687e-01
3.936777201000463e-03	-1.634720e-01
3.946777201000463e-03	-1.634687e-01
3.956777201000463e-03	-1.634720e-01
3.966777201000463e-03	-1.634687e-01
3.976777201000463e-03	-1.634720e-01
3.986777201000463e-03	-1.634687e-01
3.996777201000463e-03	-1.634720e-01
4.006777201000463e-03	-1.634687e-01
4.016777201000463e-03	-1.634720e-01
4.026777201000463e-03	-1.634687e-01
4.036777201000463e-03	-1.634720e-01
4.046777201000462e-03	-1.634687e-01
4.056777201000463e-03	-1.634720e-01
4.066777201000463e-03	-1.634687e-01
4.076777201000463e-03	-1.634720e-01
4.086777201000463e-03	-1.634687e-01
4.096777201000463e-03	-1.634720e-01
4.106777201000463e-03	-1.634687e-01
4.116777201000463e-03	-1.634720e-01
4.126777201000463e-03	-1.634687e-01
4.136777201000463e-03	-1.634720e-01
4.146777201000463e-03	-1.634687e-01
4.156777201000463e-03	-1.634720e-01
4.166777201000463e-03	-1.634687e-01
4.176777201000463e-03	-1.634720e-01
4.186777201000463e-03	-1.634687e-01
4.196777201000462e-03	-1.634720e-01
4.206777201000463e-03	-1.634687e-01
4.216777201000462e-03	-1.634720e-01
4.226777201000463e-03	-1.634687e-01
4.236777201000463e-03	-1.634720e-01
4.246777201000463e-03	-1.634687e-01
4.256777201000463e-03	-1.634720e-01
4.266777201000463e-03	-1.634687e-01
4.276777201000463e-03	-1.634720e-01
4.286777201000463e-03	-1.634687e-01
4.296777201000463e-03	-1.634720e-01
4.306777201000463e-03	-1.634687e-01
4.316777201000463e-03	-1.634720e-01
4.326777201000463e-03	-1.634687e-01
4.336777201000463e-03	-1.634720e-01
4.346777201000463e-03	-1.634687e-01
4.356777201000463e-03	-1.634720e-01
4.366777201000462e-03	-1.634687e-01
4.376777201000463e-03	-1.634720e-01
4.386777201000462e-03	-1.634687e-01
4.396777201000463e-03	-1.634720e-01
4.406777201000463e-03	-1.634687e-01
4.416777201000463e-03	-1.634720e-01
4.426777201000463e-03	-1.634687e-01
4.436777201000463e-03	-1.634720e-01
4.446777201000463e-03	-1.634687e-01
4.456777201000463e-03	-1.634720e-01
4.466777201000463e-03	-1.634687e-01
4.476777201000463e-03	-1.634720e-01
4.486777201000463e-03	-1.634687e-01
4.496777201000463e-03	-1.634720e-01
4.506777201000463e-03	-1.634687e-01
4.516777201000462e-03	-1.634720e-01
4.526777201000463e-03	-1.634687e-01
4.536777201000462e-03	-1.634720e-01
4.546777201000463e-03	-1.634687e-01
4.556777201000463e-03	-1.634720e-01
4.566777201000463e-03	-1.634687e-01
4.576777201000463e-03	-1.634720e-01
4.586777201000463e-03	-1.634687e-01
4.596777201000463e-03	-1.634720e-01
4.606777201000463e-03	-1.634687e-01
4.616777201000463e-03	-1.634720e-01
4.626777201000463e-03	-1.634687e-01
4.636777201000463e-03	-1.634720e-01
4.646777201000463e-03	-1.634687e-01
4.656777201000463e-03	-1.634720e-01
4.666777201000463e-03	-1.634687e-01
4.676777201000463e-03	-1.634720e-01
4.686777201000462e-03	-1.634687e-01
4.696777201000463e-03	-1.634720e-01
4.706777201000462e-03	-1.634687e-01
4.716777201000463e-03	-1.634720e-01
4.726777201000463e-03	-1.634687e-01
4.736777201000463e-03	-1.634720e-01
4.746777201000463e-03	-1.634687e-01
4.756777201000463e-03	-1.634720e-01
4.766777201000463e-03	-1.634687e-01
4.776777201000463e-03	-1.634720e-01
4.786777201000463e-03	-1.634687e-01
4.796777201000463e-03	-1.634720e-01
4.806777201000463e-03	-1.634687e-01
4.816777201000463e-03	-1.634720e-01
4.826777201000463e-03	-1.634687e-01
4.836777201000462e-03	-1.634720e-01
4.846777201000463e-03	-1.634687e-01
4.856777201000462e-03	-1.634720e-01
4.866777201000463e-03	-1.634687e-01
4.876777201000462e-03	-1.634720e-01
4.886777201000463e-03	-1.634687e-01
4.896777201000463e-03	-1.634720e-01
4.906777201000463e-03	-1.634687e-01
4.916777201000463e-03	-1.634720e-01
4.926777201000463e-03	-1.634687e-01
4.936777201000463e-03	-1.634720e-01
4.946777201000463e-03	-1.634687e-01
4.956777201000463e-03	-1.634720e-01
4.966777201000463e-03	-1.634687e-01
4.976777201000463e-03	-1.634720e-01
4.986777201000463e-03	-1.634687e-01
4.996777201000463e-03	-1.634720e-01
5.006777201000462e-03	-1.634687e-01
5.016777201000463e-03	-1.634720e-01
5.026777201000462e-03	-1.634687e-01
5.036777201000463e-03	-1.634720e-01
5.046777201000462e-03	-1.634687e-01
5.056777201000463e-03	-1.634720e-01
5.066777201000463e-03	-1.634687e-01
5.076777201000463e-03	-1.634720e-01
5.086777201000463e-03	-1.634687e-01
5.096777201000463e-03	-1.634720e-01
5.106777201000463e-03	-1.634687e-01
5.116777201000463e-03	-1.634720e-01
5.126777201000463e-03	-1.634687e-01
5.136777201000463e-03	-1.634720e-01
5.146777201000463e-03	-1.634687e-01
5.156777201000462e-03	-1.634720e-01
5.166777201000463e-03	-1.634687e-01
5.176777201000462e-03	-1.634720e-01
5.186777201000463e-03	-1.634687e-01
5.196777201000462e-03	-1.634720e-01
5.206777201000463e-03	-1.634687e-01
5.216777201000463e-03	-1.634720e-01
5.226777201000463e-03	-1.634687e-01
5.236777201000463e-03	-1.634720e-01
5.246777201000463e-03	-1.634687e-01
5.256777201000463e-03	-1.634720e-01
5.266777201000463e-03	-1.634687e-01
5.276777201000463e-03	-1.634720e-01
5.286777201000463e-03	-1.634687e-01
5.296777201000463e-03	-1.634720e-01
5.306777201000463e-03	-1.634687e-01
5.316777201000463e-03	-1.634720e-01
5.326777201000462e-03	-1.634687e-01
5.336777201000463e-03	-1.634720e-01
5.346777201000462e-03	-1.634687e-01
5.356777201000463e-03	-1.634720e-01
5.366777201000462e-03	-1.634687e-01
5.376777201000463e-03	-1.634720e-01
5.386777201000463e-03	-1.634687e-01
5.396777201000463e-03	-1.634720e-01
5.406777201000463e-03	-1.634687e-01
5.416777201000463e-03	-1.634720e-01
5.426777201000463e-03	-1.634687e-01
5.436777201000463e-03	-1.634720e-01
5.446777201000463e-03	-1.634687e-01
5.456777201000463e-03	-1.634720e-01
5.466777201000463e-03	-1.634687e-01
5.476777201000462e-03	-1.634720e-01
5.486777201000463e-03	-1.634687e-01
5.496777201000462e-03	-1.634720e-01
5.506777201000463e-03	-1.634687e-01
5.516777201000462e-03	-1.634720e-01
5.526777201000463e-03	-1.634687e-01
5.536777201000462e-03	-1.634720e-01
5.546777201000463e-03	-1.634687e-01
5.556777201000463e-03	-1.634720e-01
5.566777201000463e-03	-1.634687e-01
5.576777201000463e-03	-1.634720e-01
5.586777201000463e-03	-1.634687e-01
5.596777201000463e-03	-1.634720e-01
5.606777201000463e-03	-1.634687e-01
5.616777201000463e-03	-1.634720e-01
5.626777201000463e-03	-1.634687e-01
5.636777201000463e-03	-1.634720e-01
5.646777201000462e-03	-1.634687e-01
5.656777201000463e-03	-1.634720e-01
5.666777201000462e-03	-1.634687e-01
5.676777201000463e-03	-1.634720e-01
5.686777201000462e-03	-1.634687e-01
5.696777201000463e-03	-1.634720e-01
5.706777201000462e-03	-1.634687e-01
5.716777201000463e-03	-1.634720e-01
5.726777201000463e-03	-1.634687e-01
5.736777201000463e-03	-1.634720e-01
5.746777201000463e-03	-1.634687e-01
5.756777201000463e-03	-1.634720e-01
5.766777201000463e-03	-1.634687e-01
5.776777201000463e-03	-1.634720e-01
5.786777201000463e-03	-1.634687e-01
5.796777201000462e-03	-1.634720e-01
5.806777201000463e-03	-1.634687e-01
5.816777201000462e-03	-1.634720e-01
5.826777201000463e-03	-1.634687e-01
5.836777201000462e-03	-1.634720e-01
5.846777201000463e-03	-1.634687e-01
5.856777201000462e-03	-1.634720e-01
5.866777201000463e-03	-1.634687e-01
5.876777201000462e-03	-1.634720e-01
5.886777201000463e-03	-1.634687e-01
5.896777201000463e-03	-1.634720e-01
5.906777201000463e-03	-1.634687e-01
5.916777201000463e-03	-1.634720e-01
5.926777201000463e-03	-1.634687e-01
5.936777201000463e-03	-1.634720e-01
5.946777201000463e-03	-1.634687e-01
5.956777201000463e-03	-1.634720e-01
5.966777201000462e-03	-1.634687e-01
5.976777201000463e-03	-1.634720e-01
5.986777201000462e-03	-1.634687e-01
5.996777201000463e-03	-1.634720e-01
6.006777201000462e-03	-1.634687e-01
6.016777201000463e-03	-1.634720e-01
6.026777201000462e-03	-1.634687e-01
6.036777201000463e-03	-1.634720e-01
6.046777201000463e-03	-1.634687e-01
6.056777201000463e-03	-1.634720e-01
6.066777201000463e-03	-1.634687e-01
6.076777201000463e-03	-1.634720e-01
6.086777201000463e-03	-1.634687e-01
6.096777201000463e-03	-1.634720e-01
6.106777201000463e-03	-1.634687e-01
6.116777201000462e-03	-1.634720e-01
6.126777201000463e-03	-1.634687e-01
6.136777201000462e-03	-1.634720e-01
6.146777201000463e-03	-1.634687e-01
6.156777201000462e-03	-1.634720e-01
6.166777201000463e-03	-1.634687e-01
6.176777201000462e-03	-1.634720e-01
6.186777201000463e-03	-1.634687e-01
6.196777201000462e-03	-1.634720e-01
6.206777201000463e-03	-1.634687e-01
6.216777201000463e-03	-1.634720e-01
6.226777201000463e-03	-1.634687e-01
6.236777201000463e-03	-1.634720e-01
6.246777201000463e-03	-1.634687e-01
6.256777201000463e-03	-1.634720e-01
6.266777201000463e-03	-1.634687e-01
6.276777201000463e-03	-1.634720e-01
6.286777201000462e-03	-1.634687e-01
6.296777201000463e-03	-1.634720e-01
6.306777201000462e-03	-1.634687e-01
6.316777201000463e-03	-1.634720e-01
6.326777201000462e-03	-1.634687e-01
6.336777201000463e-03	-1.634720e-01
6.346777201000462e-03	-1.634687e-01
6.356777201000463e-03	-1.634720e-01
6.366777201000462e-03	-1.634687e-01
6.376777201000463e-03	-1.634720e-01
6.386777201000463e-03	-1.634687e-01
6.396777201000463e-03	-1.634720e-01
6.406777201000463e-03	-1.634687e-01
6.416777201000463e-03	-1.634720e-01
6.426777201000463e-03	-1.634687e-01
6.436777201000462e-03	-1.634720e-01
6.446777201000463e-03	-1.634687e-01
6.456777201000462e-03	-1.634720e-01
6.466777201000463e-03	-1.634687e-01
6.476777201000462e-03	-1.634720e-01
6.486777201000463e-03	-1.634687e-01
6.496777201000462e-03	-1.634720e-01
6.506777201000463e-03	-1.634687e-01
6.516777201000462e-03	-1.634720e-01
6.526777201000463e-03	-1.634687e-01
6.536777201000462e-03	-1.634720e-01
6.546777201000463e-03	-1.634687e-01
6.556777201000463e-03	-1.634720e-01
6.566777201000463e-03	-1.634687e-01
6.576777201000463e-03	-1.634720e-01
6.586777201000463e-03	-1.634687e-01
6.596777201000463e-03	-1.634720e-01
6.606777201000462e-03	-1.634687e-01
6.616777201000463e-03	-1.634720e-01
6.626777201000462e-03	-1.634687e-01
6.636777201000463e-03	-1.634720e-01
6.646777201000462e-03	-1.634687e-01
6.656777201000463e-03	-1.634720e-01
6.666777201000462e-03	-1.634687e-01
6.676777201000463e-03	-1.634720e-01
6.686777201000462e-03	-1.634687e-01
6.696777201000463e-03	-1.634720e-01
6.706777201000463e-03	-1.634687e-01
6.716777201000463e-03	-1.634720e-01
6.726777201000463e-03	-1.634687e-01
6.736777201000463e-03	-1.634720e-01
6.746777201000463e-03	-1.634687e-01
6.756777201000462e-03	-1.634720e-01
6.766777201000463e-03	-1.634687e-01
6.776777201000462e-03	-1.634720e-01
6.786777201000463e-03	-1.634687e-01
6.796777201000462e-03	-1.634720e-01
6.806777201000463e-03	-1.634687e-01
6.816777201000462e-03	-1.634720e-01
6.826777201000463e-03	-1.634687e-01
6.836777201000462e-03	-1.634720e-01
6.846777201000463e-03	-1.634687e-01
6.856777201000462e-03	-1.634720e-01
6.866777201000463e-03	-1.634687e-01
6.876777201000463e-03	-1.634720e-01
6.886777201000463e-03	-1.634687e-01
6.896777201000463e-03	-1.634720e-01
6.906777201000463e-03	-1.634687e-01
6.916777201000463e-03	-1.634720e-01
6.926777201000462e-03	-1.634687e-01
6.936777201000463e-03	-1.634720e-01
6.946777201000462e-03	-1.634687e-01
6.956777201000463e-03	-1.634720e-01
6.966777201000462e-03	-1.634687e-01
6.976777201000463e-03	-1.634720e-01
6.986777201000462e-03	-1.634687e-01
6.996777201000463e-03	-1.634720e-01
7.006777201000462e-03	-1.634687e-01
7.016777201000463e-03	-1.634720e-01
7.026777201000462e-03	-1.634687e-01
7.036777201000463e-03	-1.634720e-01
7.046777201000463e-03	-1.634687e-01
7.056777201000463e-03	-1.634720e-01
7.066777201000463e-03	-1.634687e-01
7.076777201000462e-03	-1.634720e-01
7.086777201000463e-03	-1.634687e-01
7.096777201000462e-03	-1.634720e-01
7.106777201000463e-03	-1.634687e-01
7.116777201000462e-03	-1.634720e-01
7.126777201000463e-03	-1.634687e-01
7.136777201000462e-03	-1.634720e-01
7.146777201000463e-03	-1.634687e-01
7.156777201000462e-03	-1.634720e-01
7.166777201000463e-03	-1.634687e-01
7.176777201000462e-03	-1.634720e-01
7.186777201000463e-03	-1.634687e-01
7.196777201000462e-03	-1.634720e-01
7.206777201000463e-03	-1.634687e-01
7.216777201000463e-03	-1.634720e-01
7.226777201000463e-03	-1.634687e-01
7.236777201000463e-03	-1.634720e-01
7.246777201000462e-03	-1.634687e-01
7.256777201000463e-03	-1.634720e-01
7.266777201000462e-03	-1.634687e-01
7.276777201000463e-03	-1.634720e-01
7.286777201000462e-03	-1.634687e-01
7.296777201000463e-03	-1.634720e-01
7.306777201000462e-03	-1.634687e-01
7.316777201000463e-03	-1.634720e-01
7.326777201000462e-03	-1.634687e-01
7.336777201000463e-03	-1.634720e-01
7.346777201000462e-03	-1.634687e-01
7.356777201000463e-03	-1.634720e-01
7.366777201000463e-03	-1.634687e-01
7.376777201000463e-03	-1.634720e-01
7.386777201000463e-03	-1.634687e-01
7.396777201000462e-03	-1.634720e-01
7.406777201000463e-03	-1.634687e-01
7.416777201000462e-03	-1.634720e-01
7.426777201000463e-03	-1.634687e-01
7.436777201000462e-03	-1.634720e-01
7.446777201000463e-03	-1.634687e-01
7.456777201000462e-03	-1.634720e-01
7.466777201000463e-03	-1.634687e-01
7.476777201000462e-03	-1.634720e-01
7.486777201000463e-03	-1.634687e-01
7.496777201000462e-03	-1.634720e-01
7.506777201000463e-03	-1.634687e-01
7.516777201000462e-03	-1.634720e-01
7.526777201000463e-03	-1.634687e-01
7.536777201000463e-03	-1.634720e-01
7.546777201000463e-03	-1.634687e-01
7.556777201000463e-03	-1.634720e-01
7.566777201000462e-03	-1.634687e-01
7.576777201000463e-03	-1.634720e-01
7.586777201000462e-03	-1.634687e-01
7.596777201000463e-03	-1.634720e-01
7.606777201000462e-03	-1.634687e-01
7.616777201000463e-03	-1.634720e-01
7.626777201000462e-03	-1.634687e-01
7.636777201000463e-03	-1.634720e-01
7.646777201000462e-03	-1.634687e-01
7.656777201000463e-03	-1.634720e-01
7.666777201000462e-03	-1.634687e-01
7.676777201000463e-03	-1.634720e-01
7.686777201000462e-03	-1.634687e-01
7.696777201000463e-03	-1.634720e-01
7.706777201000463e-03	-1.634687e-01
7.716777201000462e-03	-1.634720e-01
7.726777201000463e-03	-1.634687e-01
7.736777201000462e-03	-1.634720e-01
7.746777201000463e-03	-1.634687e-01
7.756777201000462e-03	-1.634720e-01
7.766777201000463e-03	-1.634687e-01
7.776777201000462e-03	-1.634720e-01
7.786777201000463e-03	-1.634687e-01
7.796777201000462e-03	-1.634720e-01
7.806777201000463e-03	-1.634687e-01
7.816777201000463e-03	-1.634720e-01
7.826777201000463e-03	-1.634687e-01
7.836777201000462e-03	-1.634720e-01
7.846777201000462e-03	-1.634687e-01
7.856777201000463e-03	-1.634720e-01
7.866777201000463e-03	-1.634687e-01
7.876777201000463e-03	-1.634720e-01
7.886777201000462e-03	-1.634687e-01
7.896777201000462e-03	-1.634720e-01
7.906777201000463e-03	-1.634687e-01
7.916777201000463e-03	-1.634720e-01
7.926777201000462e-03	-1.634687e-01
7.936777201000462e-03	-1.634720e-01
7.946777201000463e-03	-1.634687e-01
7.956777201000463e-03	-1.634720e-01
7.966777201000462e-03	-1.634687e-01
7.976777201000462e-03	-1.634720e-01
7.986777201000463e-03	-1.634687e-01
7.996777201000463e-03	-1.634720e-01
8.006777201000462e-03	-1.634687e-01
8.016777201000462e-03	-1.634720e-01
8.026777201000463e-03	-1.634687e-01
8.036777201000463e-03	-1.634720e-01
8.046777201000463e-03	-1.634687e-01
8.056777201000462e-03	-1.634720e-01
8.066777201000462e-03	-1.634687e-01
8.076777201000463e-03	-1.634720e-01
8.086777201000463e-03	-1.634687e-01
8.096777201000462e-03	-1.634720e-01
8.106777201000462e-03	-1.634687e-01
8.116777201000463e-03	-1.634720e-01
8.126777201000463e-03	-1.634687e-01
8.136777201000462e-03	-1.634720e-01
8.146777201000462e-03	-1.634687e-01
8.156777201000463e-03	-1.634720e-01
8.166777201000463e-03	-1.634687e-01
8.176777201000462e-03	-1.634720e-01
8.186777201000462e-03	-1.634687e-01
8.196777201000462e-03	-1.634720e-01
8.206777201000463e-03	-1.634687e-01
8.216777201000463e-03	-1.634720e-01
8.226777201000462e-03	-1.634687e-01
8.236777201000462e-03	-1.634720e-01
8.246777201000463e-03	-1.634687e-01
8.256777201000463e-03	-1.634720e-01
8.266777201000462e-03	-1.634687e-01
8.276777201000462e-03	-1.634720e-01
8.286777201000463e-03	-1.634687e-01
8.296777201000463e-03	-1.634720e-01
8.306777201000462e-03	-1.634687e-01
8.316777201000462e-03	-1.634720e-01
8.326777201000463e-03	-1.634687e-01
8.336777201000463e-03	-1.634720e-01
8.346777201000462e-03	-1.634687e-01
8.356777201000462e-03	-1.634720e-01
8.366777201000462e-03	-1.634687e-01
8.376777201000463e-03	-1.634720e-01
8.386777201000463e-03	-1.634687e-01
8.396777201000462e-03	-1.634720e-01
8.406777201000462e-03	-1.634687e-01
8.416777201000463e-03	-1.634720e-01
8.426777201000463e-03	-1.634687e-01
8.436777201000462e-03	-1.634720e-01
8.446777201000462e-03	-1.634687e-01
8.456777201000463e-03	-1.634720e-01
8.466777201000463e-03	-1.634687e-01
8.476777201000462e-03	-1.634720e-01
8.486777201000462e-03	-1.634687e-01
8.496777201000463e-03	-1.634720e-01
8.506777201000463e-03	-1.634687e-01
8.516777201000462e-03	-1.634720e-01
8.526777201000462e-03	-1.634687e-01
8.536777201000462e-03	-1.634720e-01
8.546777201000463e-03	-1.634687e-01
8.556777201000463e-03	-1.634720e-01
8.566777201000462e-03	-1.634687e-01
8.576777201000462e-03	-1.634720e-01
8.586777201000463e-03	-1.634687e-01
8.596777201000463e-03	-1.634720e-01
8.606777201000462e-03	-1.634687e-01
8.616777201000462e-03	-1.634720e-01
8.626777201000463e-03	-1.634687e-01
8.636777201000463e-03	-1.634720e-01
8.646777201000462e-03	-1.634687e-01
8.656777201000462e-03	-1.634720e-01
8.666777201000463e-03	-1.634687e-01
8.676777201000463e-03	-1.634720e-01
8.686777201000462e-03	-1.634687e-01
8.696777201000462e-03	-1.634720e-01
8.706777201000462e-03	-1.634687e-01
8.716777201000463e-03	-1.634720e-01
8.726777201000463e-03	-1.634687e-01
8.736777201000462e-03	-1.634720e-01
8.746777201000462e-03	-1.634687e-01
8.756777201000463e-03	-1.634720e-01
8.766777201000463e-03	-1.634687e-01
8.776777201000462e-03	-1.634720e-01
8.786777201000462e-03	-1.634687e-01
8.796777201000463e-03	-1.634720e-01
8.806777201000463e-03	-1.634687e-01
8.816777201000462e-03	-1.634720e-01
8.826777201000462e-03	-1.634687e-01
8.836777201000462e-03	-1.634720e-01
8.846777201000463e-03	-1.634687e-01
8.856777201000463e-03	-1.634720e-01
8.866777201000462e-03	-1.634687e-01
8.876777201000462e-03	-1.634720e-01
8.886777201000463e-03	-1.634687e-01
8.896777201000463e-03	-1.634720e-01
8.906777201000462e-03	-1.634687e-01
8.916777201000462e-03	-1.634720e-01
8.926777201000463e-03	-1.634687e-01
8.936777201000463e-03	-1.634720e-01
8.946777201000462e-03	-1.634687e-01
8.956777201000462e-03	-1.634720e-01
8.966777201000463e-03	-1.634687e-01
8.976777201000463e-03	-1.634720e-01
8.986777201000462e-03	-1.634687e-01
8.996777201000462e-03	-1.634720e-01
9.006777201000462e-03	-1.634687e-01
9.016777201000463e-03	-1.634720e-01
9.026777201000463e-03	-1.634687e-01
9.036777201000462e-03	-1.634720e-01
9.046777201000462e-03	-1.634687e-01
9.056777201000463e-03	-1.634720e-01
9.066777201000463e-03	-1.634687e-01
9.076777201000462e-03	-1.634720e-01
9.086777201000462e-03	-1.634687e-01
9.096777201000463e-03	-1.634720e-01
9.106777201000463e-03	-1.634687e-01
9.116777201000462e-03	-1.634720e-01
9.126777201000462e-03	-1.634687e-01
9.136777201000463e-03	-1.634720e-01
9.146777201000463e-03	-1.634687e-01
9.156777201000462e-03	-1.634720e-01
9.166777201000462e-03	-1.634687e-01
9.176777201000462e-03	-1.634720e-01
9.186777201000463e-03	-1.634687e-01
9.196777201000463e-03	-1.634720e-01
9.206777201000462e-03	-1.634687e-01
9.216777201000462e-03	-1.634720e-01
9.226777201000463e-03	-1.634687e-01
9.236777201000463e-03	-1.634720e-01
9.246777201000462e-03	-1.634687e-01
9.256777201000462e-03	-1.634720e-01
9.266777201000463e-03	-1.634687e-01
9.276777201000463e-03	-1.634720e-01
9.286777201000462e-03	-1.634687e-01
9.296777201000462e-03	-1.634720e-01
9.306777201000463e-03	-1.634687e-01
9.316777201000463e-03	-1.634720e-01
9.326777201000462e-03	-1.634687e-01
9.336777201000462e-03	-1.634720e-01
9.346777201000462e-03	-1.634687e-01
9.356777201000463e-03	-1.634720e-01
9.366777201000463e-03	-1.634687e-01
9.376777201000462e-03	-1.634720e-01
9.386777201000462e-03	-1.634687e-01
9.396777201000463e-03	-1.634720e-01
9.406777201000463e-03	-1.634687e-01
9.416777201000462e-03	-1.634720e-01
9.426777201000462e-03	-1.634687e-01
9.436777201000463e-03	-1.634720e-01
9.446777201000463e-03	-1.634687e-01
9.456777201000462e-03	-1.634720e-01
9.466777201000462e-03	-1.634687e-01
9.476777201000462e-03	-1.634720e-01
9.486777201000463e-03	-1.634687e-01
9.496777201000462e-03	-1.634720e-01
9.506777201000462e-03	-1.634687e-01
9.516777201000462e-03	-1.634720e-01
9.526777201000463e-03	-1.634687e-01
9.536777201000463e-03	-1.634720e-01
9.546777201000462e-03	-1.634687e-01
9.556777201000462e-03	-1.634720e-01
9.566777201000463e-03	-1.634687e-01
9.576777201000463e-03	-1.634720e-01
9.586777201000462e-03	-1.634687e-01
9.596777201000462e-03	-1.634720e-01
9.606777201000463e-03	-1.634687e-01
9.616777201000463e-03	-1.634720e-01
9.626777201000462e-03	-1.634687e-01
9.636777201000462e-03	-1.634720e-01
9.646777201000462e-03	-1.634687e-01
9.656777201000463e-03	-1.634720e-01
9.666777201000462e-03	-1.634687e-01
9.676777201000462e-03	-1.634720e-01
9.686777201000462e-03	-1.634687e-01
9.696777201000463e-03	-1.634720e-01
9.706777201000463e-03	-1.634687e-01
9.716777201000462e-03	-1.634720e-01
9.726777201000462e-03	-1.634687e-01
9.736777201000463e-03	-1.634720e-01
9.746777201000463e-03	-1.634687e-01
9.756777201000462e-03	-1.634720e-01
9.766777201000462e-03	-1.634687e-01
9.776777201000463e-03	-1.634720e-01
9.786777201000463e-03	-1.634687e-01
9.796777201000462e-03	-1.634720e-01
9.806777201000462e-03	-1.634687e-01
9.816777201000462e-03	-1.634720e-01
9.826777201000463e-03	-1.634687e-01
9.836777201000462e-03	-1.634720e-01
9.846777201000462e-03	-1.634687e-01
9.856777201000462e-03	-1.634720e-01
9.866777201000463e-03	-1.634687e-01
9.876777201000463e-03	-1.634720e-01
9.886777201000462e-03	-1.634687e-01
9.896777201000462e-03	-1.634720e-01
9.906777201000463e-03	-1.634687e-01
9.916777201000463e-03	-1.634720e-01
9.926777201000462e-03	-1.634687e-01
9.936777201000462e-03	-1.634720e-01
9.946777201000463e-03	-1.634687e-01
9.956777201000463e-03	-1.634720e-01
9.966777201000462e-03	-1.634687e-01
9.976777201000462e-03	-1.634720e-01
9.986777201000462e-03	-1.634687e-01
9.996777201000463e-03	-1.634720e-01
1.000000000000000e-02	-1.634687e-01
1.000000000100000e-02	-1.634720e-01
1.000000000200000e-02	-1.634691e-01
1.000000000440036e-02	-1.634716e-01
1.000000000670974e-02	-1.634692e-01
1.000000001132851e-02	-1.634715e-01
1.000000002056605e-02	-1.634692e-01
1.000000003904114e-02	-1.634715e-01
1.000000007599130e-02	-1.634692e-01
1.000000014989163e-02	-1.634715e-01
1.000000029769228e-02	-1.634692e-01
1.000000059329359e-02	-1.634715e-01
1.000000118449621e-02	-1.634692e-01
1.000000236690145e-02	-1.634715e-01
1.000000473171193e-02	-1.634692e-01
1.000000946133288e-02	-1.634714e-01
1.000001768949127e-02	-1.634690e-01
1.000002963204123e-02	-1.634711e-01
1.000005351714114e-02	-1.634684e-01
1.000010097863585e-02	-1.634614e-01
1.000015398679385e-02	-1.634692e-01
1.000020604733343e-02	-1.634738e-01
1.000026203738533e-02	-1.634739e-01
1.000031701191647e-02	-1.634781e-01
1.000042696097875e-02	-1.634778e-01
1.000045444824432e-02	-1.634791e-01
1.000050942277546e-02	-1.634792e-01
1.000061937183774e-02	-1.634794e-01
1.000083926996230e-02	-1.634798e-01
1.000118353605633e-02	-1.634803e-01
1.000177805770776e-02	-1.634808e-01
1.000249958254068e-02	-1.634805e-01
1.000263574895723e-02	-1.634803e-01
1.000290808179032e-02	-1.634800e-01
1.000345274745650e-02	-1.634791e-01
1.000454207878887e-02	-1.634767e-01
1.000672074145361e-02	-1.633909e-01
1.000945049429114e-02	-1.630041e-01
1.001362862358644e-02	-1.612625e-01
1.001754925944466e-02	-1.479855e-01
1.002063867062948e-02	-1.345270e-01
1.002204346079229e-02	-1.321379e-01
1.002297941855280e-02	-1.316047e-01
1.002391423868055e-02	-1.313978e-01
1.002481083938415e-02	-1.312505e-01
1.002597288149412e-02	-1.312097e-01
1.002727884645715e-02	-1.311360e-01
1.002864981346591e-02	-1.311565e-01
1.003109632461828e-02	-1.311090e-01
1.003346930232657e-02	-1.311444e-01
1.003821525774316e-02	-1.311019e-01
1.004503392274004e-02	-1.311348e-01
1.005503392274004e-02	-1.310866e-01
1.006503392274004e-02	-1.311154e-01
1.007503392274004e-02	-1.310648e-01
1.008503392274004e-02	-1.310917e-01
1.009503392274004e-02	-1.310384e-01
1.010000000000000e-02	-1.310706e-01
1.010000000100000e-02	-1.310740e-01
1.010000001700000e-02	-1.310733e-01
1.010000004900000e-02	-1.310702e-01
1.010000011300000e-02	-1.310655e-01
1.010000024100000e-02	-1.310587e-01
1.010000049700000e-02	-1.310496e-01
1.010000100900000e-02	-1.310420e-01
1.010000203300000e-02	-1.310395e-01
1.010000408100000e-02	-1.310414e-01
1.010000817700000e-02	-1.310436e-01
1.010001636900000e-02	-1.310471e-01
1.010003275300001e-02	-1.310496e-01
1.010006552100002e-02	-1.310509e-01
1.010013105700003e-02	-1.310504e-01
1.010026212900006e-02	-1.310505e-01
1.010052427300013e-02	-1.310498e-01
1.010104856100025e-02	-1.310493e-01
1.010209713700050e-02	-1.310474e-01
1.010419428900100e-02	-1.310445e-01
1.010838859300201e-02	-1.310376e-01
1.011677720100402e-02	-1.310245e-01
1.012677720100402e-02	-1.310094e-01
1.013433420477580e-02	-1.313983e-01
1.014204763626352e-02	-1.418003e-01
1.014500016544683e-02	-1.501845e-01
1.014785662270709e-02	-1.580085e-01
1.015088562359116e-02	-1.663939e-01
1.015694362535931e-02	-1.826168e-01
1.016694362535931e-02	-2.088151e-01
1.017694362535931e-02	-2.232451e-01
1.018694362535931e-02	-2.314625e-01
1.019694362535931e-02	-2.396681e-01
1.020694362535931e-02	-2.495341e-01
1.021694362535931e-02	-2.666147e-01
1.022694362535931e-02	-2.895909e-01
1.023694362535931e-02	-3.116597e-01
1.024694362535931e-02	-3.362034e-01
1.025694362535931e-02	-3.632640e-01
1.026694362535931e-02	-3.931046e-01
1.027694362535931e-02	-4.245329e-01
1.028694362535931e-02	-4.578279e-01
1.029694362535931e-02	-4.918050e-01
1.030694362535931e-02	-5.266837e-01
1.031694362535931e-02	-5.611691e-01
1.032694362535931e-02	-5.951834e-01
1.033694362535931e-02	-6.230941e-01
1.034694362535931e-02	-6.449798e-01
1.035694362535931e-02	-6.497822e-01
1.036694362535931e-02	-6.346415e-01
1.037694362535931e-02	-6.188205e-01
1.038694362535931e-02	-6.021662e-01
1.039694362535931e-02	-5.810216e-01
1.040694362535931e-02	-5.198603e-01
1.041694362535931e-02	-4.329935e-01
1.042694362535931e-02	-3.540917e-01
1.043694362535931e-02	-2.502780e-01
1.044694362535931e-02	-1.317381e-01
1.045694362535931e-02	-4.595188e-02
1.046694362535931e-02	-3.471201e-03
1.047694362535931e-02	-1.336199e-05
1.048694362535931e-02	-7.451298e-06
1.049694362535931e-02	-1.309542e-05
1.050694362535931e-02	-6.785130e-06
1.051694362535931e-02	-1.285745e-05
1.052694362535931e-02	-6.207298e-06
1.053694362535931e-02	-1.262584e-05
1.054694362535931e-02	-5.676296e-06
1.055694362535931e-02	-1.243127e-05
1.056694362535931e-02	-5.189410e-06
1.057694362535931e-02	-1.221882e-05
1.058694362535931e-02	-4.763429e-06
1.059694362535931e-02	-1.205919e-05
1.060694362535931e-02	-4.386070e-06
1.061694362535931e-02	-1.209918e-05
1.062694362535931e-02	-4.511997e-06
1.063694362535931e-02	-1.250276e-05
1.064694362535931e-02	-4.808719e-06
1.065694362535931e-02	-1.291894e-05
1.066694362535931e-02	-5.216279e-06
1.067694362535931e-02	-1.338638e-05
1.068694362535931e-02	-5.700645e-06
1.069694362535931e-02	-1.392053e-05
1.070694362535931e-02	-6.227747e-06
1.071694362535931e-02	-1.440377e-05
1.072694362535931e-02	-6.484879e-06
1.073694362535931e-02	-1.430369e-05
1.074694362535931e-02	-6.431450e-06
1.075694362535931e-02	-1.421911e-05
1.076694362535931e-02	-6.399157e-06
1.077694362535931e-02	-1.414713e-05
1.078694362535931e-02	-6.370323e-06
1.079694362535931e-02	-1.406664e-05
1.080694362535931e-02	-6.342857e-06
1.081694362535931e-02	-1.398121e-05
1.082694362535931e-02	-6.313951e-06
1.083694362535931e-02	-1.388472e-05
1.084694362535931e-02	-6.275948e-06
1.085694362535931e-02	-1.376051e-05
1.086694362535931e-02	-6.198951e-06
1.087694362535931e-02	-1.352887e-05
1.088694362535931e-02	-5.969678e-06
1.089694362535931e-02	-1.318533e-05
1.090694362535931e-02	-6.198137e-06
1.091694362535931e-02	-1.354387e-05
1.092694362535931e-02	-6.259972e-06
1.093694362535931e-02	-1.334332e-05
1.094694362535931e-02	-6.019542e-06
1.095694362535931e-02	-1.299241e-05
1.096694362535931e-02	-5.695554e-06
1.097694362535931e-02	-1.268640e-05
1.098694362535931e-02	-5.484220e-06
1.099694362535931e-02	-1.253909e-05
1.100000000100000e-02	-5.417474e-06
1.100000000200000e-02	1.357515e-05
1.100000001800000e-02	4.556771e-05
1.100000005000000e-02	-1.927571e-05
1.100000011400000e-02	1.910159e-05
1.100000024200000e-02	-2.566125e-05
1.100000049800000e-02	1.584622e-05
1.100000101000000e-02	-2.770654e-05
1.100000203400000e-02	1.393023e-05
1.100000408200000e-02	-2.866298e-05
1.100000817800000e-02	1.312609e-05
1.100001637000000e-02	-2.957701e-05
1.100003275400001e-02	1.215694e-05
1.100006552200002e-02	-3.010339e-05
1.100013105800003e-02	1.207032e-05
1.100026213000006e-02	-3.007053e-05
1.100052427400013e-02	1.209526e-05
1.100104856200025e-02	-3.003685e-05
1.100209713800050e-02	1.212224e-05
1.100419429000100e-02	-3.000890e-05
1.100838859400201e-02	1.216700e-05
1.101677720200402e-02	-2.993643e-05
1.102677720200402e-02	1.223533e-05
1.103677720200402e-02	-2.990472e-05
1.104677720200402e-02	1.222904e-05
1.105677720200402e-02	-2.993260e-05
1.106677720200402e-02	1.219112e-05
1.107677720200402e-02	-2.997439e-05
1.108677720200402e-02	1.215012e-05
1.109677720200402e-02	-3.001237e-05
1.110677720200402e-02	1.211636e-05
1.111677720200402e-02	-3.004183e-05
1.112677720200402e-02	1.209102e-05
1.113677720200402e-02	-3.006349e-05
1.114677720200402e-02	1.207258e-05
1.115677720200402e-02	-3.007913e-05
1.116677720200402e-02	1.205931e-05
1.117677720200402e-02	-3.009034e-05
1.118677720200402e-02	1.204980e-05
1.119677720200402e-02	-3.009835e-05
1.120677720200402e-02	1.204299e-05
1.121677720200402e-02	-3.010406e-05
1.122677720200402e-02	1.203811e-05
1.123677720200402e-02	-3.010813e-05
1.124677720200402e-02	1.203461e-05
1.125677720200402e-02	-3.011103e-05
1.126677720200402e-02	1.203209e-05
1.127677720200402e-02	-3.011311e-05
1.128677720200402e-02	1.203027e-05
1.129677720200402e-02	-3.011460e-05
1.130677720200402e-02	1.202895e-05
1.131677720200402e-02	-3.011567e-05
1.132677720200402e-02	1.202797e-05
1.133677720200402e-02	-3.011644e-05
1.134677720200402e-02	1.202724e-05
1.135677720200402e-02	-3.011700e-05
1.136677720200402e-02	1.202669e-05
1.137677720200402e-02	-3.011741e-05
1.138677720200402e-02	1.202627e-05
1.139677720200402e-02	-3.011772e-05
1.140677720200402e-02	1.202594e-05
1.141677720200402e-02	-3.011794e-05
1.142677720200402e-02	1.202567e-05
1.143677720200402e-02	-3.011812e-05
1.144677720200402e-02	1.202545e-05
1.145677720200402e-02	-3.011825e-05
1.146677720200402e-02	1.202526e-05
1.147677720200402e-02	-3.011836e-05
1.148677720200402e-02	1.202510e-05
1.149677720200402e-02	-3.011844e-05
1.150677720200402e-02	1.202495e-05
1.151677720200402e-02	-3.011851e-05
1.152677720200402e-02	1.202482e-05
1.153677720200402e-02	-3.011857e-05
1.154677720200402e-02	1.202470e-05
1.155677720200402e-02	-3.011862e-05
1.156677720200402e-02	1.202458e-05
1.157677720200402e-02	-3.011867e-05
1.158677720200402e-02	1.202447e-05
1.159677720200402e-02	-3.011871e-05
1.160677720200402e-02	1.202437e-05
1.161677720200402e-02	-3.011874e-05
1.162677720200402e-02	1.202427e-05
1.163677720200402e-02	-3.011878e-05
1.164677720200402e-02	1.202417e-05
1.165677720200402e-02	-3.011881e-05
1.166677720200402e-02	1.202407e-05
1.167677720200402e-02	-3.011884e-05
1.168677720200402e-02	1.202398e-05
1.169677720200402e-02	-3.011886e-05
1.170677720200402e-02	1.202389e-05
1.171677720200402e-02	-3.011889e-05
1.172677720200402e-02	1.202380e-05
1.173677720200402e-02	-3.011891e-05
1.174677720200402e-02	1.202372e-05
1.175677720200402e-02	-3.011893e-05
1.176677720200402e-02	1.202363e-05
1.177677720200402e-02	-3.011895e-05
1.178677720200402e-02	1.202355e-05
1.179677720200402e-02	-3.011897e-05
1.180677720200402e-02	1.202347e-05
1.181677720200402e-02	-3.011899e-05
1.182677720200402e-02	1.202339e-05
1.183677720200402e-02	-3.011900e-05
1.184677720200402e-02	1.202331e-05
1.185677720200402e-02	-3.011902e-05
1.186677720200402e-02	1.202323e-05
1.187677720200402e-02	-3.011903e-05
1.188677720200402e-02	1.202316e-05
1.189677720200402e-02	-3.011905e-05
1.190677720200402e-02	1.202308e-05
1.191677720200402e-02	-3.011906e-05
1.192677720200402e-02	1.202301e-05
1.193677720200402e-02	-3.011907e-05
1.194677720200402e-02	1.202294e-05
1.195677720200402e-02	-3.011908e-05
1.196677720200402e-02	1.202287e-05
1.197677720200402e-02	-3.011909e-05
1.198677720200402e-02	1.202280e-05
1.199677720200402e-02	-3.011910e-05
1.200677720200402e-02	1.202273e-05
1.201677720200402e-02	-3.011910e-05
1.202677720200402e-02	1.202267e-05
1.203677720200402e-02	-3.011911e-05
1.204677720200402e-02	1.202260e-05
1.205677720200402e-02	-3.011912e-05
1.206677720200402e-02	1.202253e-05
1.207677720200402e-02	-3.011912e-05
1.208677720200402e-02	1.202247e-05
1.209677720200402e-02	-3.011913e-05
1.210677720200402e-02	1.202241e-05
1.211677720200402e-02	-3.011913e-05
1.212677720200402e-02	1.202235e-05
1.213677720200402e-02	-3.011913e-05
1.214677720200402e-02	1.202229e-05
1.215677720200402e-02	-3.011914e-05
1.216677720200402e-02	1.202223e-05
1.217677720200402e-02	-3.011914e-05
1.218677720200402e-02	1.202217e-05
1.219677720200402e-02	-3.011914e-05
1.220677720200402e-02	1.202211e-05
1.221677720200402e-02	-3.011914e-05
1.222677720200402e-02	1.202205e-05
1.223677720200402e-02	-3.011914e-05
1.224677720200402e-02	1.202200e-05
1.225677720200402e-02	-3.011914e-05
1.226677720200402e-02	1.202194e-05
1.227677720200402e-02	-3.011914e-05
1.228677720200402e-02	1.202189e-05
1.229677720200402e-02	-3.011913e-05
1.230677720200402e-02	1.202184e-05
1.231677720200402e-02	-3.011913e-05
1.232677720200402e-02	1.202178e-05
1.233677720200402e-02	-3.011913e-05
1.234677720200402e-02	1.202173e-05
1.235677720200402e-02	-3.011912e-05
1.236677720200402e-02	1.202168e-05
1.237677720200402e-02	-3.011912e-05
1.238677720200402e-02	1.202163e-05
1.239677720200402e-02	-3.011912e-05
1.240677720200402e-02	1.202158e-05
1.241677720200402e-02	-3.011911e-05
1.242677720200402e-02	1.202153e-05
1.243677720200402e-02	-3.011910e-05
1.244677720200402e-02	1.202148e-05
1.245677720200402e-02	-3.011910e-05
1.246677720200402e-02	1.202144e-05
1.247677720200402e-02	-3.011909e-05
1.248677720200402e-02	1.202139e-05
1.249677720200402e-02	-3.011908e-05
1.250677720200402e-02	1.202134e-05
1.251677720200402e-02	-3.011908e-05
1.252677720200402e-02	1.202130e-05
1.253677720200402e-02	-3.011907e-05
1.254677720200402e-02	1.202125e-05
1.255677720200402e-02	-3.011906e-05
1.256677720200402e-02	1.202121e-05
1.257677720200402e-02	-3.011905e-05
1.258677720200402e-02	1.202116e-05
1.259677720200402e-02	-3.011904e-05
1.260677720200402e-02	1.202112e-05
1.261677720200402e-02	-3.011904e-05
1.262677720200402e-02	1.202108e-05
1.263677720200402e-02	-3.011903e-05
1.264677720200402e-02	1.202103e-05
1.265677720200402e-02	-3.011902e-05
1.266677720200402e-02	1.202099e-05
1.267677720200402e-02	-3.011901e-05
1.268677720200402e-02	1.202095e-05
1.269677720200402e-02	-3.011900e-05
1.270677720200402e-02	1.202091e-05
1.271677720200402e-02	-3.011899e-05
1.272677720200402e-02	1.202087e-05
1.273677720200402e-02	-3.011898e-05
1.274677720200402e-02	1.202083e-05
1.275677720200402e-02	-3.011896e-05
1.276677720200402e-02	1.202079e-05
1.277677720200402e-02	-3.011895e-05
1.278677720200402e-02	1.202075e-05
1.279677720200402e-02	-3.011894e-05
1.280677720200402e-02	1.202072e-05
1.281677720200402e-02	-3.011893e-05
1.282677720200402e-02	1.202068e-05
1.283677720200402e-02	-3.011892e-05
1.284677720200402e-02	1.202064e-05
1.285677720200402e-02	-3.011890e-05
1.286677720200402e-02	1.202060e-05
1.287677720200402e-02	-3.011889e-05
1.288677720200402e-02	1.202057e-05
1.289677720200402e-02	-3.011888e-05
1.290677720200402e-02	1.202053e-05
1.291677720200402e-02	-3.011887e-05
1.292677720200402e-02	1.202049e-05
1.293677720200402e-02	-3.011885e-05
1.294677720200402e-02	1.202046e-05
1.295677720200402e-02	-3.011884e-05
1.296677720200402e-02	1.202042e-05
1.297677720200402e-02	-3.011883e-05
1.298677720200402e-02	1.202039e-05
1.299677720200402e-02	-3.011881e-05
1.300677720200402e-02	1.202035e-05
1.301677720200402e-02	-3.011880e-05
1.302677720200402e-02	1.202032e-05
1.303677720200402e-02	-3.011878e-05
1.304677720200402e-02	1.202029e-05
1.305677720200402e-02	-3.011877e-05
1.306677720200402e-02	1.202025e-05
1.307677720200402e-02	-3.011876e-05
1.308677720200402e-02	1.202022e-05
1.309677720200402e-02	-3.011874e-05
1.310677720200402e-02	1.202019e-05
1.311677720200402e-02	-3.011872e-05
1.312677720200402e-02	1.202016e-05
1.313677720200402e-02	-3.011871e-05
1.314677720200402e-02	1.202012e-05
1.315677720200402e-02	-3.011870e-05
1.316677720200402e-02	1.202009e-05
1.317677720200402e-02	-3.011868e-05
1.318677720200402e-02	1.202006e-05
1.319677720200402e-02	-3.011866e-05
1.320677720200402e-02	1.202003e-05
1.321677720200402e-02	-3.011865e-05
1.322677720200402e-02	1.202000e-05
1.323677720200402e-02	-3.011863e-05
1.324677720200402e-02	1.201997e-05
1.325677720200402e-02	-3.011862e-05
1.326677720200402e-02	1.201994e-05
1.327677720200402e-02	-3.011860e-05
1.328677720200402e-02	1.201991e-05
1.329677720200402e-02	-3.011859e-05
1.330677720200402e-02	1.201988e-05
1.331677720200402e-02	-3.011857e-05
1.332677720200402e-02	1.201985e-05
1.333677720200402e-02	-3.011855e-05
1.334677720200402e-02	1.201982e-05
1.335677720200402e-02	-3.011854e-05
1.336677720200402e-02	1.201979e-05
1.337677720200402e-02	-3.011852e-05
1.338677720200402e-02	1.201976e-05
1.339677720200402e-02	-3.011850e-05
1.340677720200402e-02	1.201973e-05
1.341677720200402e-02	-3.011849e-05
1.342677720200402e-02	1.201971e-05
1.343677720200402e-02	-3.011847e-05
1.344677720200402e-02	1.201968e-05
1.345677720200402e-02	-3.011846e-05
1.346677720200402e-02	1.201965e-05
1.347677720200402e-02	-3.011844e-05
1.348677720200402e-02	1.201962e-05
1.349677720200402e-02	-3.011842e-05
1.350677720200402e-02	1.201959e-05
1.351677720200402e-02	-3.011840e-05
1.352677720200402e-02	1.201957e-05
1.353677720200402e-02	-3.011839e-05
1.354677720200402e-02	1.201954e-05
1.355677720200401e-02	-3.011837e-05
1.356677720200402e-02	1.201951e-05
1.357677720200402e-02	-3.011835e-05
1.358677720200402e-02	1.201949e-05
1.359677720200402e-02	-3.011834e-05
1.360677720200402e-02	1.201946e-05
1.361677720200402e-02	-3.011832e-05
1.362677720200402e-02	1.201943e-05
1.363677720200402e-02	-3.011830e-05
1.364677720200402e-02	1.201941e-05
1.365677720200402e-02	-3.011828e-05
1.366677720200402e-02	1.201938e-05
1.367677720200402e-02	-3.011827e-05
1.368677720200402e-02	1.201936e-05
1.369677720200402e-02	-3.011825e-05
1.370677720200402e-02	1.201933e-05
1.371677720200402e-02	-3.011823e-05
1.372677720200401e-02	1.201931e-05
1.373677720200402e-02	-3.011822e-05
1.374677720200402e-02	1.201928e-05
1.375677720200402e-02	-3.011820e-05
1.376677720200402e-02	1.201926e-05
1.377677720200402e-02	-3.011818e-05
1.378677720200402e-02	1.201923e-05
1.379677720200402e-02	-3.011816e-05
1.380677720200402e-02	1.201921e-05
1.381677720200402e-02	-3.011814e-05
1.382677720200402e-02	1.201918e-05
1.383677720200402e-02	-3.011813e-05
1.384677720200402e-02	1.201916e-05
1.385677720200402e-02	-3.011811e-05
1.386677720200402e-02	1.201913e-05
1.387677720200402e-02	-3.011809e-05
1.388677720200402e-02	1.201911e-05
1.389677720200401e-02	-3.011807e-05
1.390677720200402e-02	1.201908e-05
1.391677720200402e-02	-3.011806e-05
1.392677720200402e-02	1.201906e-05
1.393677720200402e-02	-3.011804e-05
1.394677720200402e-02	1.201904e-05
1.395677720200402e-02	-3.011802e-05
1.396677720200402e-02	1.201901e-05
1.397677720200402e-02	-3.011800e-05
1.398677720200402e-02	1.201899e-05
1.399677720200402e-02	-3.011798e-05
1.400677720200402e-02	1.201897e-05
1.401677720200402e-02	-3.011797e-05
1.402677720200402e-02	1.201894e-05
1.403677720200402e-02	-3.011795e-05
1.404677720200402e-02	1.201892e-05
1.405677720200402e-02	-3.011793e-05
1.406677720200402e-02	1.201890e-05
1.407677720200402e-02	-3.011791e-05
1.408677720200402e-02	1.201887e-05
1.409677720200402e-02	-3.011790e-05
1.410677720200402e-02	1.201885e-05
1.411677720200402e-02	-3.011788e-05
1.412677720200402e-02	1.201883e-05
1.413677720200402e-02	-3.011786e-05
1.414677720200402e-02	1.201881e-05
1.415677720200402e-02	-3.011784e-05
1.416677720200402e-02	1.201878e-05
1.417677720200402e-02	-3.011782e-05
1.418677720200402e-02	1.201876e-05
1.419677720200401e-02	-3.011781e-05
1.420677720200402e-02	1.201874e-05
1.421677720200402e-02	-3.011779e-05
1.422677720200402e-02	1.201872e-05
1.423677720200402e-02	-3.011777e-05
1.424677720200402e-02	1.201869e-05
1.425677720200402e-02	-3.011775e-05
1.426677720200402e-02	1.201867e-05
1.427677720200402e-02	-3.011773e-05
1.428677720200402e-02	1.201865e-05
1.429677720200402e-02	-3.011772e-05
1.430677720200402e-02	1.201863e-05
1.431677720200402e-02	-3.011770e-05
1.432677720200402e-02	1.201861e-05
1.433677720200402e-02	-3.011768e-05
1.434677720200402e-02	1.201859e-05
1.435677720200402e-02	-3.011766e-05
1.436677720200401e-02	1.201856e-05
1.437677720200402e-02	-3.011764e-05
1.438677720200402e-02	1.201854e-05
1.439677720200402e-02	-3.011763e-05
1.440677720200402e-02	1.201852e-05
1.441677720200402e-02	-3.011761e-05
1.442677720200402e-02	1.201850e-05
1.443677720200402e-02	-3.011759e-05
1.444677720200402e-02	1.201848e-05
1.445677720200402e-02	-3.011757e-05
1.446677720200402e-02	1.201846e-05
1.447677720200402e-02	-3.011755e-05
1.448677720200402e-02	1.201844e-05
1.449677720200402e-02	-3.011754e-05
1.450677720200402e-02	1.201842e-05
1.451677720200402e-02	-3.011752e-05
1.452677720200402e-02	1.201840e-05
1.453677720200401e-02	-3.011750e-05
1.454677720200402e-02	1.201837e-05
1.455677720200402e-02	-3.011748e-05
1.456677720200402e-02	1.201835e-05
1.457677720200402e-02	-3.011746e-05
1.458677720200402e-02	1.201833e-05
1.459677720200402e-02	-3.011745e-05
1.460677720200402e-02	1.201831e-05
1.461677720200402e-02	-3.011743e-05
1.462677720200402e-02	1.201829e-05
1.463677720200402e-02	-3.011741e-05
1.464677720200402e-02	1.201827e-05
1.465677720200402e-02	-3.011739e-05
1.466677720200402e-02	1.201825e-05
1.467677720200402e-02	-3.011737e-05
1.468677720200402e-02	1.201823e-05
1.469677720200402e-02	-3.011735e-05
1.470677720200401e-02	1.201821e-05
1.471677720200402e-02	-3.011734e-05
1.472677720200402e-02	1.201819e-05
1.473677720200402e-02	-3.011732e-05
1.474677720200402e-02	1.201817e-05
1.475677720200402e-02	-3.011730e-05
1.476677720200402e-02	1.201815e-05
1.477677720200402e-02	-3.011728e-05
1.478677720200402e-02	1.201813e-05
1.479677720200402e-02	-3.011727e-05
1.480677720200402e-02	1.201811e-05
1.481677720200402e-02	-3.011725e-05
1.482677720200402e-02	1.201809e-05
1.483677720200401e-02	-3.011723e-05
1.484677720200402e-02	1.201807e-05
1.485677720200402e-02	-3.011721e-05
1.486677720200402e-02	1.201805e-05
1.487677720200401e-02	-3.011719e-05
1.488677720200402e-02	1.201803e-05
1.489677720200402e-02	-3.011718e-05
1.490677720200402e-02	1.201801e-05
1.491677720200402e-02	-3.011716e-05
1.492677720200402e-02	1.201799e-05
1.493677720200402e-02	-3.011714e-05
1.494677720200402e-02	1.201798e-05
1.495677720200402e-02	-3.011712e-05
1.496677720200402e-02	1.201796e-05
1.497677720200402e-02	-3.011711e-05
1.498677720200402e-02	1.201794e-05
1.499677720200402e-02	-3.011709e-05
1.500677720200401e-02	1.201792e-05
1.501677720200402e-02	-3.011707e-05
1.502677720200402e-02	1.201790e-05
1.503677720200402e-02	-3.011705e-05
1.504677720200401e-02	1.201788e-05
1.505677720200402e-02	-3.011703e-05
1.506677720200402e-02	1.201786e-05
1.507677720200402e-02	-3.011702e-05
1.508677720200402e-02	1.201784e-05
1.509677720200402e-02	-3.011700e-05
1.510677720200402e-02	1.201782e-05
1.511677720200402e-02	-3.011698e-05
1.512677720200402e-02	1.201780e-05
1.513677720200402e-02	-3.011696e-05
1.514677720200402e-02	1.201778e-05
1.515677720200402e-02	-3.011695e-05
1.516677720200402e-02	1.201776e-05
1.517677720200401e-02	-3.011693e-05
1.518677720200402e-02	1.201775e-05
1.519677720200402e-02	-3.011691e-05
1.520677720200402e-02	1.201773e-05
1.521677720200401e-02	-3.011689e-05
1.522677720200402e-02	1.201771e-05
1.523677720200402e-02	-3.011687e-05
1.524677720200402e-02	1.201769e-05
1.525677720200402e-02	-3.011686e-05
1.526677720200402e-02	1.201767e-05
1.527677720200402e-02	-3.011684e-05
1.528677720200402e-02	1.201765e-05
1.529677720200402e-02	-3.011682e-05
1.530677720200402e-02	1.201763e-05
1.531677720200402e-02	-3.011681e-05
1.532677720200402e-02	1.201762e-05
1.533677720200402e-02	-3.011679e-05
1.534677720200401e-02	1.201760e-05
1.535677720200402e-02	-3.011677e-05
1.536677720200402e-02	1.201758e-05
1.537677720200402e-02	-3.011675e-05
1.538677720200401e-02	1.201756e-05
1.539677720200402e-02	-3.011673e-05
1.540677720200402e-02	1.201754e-05
1.541677720200402e-02	-3.011672e-05
1.542677720200402e-02	1.201752e-05
1.543677720200402e-02	-3.011670e-05
1.544677720200402e-02	1.201751e-05
1.545677720200402e-02	-3.011668e-05
1.546677720200402e-02	1.201749e-05
1.547677720200401e-02	-3.011667e-05
1.548677720200402e-02	1.201747e-05
1.549677720200402e-02	-3.011665e-05
1.550677720200402e-02	1.201745e-05
1.551677720200401e-02	-3.011663e-05
1.552677720200402e-02	1.201743e-05
1.553677720200402e-02	-3.011661e-05
1.554677720200402e-02	1.201741e-05
1.555677720200402e-02	-3.011660e-05
1.556677720200402e-02	1.201740e-05
1.557677720200402e-02	-3.011658e-05
1.558677720200402e-02	1.201738e-05
1.559677720200402e-02	-3.011656e-05
1.560677720200402e-02	1.201736e-05
1.561677720200402e-02	-3.011654e-05
1.562677720200402e-02	1.201734e-05
1.563677720200402e-02	-3.011653e-05
1.564677720200401e-02	1.201732e-05
1.565677720200401e-02	-3.011651e-05
1.566677720200401e-02	1.201731e-05
1.567677720200402e-02	-3.011649e-05
1.568677720200402e-02	1.201729e-05
1.569677720200402e-02	-3.011647e-05
1.570677720200402e-02	1.201727e-05
1.571677720200402e-02	-3.011646e-05
1.572677720200402e-02	1.201725e-05
1.573677720200401e-02	-3.011644e-05
1.574677720200401e-02	1.201724e-05
1.575677720200402e-02	-3.011642e-05
1.576677720200402e-02	1.201722e-05
1.577677720200402e-02	-3.011641e-05
1.578677720200402e-02	1.201720e-05
1.579677720200402e-02	-3.011639e-05
1.580677720200402e-02	1.201718e-05
1.581677720200401e-02	-3.011637e-05
1.582677720200401e-02	1.201716e-05
1.583677720200401e-02	-3.011635e-05
1.584677720200402e-02	1.201715e-05
1.585677720200402e-02	-3.011634e-05
1.586677720200402e-02	1.201713e-05
1.587677720200402e-02	-3.011632e-05
1.588677720200402e-02	1.201711e-05
1.589677720200402e-02	-3.011630e-05
1.590677720200401e-02	1.201709e-05
1.591677720200401e-02	-3.011629e-05
1.592677720200402e-02	1.201708e-05
1.593677720200402e-02	-3.011627e-05
1.594677720200402e-02	1.201706e-05
1.595677720200402e-02	-3.011625e-05
1.596677720200402e-02	1.201704e-05
1.597677720200402e-02	-3.011623e-05
1.598677720200401e-02	1.201702e-05
1.599677720200401e-02	-3.011622e-05
1.600677720200401e-02	1.201701e-05
1.601677720200402e-02	-3.011620e-05
1.602677720200402e-02	1.201699e-05
1.603677720200402e-02	-3.011618e-05
1.604677720200402e-02	1.201697e-05
1.605677720200402e-02	-3.011617e-05
1.606677720200402e-02	1.201695e-05
1.607677720200401e-02	-3.011615e-05
1.608677720200401e-02	1.201694e-05
1.609677720200402e-02	-3.011613e-05
1.610677720200402e-02	1.201692e-05
1.611677720200402e-02	-3.011611e-05
1.612677720200402e-02	1.201690e-05
1.613677720200402e-02	-3.011610e-05
1.614677720200402e-02	1.201688e-05
1.615677720200401e-02	-3.011608e-05
1.616677720200401e-02	1.201687e-05
1.617677720200401e-02	-3.011606e-05
1.618677720200402e-02	1.201685e-05
1.619677720200402e-02	-3.011605e-05
1.620677720200402e-02	1.201683e-05
1.621677720200402e-02	-3.011603e-05
1.622677720200402e-02	1.201682e-05
1.623677720200402e-02	-3.011601e-05
1.624677720200401e-02	1.201680e-05
1.625677720200401e-02	-3.011600e-05
1.626677720200402e-02	1.201678e-05
1.627677720200402e-02	-3.011598e-05
1.628677720200402e-02	1.201676e-05
1.629677720200402e-02	-3.011596e-05
1.630677720200402e-02	1.201675e-05
1.631677720200402e-02	-3.011595e-05
1.632677720200401e-02	1.201673e-05
1.633677720200401e-02	-3.011593e-05
1.634677720200401e-02	1.201671e-05
1.635677720200402e-02	-3.011591e-05
1.636677720200402e-02	1.201670e-05
1.637677720200402e-02	-3.011590e-05
1.638677720200402e-02	1.201668e-05
1.639677720200402e-02	-3.011588e-05
1.640677720200402e-02	1.201666e-05
1.641677720200401e-02	-3.011586e-05
1.642677720200401e-02	1.201665e-05
1.643677720200401e-02	-3.011585e-05
1.644677720200402e-02	1.201663e-05
1.645677720200402e-02	-3.011583e-05
1.646677720200402e-02	1.201661e-05
1.647677720200402e-02	-3.011581e-05
1.648677720200402e-02	1.201659e-05
1.649677720200401e-02	-3.011580e-05
1.650677720200401e-02	1.201658e-05
1.651677720200401e-02	-3.011578e-05
1.652677720200402e-02	1.201656e-05
1.653677720200402e-02	-3.011576e-05
1.654677720200402e-02	1.201654e-05
1.655677720200402e-02	-3.011575e-05
1.656677720200402e-02	1.201653e-05
1.657677720200402e-02	-3.011573e-05
1.658677720200401e-02	1.201651e-05
1.659677720200401e-02	-3.011571e-05
1.660677720200401e-02	1.201649e-05
1.661677720200402e-02	-3.011570e-05
1.662677720200402e-02	1.201648e-05
1.663677720200402e-02	-3.011568e-05
1.664677720200402e-02	1.201646e-05
1.665677720200402e-02	-3.011566e-05
1.666677720200401e-02	1.201644e-05
1.667677720200401e-02	-3.011565e-05
1.668677720200401e-02	1.201643e-05
1.669677720200402e-02	-3.011563e-05
1.670677720200402e-02	1.201641e-05
1.671677720200402e-02	-3.011561e-05
1.672677720200402e-02	1.201639e-05
1.673677720200402e-02	-3.011560e-05
1.674677720200402e-02	1.201638e-05
1.675677720200401e-02	-3.011558e-05
1.676677720200401e-02	1.201636e-05
1.677677720200401e-02	-3.011556e-05
1.678677720200402e-02	1.201634e-05
1.679677720200402e-02	-3.011555e-05
1.680677720200402e-02	1.201633e-05
1.681677720200402e-02	-3.011553e-05
1.682677720200402e-02	1.201631e-05
1.683677720200401e-02	-3.011551e-05
1.684677720200401e-02	1.201629e-05
1.685677720200401e-02	-3.011550e-05
1.686677720200402e-02	1.201628e-05
1.687677720200402e-02	-3.011548e-05
1.688677720200402e-02	1.201626e-05
1.689677720200402e-02	-3.011546e-05
1.690677720200402e-02	1.201624e-05
1.691677720200402e-02	-3.011545e-05
1.692677720200401e-02	1.201623e-05
1.693677720200401e-02	-3.011543e-05
1.694677720200401e-02	1.201621e-05
1.695677720200402e-02	-3.011541e-05
1.696677720200402e-02	1.201619e-05
1.697677720200402e-02	-3.011540e-05
1.698677720200402e-02	1.201618e-05
1.699677720200402e-02	-3.011538e-05
1.700677720200401e-02	1.201616e-05
1.701677720200401e-02	-3.011537e-05
1.702677720200401e-02	1.201614e-05
1.703677720200402e-02	-3.011535e-05
1.704677720200402e-02	1.201613e-05
1.705677720200402e-02	-3.011533e-05
1.706677720200402e-02	1.201611e-05
1.707677720200402e-02	-3.011532e-05
1.708677720200402e-02	1.201609e-05
1.709677720200401e-02	-3.011530e-05
1.710677720200401e-02	1.201608e-05
1.711677720200401e-02	-3.011528e-05
1.712677720200402e-02	1.201606e-05
1.713677720200402e-02	-3.011527e-05
1.714677720200402e-02	1.201604e-05
1.715677720200402e-02	-3.011525e-05
1.716677720200402e-02	1.201603e-05
1.717677720200401e-02	-3.011523e-05
1.718677720200401e-02	1.201601e-05
1.719677720200401e-02	-3.011522e-05
1.720677720200402e-02	1.201600e-05
1.721677720200402e-02	-3.011520e-05
1.722677720200402e-02	1.201598e-05
1.723677720200402e-02	-3.011518e-05
1.724677720200402e-02	1.201596e-05
1.725677720200402e-02	-3.011517e-05
1.726677720200401e-02	1.201595e-05
1.727677720200401e-02	-3.011515e-05
1.728677720200401e-02	1.201593e-05
1.729677720200402e-02	-3.011514e-05
1.730677720200402e-02	1.201591e-05
1.731677720200402e-02	-3.011512e-05
1.732677720200402e-02	1.201590e-05
1.733677720200402e-02	-3.011510e-05
1.734677720200401e-02	1.201588e-05
1.735677720200401e-02	-3.011509e-05
1.736677720200401e-02	1.201586e-05
1.737677720200402e-02	-3.011507e-05
1.738677720200402e-02	1.201585e-05
1.739677720200402e-02	-3.011506e-05
1.740677720200402e-02	1.201583e-05
1.741677720200402e-02	-3.011504e-05
1.742677720200402e-02	1.201582e-05
1.743677720200401e-02	-3.011502e-05
1.744677720200401e-02	1.201580e-05
1.745677720200401e-02	-3.011501e-05
1.746677720200402e-02	1.201578e-05
1.747677720200402e-02	-3.011499e-05
1.748677720200402e-02	1.201577e-05
1.749677720200402e-02	-3.011497e-05
1.750677720200402e-02	1.201575e-05
1.751677720200401e-02	-3.011496e-05
1.752677720200401e-02	1.201573e-05
1.753677720200401e-02	-3.011494e-05
1.754677720200402e-02	1.201572e-05
1.755677720200402e-02	-3.011493e-05
1.756677720200402e-02	1.201570e-05
1.757677720200402e-02	-3.011491e-05
1.758677720200402e-02	1.201569e-05
1.759677720200402e-02	-3.011489e-05
1.760677720200401e-02	1.201567e-05
1.761677720200401e-02	-3.011488e-05
1.762677720200401e-02	1.201565e-05
1.763677720200402e-02	-3.011486e-05
1.764677720200402e-02	1.201564e-05
1.765677720200402e-02	-3.011484e-05
1.766677720200402e-02	1.201562e-05
1.767677720200402e-02	-3.011483e-05
1.768677720200401e-02	1.201561e-05
1.769677720200401e-02	-3.011481e-05
1.770677720200401e-02	1.201559e-05
1.771677720200401e-02	-3.011480e-05
1.772677720200402e-02	1.201557e-05
1.773677720200402e-02	-3.011478e-05
1.774677720200402e-02	1.201556e-05
1.775677720200402e-02	-3.011476e-05
1.776677720200402e-02	1.201554e-05
1.777677720200401e-02	-3.011475e-05
1.778677720200401e-02	1.201552e-05
1.779677720200401e-02	-3.011473e-05
1.780677720200402e-02	1.201551e-05
1.781677720200402e-02	-3.011472e-05
1.782677720200402e-02	1.201549e-05
1.783677720200402e-02	-3.011470e-05
1.784677720200402e-02	1.201548e-05
1.785677720200401e-02	-3.011468e-05
1.786677720200401e-02	1.201546e-05
1.787677720200401e-02	-3.011467e-05
1.788677720200401e-02	1.201544e-05
1.789677720200402e-02	-3.011465e-05
1.790677720200402e-02	1.201543e-05
1.791677720200402e-02	-3.011464e-05
1.792677720200402e-02	1.201541e-05
1.793677720200402e-02	-3.011462e-05
1.794677720200401e-02	1.201540e-05
1.795677720200401e-02	-3.011460e-05
1.796677720200401e-02	1.201538e-05
1.797677720200402e-02	-3.011459e-05
1.798677720200402e-02	1.201536e-05
1.799677720200402e-02	-3.011457e-05
1.800677720200402e-02	1.201535e-05
1.801677720200402e-02	-3.011456e-05
1.802677720200401e-02	1.201533e-05
1.803677720200401e-02	-3.011454e-05
1.804677720200401e-02	1.201532e-05
1.805677720200401e-02	-3.011452e-05
1.806677720200402e-02	1.201530e-05
1.807677720200402e-02	-3.011451e-05
1.808677720200402e-02	1.201528e-05
1.809677720200402e-02	-3.011449e-05
1.810677720200402e-02	1.201527e-05
1.811677720200401e-02	-3.011448e-05
1.812677720200401e-02	1.201525e-05
1.813677720200401e-02	-3.011446e-05
1.814677720200402e-02	1.201524e-05
1.815677720200402e-02	-3.011445e-05
1.816677720200402e-02	1.201522e-05
1.817677720200402e-02	-3.011443e-05
1.818677720200402e-02	1.201521e-05
1.819677720200401e-02	-3.011441e-05
1.820677720200401e-02	1.201519e-05
1.821677720200401e-02	-3.011440e-05
1.822677720200401e-02	1.201517e-05
1.823677720200402e-02	-3.011438e-05
1.824677720200402e-02	1.201516e-05
1.825677720200402e-02	-3.011437e-05
1.826677720200402e-02	1.201514e-05
1.827677720200402e-02	-3.011435e-05
1.828677720200401e-02	1.201513e-05
1.829677720200401e-02	-3.011434e-05
1.830677720200401e-02	1.201511e-05
1.831677720200402e-02	-3.011432e-05
1.832677720200402e-02	1.201509e-05
1.833677720200402e-02	-3.011430e-05
1.834677720200402e-02	1.201508e-05
1.835677720200402e-02	-3.011429e-05
1.836677720200402e-02	1.201506e-05
1.837677720200401e-02	-3.011427e-05
1.838677720200401e-02	1.201505e-05
1.839677720200401e-02	-3.011426e-05
1.840677720200402e-02	1.201503e-05
1.841677720200402e-02	-3.011424e-05
1.842677720200402e-02	1.201502e-05
1.843677720200402e-02	-3.011422e-05
1.844677720200402e-02	1.201500e-05
1.845677720200401e-02	-3.011421e-05
1.846677720200401e-02	1.201498e-05
1.847677720200401e-02	-3.011419e-05
1.848677720200402e-02	1.201497e-05
1.849677720200402e-02	-3.011418e-05
1.850677720200402e-02	1.201495e-05
1.851677720200402e-02	-3.011416e-05
1.852677720200402e-02	1.201494e-05
1.853677720200402e-02	-3.011414e-05
1.854677720200401e-02	1.201492e-05
1.855677720200401e-02	-3.011413e-05
1.856677720200401e-02	1.201490e-05
1.857677720200402e-02	-3.011411e-05
1.858677720200402e-02	1.201489e-05
1.859677720200402e-02	-3.011410e-05
1.860677720200402e-02	1.201487e-05
1.861677720200402e-02	-3.011408e-05
1.862677720200401e-02	1.201486e-05
1.863677720200401e-02	-3.011407e-05
1.864677720200401e-02	1.201484e-05
1.865677720200402e-02	-3.011405e-05
1.866677720200402e-02	1.201483e-05
1.867677720200402e-02	-3.011404e-05
1.868677720200402e-02	1.201481e-05
1.869677720200402e-02	-3.011402e-05
1.870677720200402e-02	1.201479e-05
1.871677720200401e-02	-3.011400e-05
1.872677720200401e-02	1.201478e-05
1.873677720200401e-02	-3.011399e-05
1.874677720200402e-02	1.201476e-05
1.875677720200402e-02	-3.011397e-05
1.876677720200402e-02	1.201475e-05
1.877677720200402e-02	-3.011396e-05
1.878677720200402e-02	1.201473e-05
1.879677720200401e-02	-3.011394e-05
1.880677720200401e-02	1.201472e-05
1.881677720200401e-02	-3.011392e-05
1.882677720200402e-02	1.201470e-05
1.883677720200402e-02	-3.011391e-05
1.884677720200402e-02	1.201468e-05
1.885677720200402e-02	-3.011389e-05
1.886677720200402e-02	1.201467e-05
1.887677720200402e-02	-3.011388e-05
1.888677720200401e-02	1.201465e-05
1.889677720200401e-02	-3.011386e-05
1.890677720200401e-02	1.201464e-05
1.891677720200402e-02	-3.011385e-05
1.892677720200402e-02	1.201462e-05
1.893677720200402e-02	-3.011383e-05
1.894677720200402e-02	1.201461e-05
1.895677720200402e-02	-3.011382e-05
1.896677720200401e-02	1.201459e-05
1.897677720200401e-02	-3.011380e-05
1.898677720200401e-02	1.201457e-05
1.899677720200401e-02	-3.011378e-05
1.900677720200402e-02	1.201456e-05
1.901677720200402e-02	-3.011377e-05
1.902677720200402e-02	1.201454e-05
1.903677720200402e-02	-3.011375e-05
1.904677720200402e-02	1.201453e-05
1.905677720200401e-02	-3.011374e-05
1.906677720200401e-02	1.201451e-05
1.907677720200401e-02	-3.011372e-05
1.908677720200402e-02	1.201450e-05
1.909677720200402e-02	-3.011371e-05
1.910677720200402e-02	1.201448e-05
1.911677720200402e-02	-3.011369e-05
1.912677720200402e-02	1.201447e-05
1.913677720200401e-02	-3.011368e-05
1.914677720200401e-02	1.201445e-05
1.915677720200401e-02	-3.011366e-05
1.916677720200401e-02	1.201443e-05
1.917677720200402e-02	-3.011364e-05
1.918677720200402e-02	1.201442e-05
1.919677720200402e-02	-3.011363e-05
1.920677720200402e-02	1.201440e-05
1.921677720200402e-02	-3.011361e-05
1.922677720200401e-02	1.201439e-05
1.923677720200401e-02	-3.011360e-05
1.924677720200401e-02	1.201437e-05
1.925677720200402e-02	-3.011358e-05
1.926677720200402e-02	1.201436e-05
1.927677720200402e-02	-3.011357e-05
1.928677720200402e-02	1.201434e-05
1.929677720200402e-02	-3.011355e-05
1.930677720200401e-02	1.201432e-05
1.931677720200401e-02	-3.011354e-05
1.932677720200401e-02	1.201431e-05
1.933677720200401e-02	-3.011352e-05
1.934677720200402e-02	1.201429e-05
1.935677720200402e-02	-3.011350e-05
1.936677720200402e-02	1.201428e-05
1.937677720200402e-02	-3.011349e-05
1.938677720200402e-02	1.201426e-05
1.939677720200401e-02	-3.011347e-05
1.940677720200401e-02	1.201425e-05
1.941677720200401e-02	-3.011346e-05
1.942677720200402e-02	1.201423e-05
1.943677720200402e-02	-3.011344e-05
1.944677720200402e-02	1.201422e-05
1.945677720200402e-02	-3.011343e-05
1.946677720200402e-02	1.201420e-05
1.947677720200401e-02	-3.011341e-05
1.948677720200401e-02	1.201418e-05
1.949677720200401e-02	-3.011340e-05
1.950677720200401e-02	1.201417e-05
1.951677720200402e-02	-3.011338e-05
1.952677720200402e-02	1.201415e-05
1.953677720200402e-02	-3.011336e-05
1.954677720200402e-02	1.201414e-05
1.955677720200402e-02	-3.011335e-05
1.956677720200401e-02	1.201412e-05
1.957677720200401e-02	-3.011333e-05
1.958677720200401e-02	1.201411e-05
1.959677720200402e-02	-3.011332e-05
1.960677720200402e-02	1.201409e-05
1.961677720200402e-02	-3.011330e-05
1.962677720200402e-02	1.201408e-05
1.963677720200402e-02	-3.011329e-05
1.964677720200401e-02	1.201406e-05
1.965677720200401e-02	-3.011327e-05
1.966677720200401e-02	1.201405e-05
1.967677720200401e-02	-3.011325e-05
1.968677720200402e-02	1.201403e-05
1.969677720200402e-02	-3.011324e-05
1.970677720200402e-02	1.201401e-05
1.971677720200402e-02	-3.011322e-05
1.972677720200402e-02	1.201400e-05
1.973677720200401e-02	-3.011321e-05
1.974677720200401e-02	1.201398e-05
1.975677720200401e-02	-3.011319e-05
1.976677720200402e-02	1.201397e-05
1.977677720200402e-02	-3.011318e-05
1.978677720200402e-02	1.201395e-05
1.979677720200402e-02	-3.011316e-05
1.980677720200402e-02	1.201394e-05
1.981677720200401e-02	-3.011315e-05
1.982677720200401e-02	1.201392e-05
1.983677720200401e-02	-3.011313e-05
1.984677720200401e-02	1.201391e-05
1.985677720200402e-02	-3.011312e-05
1.986677720200402e-02	1.201389e-05
1.987677720200402e-02	-3.011310e-05
1.988677720200402e-02	1.201388e-05
1.989677720200402e-02	-3.011309e-05
1.990677720200401e-02	1.201386e-05
1.991677720200401e-02	-3.011307e-05
1.992677720200401e-02	1.201384e-05
1.993677720200402e-02	-3.011305e-05
1.994677720200402e-02	1.201383e-05
1.995677720200402e-02	-3.011304e-05
1.996677720200402e-02	1.201381e-05
1.997677720200402e-02	-3.011302e-05
1.998677720200401e-02	1.201380e-05
1.999677720200401e-02	-3.011301e-05
2.000000000000000e-02	-nan
