time	Ix(M3:D)
0.000000000000000e+00	-1.047624e-06
9.999999439624929e-11	-1.047170e-06
1.999999887924986e-10	-1.046704e-06
3.999999775849972e-10	-1.045725e-06
7.999999551699943e-10	-1.043619e-06
1.599999910339989e-09	-1.039062e-06
3.199999820679977e-09	-1.029400e-06
6.399999641359955e-09	-1.009618e-06
1.279999928271991e-08	-9.707105e-07
2.559999856543982e-08	-8.975169e-07
5.119999713087964e-08	-7.670674e-07
9.246836233724925e-08	-7.369175e-07
1.509464896159009e-07	-1.244421e-06
2.056477513197836e-07	-2.127731e-06
2.711089164856950e-07	-3.208738e-06
3.307160233224870e-07	-3.871158e-06
4.499302369960711e-07	-4.559334e-06
4.726459094992694e-07	-4.616390e-06
5.180772545056659e-07	-4.652130e-06
6.089399445184590e-07	-4.714922e-06
7.906653245440450e-07	-4.831499e-06
1.154116084595217e-06	-5.010123e-06
1.732298781783925e-06	-5.157261e-06
2.455606653067474e-06	-5.186572e-06
3.488132917689737e-06	-5.116603e-06
5.266638673671726e-06	-4.982315e-06
8.823650185635705e-06	-5.582398e-06
1.593767320956366e-05	-1.017664e-05
2.593767320956366e-05	-2.044594e-05
3.593767320956366e-05	-2.928414e-05
4.593767320956366e-05	-3.237896e-05
5.593767320956366e-05	-3.168562e-05
6.593767320956366e-05	-3.011964e-05
7.593767320956366e-05	-2.856433e-05
8.593767320956366e-05	-2.710571e-05
9.593767320956366e-05	-2.571682e-05
1.000000009999994e-04	-2.430442e-05
1.000000019999994e-04	-2.430535e-05
1.000000179999994e-04	-2.432825e-05
1.000000499999994e-04	-2.434719e-05
1.000001139999994e-04	-2.435616e-05
1.000002419999994e-04	-2.436851e-05
1.000004979999994e-04	-2.439237e-05
1.000010099999994e-04	-2.443400e-05
1.000020339999994e-04	-2.450366e-05
1.000040819999994e-04	-2.461339e-05
1.000081779999994e-04	-2.477003e-05
1.000163699999994e-04	-2.495105e-05
1.000327539999994e-04	-2.509401e-05
1.000655219999995e-04	-2.515182e-05
1.001310579999995e-04	-2.515015e-05
1.002621299999997e-04	-2.513229e-05
1.005242740000000e-04	-2.509879e-05
1.010485620000006e-04	-2.503127e-05
1.020971380000018e-04	-2.489723e-05
1.041942900000042e-04	-2.463234e-05
1.083885940000089e-04	-2.411599e-05
1.167772020000184e-04	-2.312434e-05
1.267772020000184e-04	-2.378466e-05
1.367772020000184e-04	-2.555680e-05
1.467772020000184e-04	-2.335570e-05
1.523282179888033e-04	-2.126180e-05
1.567376422218519e-04	-2.049561e-05
1.596313782809858e-04	-2.011807e-05
1.627936092688007e-04	-1.979711e-05
1.665372443468691e-04	-1.949476e-05
1.719986193767235e-04	-1.910464e-05
1.819986193767235e-04	-1.848245e-05
1.919986193767235e-04	-1.790839e-05
2.019986193767235e-04	-1.738113e-05
2.119986193767235e-04	-1.689538e-05
2.219986193767235e-04	-1.644880e-05
2.319986193767235e-04	-1.603847e-05
2.419986193767235e-04	-1.566218e-05
2.519986193767235e-04	-1.578579e-05
2.619986193767235e-04	-1.841132e-05
2.719986193767235e-04	-1.834475e-05
2.819986193767235e-04	-1.479482e-05
2.919986193767235e-04	-1.147003e-05
2.975201184064908e-04	-1.009618e-05
3.028670489355589e-04	-1.003536e-05
3.086543750549845e-04	-1.000974e-05
3.186543750549845e-04	-9.626217e-06
3.286543750549845e-04	-9.275629e-06
3.386543750549845e-04	-9.107067e-06
3.486543750549845e-04	-9.088760e-06
3.586543750549845e-04	-9.078711e-06
3.686543750549845e-04	-9.073442e-06
3.786543750549845e-04	-9.066941e-06
3.886543750549845e-04	-9.063424e-06
3.986543750549845e-04	-9.058177e-06
4.086543750549845e-04	-9.055389e-06
4.186543750549845e-04	-9.050786e-06
4.286543750549845e-04	-9.048437e-06
4.386543750549845e-04	-9.044286e-06
4.486543750549845e-04	-9.042251e-06
4.586543750549845e-04	-9.038449e-06
4.686543750549845e-04	-9.036655e-06
4.786543750549845e-04	-9.164348e-06
4.886543750549845e-04	-1.090156e-05
4.986543750549845e-04	-1.275507e-05
5.086543750549845e-04	-1.301128e-05
5.186543750549845e-04	-1.294089e-05
5.286543750549845e-04	-1.280558e-05
5.386543750549845e-04	-1.264690e-05
5.486543750549844e-04	-1.248357e-05
5.586543750549845e-04	-1.231935e-05
5.686543750549845e-04	-1.215940e-05
5.786543750549845e-04	-1.200379e-05
5.886543750549844e-04	-1.185459e-05
5.986543750549845e-04	-1.171088e-05
6.086543750549845e-04	-1.157394e-05
6.186543750549845e-04	-1.144259e-05
6.286543750549844e-04	-1.131779e-05
6.386543750549845e-04	-1.119833e-05
6.486543750549845e-04	-1.108501e-05
6.586543750549845e-04	-1.097663e-05
6.686543750549844e-04	-1.087393e-05
6.786543750549845e-04	-1.077575e-05
6.886543750549845e-04	-1.068279e-05
6.986543750549845e-04	-1.059391e-05
7.086543750549844e-04	-1.050981e-05
7.186543750549845e-04	-1.042939e-05
7.286543750549845e-04	-1.035334e-05
7.386543750549845e-04	-1.028060e-05
7.486543750549844e-04	-1.021183e-05
7.586543750549845e-04	-1.014604e-05
7.686543750549845e-04	-1.008387e-05
7.786543750549845e-04	-1.002436e-05
7.886543750549844e-04	-9.968167e-06
7.986543750549845e-04	-9.914341e-06
8.086543750549845e-04	-9.863541e-06
8.186543750549845e-04	-9.814851e-06
8.286543750549844e-04	-9.768928e-06
8.386543750549844e-04	-9.724881e-06
8.486543750549845e-04	-9.683365e-06
8.586543750549845e-04	-9.643513e-06
8.686543750549844e-04	-9.605979e-06
8.786543750549844e-04	-9.569920e-06
8.886543750549845e-04	-9.535985e-06
8.986543750549845e-04	-9.503353e-06
9.086543750549844e-04	-9.472669e-06
9.186543750549844e-04	-9.443134e-06
9.286543750549845e-04	-9.415390e-06
9.386543750549845e-04	-9.388655e-06
9.486543750549844e-04	-9.363568e-06
9.586543750549844e-04	-9.339365e-06
9.686543750549845e-04	-9.316679e-06
9.786543750549845e-04	-9.294765e-06
9.886543750549845e-04	-9.274250e-06
9.986543750549845e-04	-9.407203e-06
1.000000000000000e-03	-2.294050e-06
1.000000001000000e-03	-2.293988e-06
1.000000017000000e-03	-2.295215e-06
1.000000049000000e-03	-2.307066e-06
1.000000113000000e-03	-2.339932e-06
1.000000241000000e-03	-2.409313e-06
1.000000497000000e-03	-2.538878e-06
1.000001009000000e-03	-2.770478e-06
1.000002033000000e-03	-3.175610e-06
1.000004081000000e-03	-3.861733e-06
1.000008177000000e-03	-4.945013e-06
1.000016369000001e-03	-6.418263e-06
1.000032753000001e-03	-7.940756e-06
1.000065521000002e-03	-8.942700e-06
1.000131057000004e-03	-9.247678e-06
1.000262129000007e-03	-9.251841e-06
1.000524273000015e-03	-9.250476e-06
1.001048561000029e-03	-9.249770e-06
1.002097137000058e-03	-9.247675e-06
1.004194289000116e-03	-9.243812e-06
1.008388593000232e-03	-9.236104e-06
1.016777201000463e-03	-9.221210e-06
1.026777201000463e-03	-9.204145e-06
1.036777201000463e-03	-9.187877e-06
1.046777201000463e-03	-9.172400e-06
1.056777201000463e-03	-9.157677e-06
1.066777201000463e-03	-9.143669e-06
1.076777201000463e-03	-9.130341e-06
1.086777201000463e-03	-9.117661e-06
1.096777201000463e-03	-9.105597e-06
1.106777201000463e-03	-9.094118e-06
1.116777201000463e-03	-9.083197e-06
1.126777201000463e-03	-9.072806e-06
1.136777201000463e-03	-9.062920e-06
1.146777201000463e-03	-9.053512e-06
1.156777201000463e-03	-9.044562e-06
1.166777201000463e-03	-9.036045e-06
1.176777201000463e-03	-9.027943e-06
1.186777201000463e-03	-9.020232e-06
1.196777201000463e-03	-9.012894e-06
1.206777201000463e-03	-9.005913e-06
1.216777201000463e-03	-8.999270e-06
1.226777201000463e-03	-8.992949e-06
1.236777201000463e-03	-8.986935e-06
1.246777201000463e-03	-8.981211e-06
1.256777201000463e-03	-8.975765e-06
1.266777201000463e-03	-8.970582e-06
1.276777201000463e-03	-8.965651e-06
1.286777201000463e-03	-8.960958e-06
1.296777201000463e-03	-8.956491e-06
1.306777201000463e-03	-8.952242e-06
1.316777201000463e-03	-8.948198e-06
1.326777201000463e-03	-8.944350e-06
1.336777201000463e-03	-8.940689e-06
1.346777201000463e-03	-8.937203e-06
1.356777201000463e-03	-8.933887e-06
1.366777201000463e-03	-8.930732e-06
1.376777201000463e-03	-8.927729e-06
1.386777201000463e-03	-8.924872e-06
1.396777201000463e-03	-8.922152e-06
1.406777201000463e-03	-8.919565e-06
1.416777201000463e-03	-8.917102e-06
1.426777201000463e-03	-8.914758e-06
1.436777201000463e-03	-8.912528e-06
1.446777201000463e-03	-8.910405e-06
1.456777201000463e-03	-8.908385e-06
1.466777201000463e-03	-8.906463e-06
1.476777201000463e-03	-8.904634e-06
1.486777201000463e-03	-8.902894e-06
1.496777201000463e-03	-8.901236e-06
1.506777201000463e-03	-8.899660e-06
1.516777201000463e-03	-8.898160e-06
1.526777201000463e-03	-8.896732e-06
1.536777201000463e-03	-8.895373e-06
1.546777201000463e-03	-8.894080e-06
1.556777201000463e-03	-8.892849e-06
1.566777201000463e-03	-8.891679e-06
1.576777201000463e-03	-8.890564e-06
1.586777201000463e-03	-8.889503e-06
1.596777201000463e-03	-8.888494e-06
1.606777201000463e-03	-8.887533e-06
1.616777201000463e-03	-8.886620e-06
1.626777201000463e-03	-8.885750e-06
1.636777201000463e-03	-8.884921e-06
1.646777201000463e-03	-8.884133e-06
1.656777201000463e-03	-8.883384e-06
1.666777201000463e-03	-8.882670e-06
1.676777201000463e-03	-8.881991e-06
1.686777201000463e-03	-8.881345e-06
1.696777201000463e-03	-8.880730e-06
1.706777201000463e-03	-8.880144e-06
1.716777201000463e-03	-8.879588e-06
1.726777201000463e-03	-8.879058e-06
1.736777201000463e-03	-8.878553e-06
1.746777201000463e-03	-8.878073e-06
1.756777201000463e-03	-8.877616e-06
1.766777201000463e-03	-8.877180e-06
1.776777201000463e-03	-8.876767e-06
1.786777201000463e-03	-8.876374e-06
1.796777201000463e-03	-8.875999e-06
1.806777201000463e-03	-8.875641e-06
1.816777201000463e-03	-8.875302e-06
1.826777201000463e-03	-8.874978e-06
1.836777201000463e-03	-8.874671e-06
1.846777201000463e-03	-8.874378e-06
1.856777201000463e-03	-8.874100e-06
1.866777201000463e-03	-8.873835e-06
1.876777201000463e-03	-8.873583e-06
1.886777201000463e-03	-8.873343e-06
1.896777201000463e-03	-8.873115e-06
1.906777201000463e-03	-8.872898e-06
1.916777201000463e-03	-8.872690e-06
1.926777201000463e-03	-8.872494e-06
1.936777201000463e-03	-8.872306e-06
1.946777201000463e-03	-8.872128e-06
1.956777201000463e-03	-8.871958e-06
1.966777201000463e-03	-8.871797e-06
1.976777201000463e-03	-8.871643e-06
1.986777201000463e-03	-8.871497e-06
1.996777201000463e-03	-8.871358e-06
2.006777201000463e-03	-8.871225e-06
2.016777201000463e-03	-8.871099e-06
2.026777201000463e-03	-8.870978e-06
2.036777201000463e-03	-8.870865e-06
2.046777201000463e-03	-8.870756e-06
2.056777201000463e-03	-8.870652e-06
2.066777201000463e-03	-8.870554e-06
2.076777201000463e-03	-8.870460e-06
2.086777201000463e-03	-8.870371e-06
2.096777201000463e-03	-8.870286e-06
2.106777201000463e-03	-8.870205e-06
2.116777201000463e-03	-8.870129e-06
2.126777201000463e-03	-8.870056e-06
2.136777201000463e-03	-8.869986e-06
2.146777201000463e-03	-8.869920e-06
2.156777201000463e-03	-8.869857e-06
2.166777201000463e-03	-8.869797e-06
2.176777201000463e-03	-8.869740e-06
2.186777201000463e-03	-8.869685e-06
2.196777201000463e-03	-8.869634e-06
2.206777201000463e-03	-8.869585e-06
2.216777201000463e-03	-8.869538e-06
2.226777201000463e-03	-8.869493e-06
2.236777201000463e-03	-8.869451e-06
2.246777201000463e-03	-8.869411e-06
2.256777201000463e-03	-8.869372e-06
2.266777201000463e-03	-8.869336e-06
2.276777201000463e-03	-8.869300e-06
2.286777201000463e-03	-8.869267e-06
2.296777201000463e-03	-8.869236e-06
2.306777201000463e-03	-8.869206e-06
2.316777201000463e-03	-8.869178e-06
2.326777201000463e-03	-8.869150e-06
2.336777201000463e-03	-8.869125e-06
2.346777201000463e-03	-8.869099e-06
2.356777201000463e-03	-8.869077e-06
2.366777201000463e-03	-8.869054e-06
2.376777201000463e-03	-8.869032e-06
2.386777201000463e-03	-8.869012e-06
2.396777201000463e-03	-8.868993e-06
2.406777201000463e-03	-8.868975e-06
2.416777201000463e-03	-8.868958e-06
2.426777201000463e-03	-8.868941e-06
2.436777201000463e-03	-8.868925e-06
2.446777201000463e-03	-8.868910e-06
2.456777201000463e-03	-8.868896e-06
2.466777201000463e-03	-8.868883e-06
2.476777201000463e-03	-8.868869e-06
2.486777201000463e-03	-8.868858e-06
2.496777201000463e-03	-8.868846e-06
2.506777201000463e-03	-8.868835e-06
2.516777201000463e-03	-8.868824e-06
2.526777201000463e-03	-8.868814e-06
2.536777201000463e-03	-8.868805e-06
2.546777201000463e-03	-8.868795e-06
2.556777201000463e-03	-8.868787e-06
2.566777201000463e-03	-8.868778e-06
2.576777201000463e-03	-8.868770e-06
2.586777201000463e-03	-8.868763e-06
2.596777201000463e-03	-8.868756e-06
2.606777201000463e-03	-8.868748e-06
2.616777201000463e-03	-8.868743e-06
2.626777201000463e-03	-8.868737e-06
2.636777201000463e-03	-8.868730e-06
2.646777201000463e-03	-8.868725e-06
2.656777201000463e-03	-8.868719e-06
2.666777201000463e-03	-8.868715e-06
2.676777201000463e-03	-8.868709e-06
2.686777201000463e-03	-8.868705e-06
2.696777201000463e-03	-8.868700e-06
2.706777201000463e-03	-8.868697e-06
2.716777201000463e-03	-8.868692e-06
2.726777201000463e-03	-8.868688e-06
2.736777201000463e-03	-8.868686e-06
2.746777201000463e-03	-8.868682e-06
2.756777201000463e-03	-8.868678e-06
2.766777201000463e-03	-8.868676e-06
2.776777201000463e-03	-8.868673e-06
2.786777201000463e-03	-8.868670e-06
2.796777201000463e-03	-8.868667e-06
2.806777201000463e-03	-8.868665e-06
2.816777201000463e-03	-8.868662e-06
2.826777201000463e-03	-8.868659e-06
2.836777201000463e-03	-8.868657e-06
2.846777201000463e-03	-8.868656e-06
2.856777201000463e-03	-8.868654e-06
2.866777201000463e-03	-8.868652e-06
2.876777201000463e-03	-8.868650e-06
2.886777201000463e-03	-8.868648e-06
2.896777201000463e-03	-8.868647e-06
2.906777201000463e-03	-8.868646e-06
2.916777201000463e-03	-8.868644e-06
2.926777201000463e-03	-8.868642e-06
2.936777201000463e-03	-8.868641e-06
2.946777201000463e-03	-8.868639e-06
2.956777201000463e-03	-8.868638e-06
2.966777201000463e-03	-8.868637e-06
2.976777201000463e-03	-8.868637e-06
2.986777201000463e-03	-8.868636e-06
2.996777201000463e-03	-8.868635e-06
3.006777201000463e-03	-8.868634e-06
3.016777201000463e-03	-8.868632e-06
3.026777201000463e-03	-8.868632e-06
3.036777201000463e-03	-8.868631e-06
3.046777201000463e-03	-8.868630e-06
3.056777201000463e-03	-8.868629e-06
3.066777201000463e-03	-8.868628e-06
3.076777201000463e-03	-8.868627e-06
3.086777201000463e-03	-8.868627e-06
3.096777201000463e-03	-8.868627e-06
3.106777201000463e-03	-8.868627e-06
3.116777201000463e-03	-8.868626e-06
3.126777201000463e-03	-8.868625e-06
3.136777201000463e-03	-8.868625e-06
3.146777201000463e-03	-8.868624e-06
3.156777201000463e-03	-8.868624e-06
3.166777201000463e-03	-8.868623e-06
3.176777201000463e-03	-8.868623e-06
3.186777201000463e-03	-8.868623e-06
3.196777201000463e-03	-8.868622e-06
3.206777201000463e-03	-8.868622e-06
3.216777201000463e-03	-8.868622e-06
3.226777201000463e-03	-8.868621e-06
3.236777201000463e-03	-8.868621e-06
3.246777201000463e-03	-8.868621e-06
3.256777201000463e-03	-8.868620e-06
3.266777201000463e-03	-8.868620e-06
3.276777201000463e-03	-8.868619e-06
3.286777201000463e-03	-8.868619e-06
3.296777201000463e-03	-8.868619e-06
3.306777201000463e-03	-8.868619e-06
3.316777201000463e-03	-8.868619e-06
3.326777201000463e-03	-8.868619e-06
3.336777201000463e-03	-8.868618e-06
3.346777201000463e-03	-8.868618e-06
3.356777201000463e-03	-8.868618e-06
3.366777201000463e-03	-8.868618e-06
3.376777201000463e-03	-8.868618e-06
3.386777201000463e-03	-8.868617e-06
3.396777201000463e-03	-8.868617e-06
3.406777201000463e-03	-8.868617e-06
3.416777201000463e-03	-8.868617e-06
3.426777201000463e-03	-8.868617e-06
3.436777201000463e-03	-8.868617e-06
3.446777201000463e-03	-8.868617e-06
3.456777201000463e-03	-8.868617e-06
3.466777201000463e-03	-8.868617e-06
3.476777201000463e-03	-8.868617e-06
3.486777201000463e-03	-8.868617e-06
3.496777201000463e-03	-8.868617e-06
3.506777201000463e-03	-8.868617e-06
3.516777201000463e-03	-8.868617e-06
3.526777201000463e-03	-8.868617e-06
3.536777201000463e-03	-8.868617e-06
3.546777201000463e-03	-8.868617e-06
3.556777201000463e-03	-8.868617e-06
3.566777201000463e-03	-8.868617e-06
3.576777201000463e-03	-8.868616e-06
3.586777201000463e-03	-8.868616e-06
3.596777201000463e-03	-8.868617e-06
3.606777201000463e-03	-8.868617e-06
3.616777201000463e-03	-8.868616e-06
3.626777201000463e-03	-8.868616e-06
3.636777201000463e-03	-8.868616e-06
3.646777201000463e-03	-8.868616e-06
3.656777201000463e-03	-8.868616e-06
3.666777201000463e-03	-8.868616e-06
3.676777201000463e-03	-8.868616e-06
3.686777201000463e-03	-8.868616e-06
3.696777201000463e-03	-8.868616e-06
3.706777201000463e-03	-8.868616e-06
3.716777201000463e-03	-8.868616e-06
3.726777201000463e-03	-8.868616e-06
3.736777201000463e-03	-8.868616e-06
3.746777201000463e-03	-8.868616e-06
3.756777201000463e-03	-8.868616e-06
3.766777201000463e-03	-8.868616e-06
3.776777201000463e-03	-8.868616e-06
3.786777201000463e-03	-8.868616e-06
3.796777201000463e-03	-8.868616e-06
3.806777201000463e-03	-8.868616e-06
3.816777201000463e-03	-8.868616e-06
3.826777201000463e-03	-8.868616e-06
3.836777201000463e-03	-8.868616e-06
3.846777201000463e-03	-8.868616e-06
3.856777201000463e-03	-8.868616e-06
3.866777201000463e-03	-8.868616e-06
3.876777201000463e-03	-8.868616e-06
3.886777201000463e-03	-8.868616e-06
3.896777201000463e-03	-8.868616e-06
3.906777201000463e-03	-8.868616e-06
3.916777201000463e-03	-8.868616e-06
3.926777201000463e-03	-8.868616e-06
3.936777201000463e-03	-8.868616e-06
3.946777201000463e-03	-8.868616e-06
3.956777201000463e-03	-8.868616e-06
3.966777201000463e-03	-8.868616e-06
3.976777201000463e-03	-8.868616e-06
3.986777201000463e-03	-8.868616e-06
3.996777201000463e-03	-8.868616e-06
4.006777201000463e-03	-8.868616e-06
4.016777201000463e-03	-8.868616e-06
4.026777201000463e-03	-8.868616e-06
4.036777201000463e-03	-8.868615e-06
4.046777201000462e-03	-8.868615e-06
4.056777201000463e-03	-8.868615e-06
4.066777201000463e-03	-8.868615e-06
4.076777201000463e-03	-8.868616e-06
4.086777201000463e-03	-8.868616e-06
4.096777201000463e-03	-8.868616e-06
4.106777201000463e-03	-8.868615e-06
4.116777201000463e-03	-8.868615e-06
4.126777201000463e-03	-8.868615e-06
4.136777201000463e-03	-8.868615e-06
4.146777201000463e-03	-8.868616e-06
4.156777201000463e-03	-8.868616e-06
4.166777201000463e-03	-8.868616e-06
4.176777201000463e-03	-8.868616e-06
4.186777201000463e-03	-8.868616e-06
4.196777201000462e-03	-8.868616e-06
4.206777201000463e-03	-8.868615e-06
4.216777201000462e-03	-8.868615e-06
4.226777201000463e-03	-8.868616e-06
4.236777201000463e-03	-8.868616e-06
4.246777201000463e-03	-8.868616e-06
4.256777201000463e-03	-8.868616e-06
4.266777201000463e-03	-8.868615e-06
4.276777201000463e-03	-8.868615e-06
4.286777201000463e-03	-8.868616e-06
4.296777201000463e-03	-8.868616e-06
4.306777201000463e-03	-8.868615e-06
4.316777201000463e-03	-8.868615e-06
4.326777201000463e-03	-8.868616e-06
4.336777201000463e-03	-8.868616e-06
4.346777201000463e-03	-8.868615e-06
4.356777201000463e-03	-8.868615e-06
4.366777201000462e-03	-8.868615e-06
4.376777201000463e-03	-8.868615e-06
4.386777201000462e-03	-8.868616e-06
4.396777201000463e-03	-8.868616e-06
4.406777201000463e-03	-8.868615e-06
4.416777201000463e-03	-8.868615e-06
4.426777201000463e-03	-8.868615e-06
4.436777201000463e-03	-8.868615e-06
4.446777201000463e-03	-8.868615e-06
4.456777201000463e-03	-8.868615e-06
4.466777201000463e-03	-8.868615e-06
4.476777201000463e-03	-8.868615e-06
4.486777201000463e-03	-8.868616e-06
4.496777201000463e-03	-8.868616e-06
4.506777201000463e-03	-8.868616e-06
4.516777201000462e-03	-8.868616e-06
4.526777201000463e-03	-8.868616e-06
4.536777201000462e-03	-8.868616e-06
4.546777201000463e-03	-8.868616e-06
4.556777201000463e-03	-8.868616e-06
4.566777201000463e-03	-8.868616e-06
4.576777201000463e-03	-8.868616e-06
4.586777201000463e-03	-8.868616e-06
4.596777201000463e-03	-8.868615e-06
4.606777201000463e-03	-8.868615e-06
4.616777201000463e-03	-8.868615e-06
4.626777201000463e-03	-8.868615e-06
4.636777201000463e-03	-8.868615e-06
4.646777201000463e-03	-8.868615e-06
4.656777201000463e-03	-8.868615e-06
4.666777201000463e-03	-8.868615e-06
4.676777201000463e-03	-8.868616e-06
4.686777201000462e-03	-8.868616e-06
4.696777201000463e-03	-8.868616e-06
4.706777201000462e-03	-8.868616e-06
4.716777201000463e-03	-8.868615e-06
4.726777201000463e-03	-8.868615e-06
4.736777201000463e-03	-8.868615e-06
4.746777201000463e-03	-8.868615e-06
4.756777201000463e-03	-8.868616e-06
4.766777201000463e-03	-8.868616e-06
4.776777201000463e-03	-8.868615e-06
4.786777201000463e-03	-8.868615e-06
4.796777201000463e-03	-8.868616e-06
4.806777201000463e-03	-8.868616e-06
4.816777201000463e-03	-8.868615e-06
4.826777201000463e-03	-8.868615e-06
4.836777201000462e-03	-8.868616e-06
4.846777201000463e-03	-8.868616e-06
4.856777201000462e-03	-8.868615e-06
4.866777201000463e-03	-8.868615e-06
4.876777201000462e-03	-8.868616e-06
4.886777201000463e-03	-8.868616e-06
4.896777201000463e-03	-8.868615e-06
4.906777201000463e-03	-8.868615e-06
4.916777201000463e-03	-8.868616e-06
4.926777201000463e-03	-8.868616e-06
4.936777201000463e-03	-8.868616e-06
4.946777201000463e-03	-8.868616e-06
4.956777201000463e-03	-8.868615e-06
4.966777201000463e-03	-8.868615e-06
4.976777201000463e-03	-8.868616e-06
4.986777201000463e-03	-8.868616e-06
4.996777201000463e-03	-8.868616e-06
5.006777201000462e-03	-8.868616e-06
5.016777201000463e-03	-8.868615e-06
5.026777201000462e-03	-8.868615e-06
5.036777201000463e-03	-8.868615e-06
5.046777201000462e-03	-8.868615e-06
5.056777201000463e-03	-8.868616e-06
5.066777201000463e-03	-8.868616e-06
5.076777201000463e-03	-8.868616e-06
5.086777201000463e-03	-8.868616e-06
5.096777201000463e-03	-8.868616e-06
5.106777201000463e-03	-8.868616e-06
5.116777201000463e-03	-8.868616e-06
5.126777201000463e-03	-8.868616e-06
5.136777201000463e-03	-8.868616e-06
5.146777201000463e-03	-8.868616e-06
5.156777201000462e-03	-8.868616e-06
5.166777201000463e-03	-8.868616e-06
5.176777201000462e-03	-8.868616e-06
5.186777201000463e-03	-8.868616e-06
5.196777201000462e-03	-8.868615e-06
5.206777201000463e-03	-8.868615e-06
5.216777201000463e-03	-8.868615e-06
5.226777201000463e-03	-8.868616e-06
5.236777201000463e-03	-8.868616e-06
5.246777201000463e-03	-8.868616e-06
5.256777201000463e-03	-8.868616e-06
5.266777201000463e-03	-8.868616e-06
5.276777201000463e-03	-8.868616e-06
5.286777201000463e-03	-8.868616e-06
5.296777201000463e-03	-8.868616e-06
5.306777201000463e-03	-8.868616e-06
5.316777201000463e-03	-8.868616e-06
5.326777201000462e-03	-8.868616e-06
5.336777201000463e-03	-8.868616e-06
5.346777201000462e-03	-8.868616e-06
5.356777201000463e-03	-8.868616e-06
5.366777201000462e-03	-8.868615e-06
5.376777201000463e-03	-8.868615e-06
5.386777201000463e-03	-8.868615e-06
5.396777201000463e-03	-8.868615e-06
5.406777201000463e-03	-8.868616e-06
5.416777201000463e-03	-8.868616e-06
5.426777201000463e-03	-8.868616e-06
5.436777201000463e-03	-8.868616e-06
5.446777201000463e-03	-8.868615e-06
5.456777201000463e-03	-8.868615e-06
5.466777201000463e-03	-8.868615e-06
5.476777201000462e-03	-8.868615e-06
5.486777201000463e-03	-8.868616e-06
5.496777201000462e-03	-8.868616e-06
5.506777201000463e-03	-8.868616e-06
5.516777201000462e-03	-8.868616e-06
5.526777201000463e-03	-8.868615e-06
5.536777201000462e-03	-8.868615e-06
5.546777201000463e-03	-8.868616e-06
5.556777201000463e-03	-8.868616e-06
5.566777201000463e-03	-8.868615e-06
5.576777201000463e-03	-8.868615e-06
5.586777201000463e-03	-8.868615e-06
5.596777201000463e-03	-8.868615e-06
5.606777201000463e-03	-8.868616e-06
5.616777201000463e-03	-8.868616e-06
5.626777201000463e-03	-8.868615e-06
5.636777201000463e-03	-8.868615e-06
5.646777201000462e-03	-8.868616e-06
5.656777201000463e-03	-8.868616e-06
5.666777201000462e-03	-8.868615e-06
5.676777201000463e-03	-8.868615e-06
5.686777201000462e-03	-8.868616e-06
5.696777201000463e-03	-8.868616e-06
5.706777201000462e-03	-8.868615e-06
5.716777201000463e-03	-8.868615e-06
5.726777201000463e-03	-8.868616e-06
5.736777201000463e-03	-8.868616e-06
5.746777201000463e-03	-8.868615e-06
5.756777201000463e-03	-8.868615e-06
5.766777201000463e-03	-8.868616e-06
5.776777201000463e-03	-8.868616e-06
5.786777201000463e-03	-8.868615e-06
5.796777201000462e-03	-8.868615e-06
5.806777201000463e-03	-8.868615e-06
5.816777201000462e-03	-8.868615e-06
5.826777201000463e-03	-8.868616e-06
5.836777201000462e-03	-8.868616e-06
5.846777201000463e-03	-8.868615e-06
5.856777201000462e-03	-8.868615e-06
5.866777201000463e-03	-8.868616e-06
5.876777201000462e-03	-8.868616e-06
5.886777201000463e-03	-8.868615e-06
5.896777201000463e-03	-8.868615e-06
5.906777201000463e-03	-8.868615e-06
5.916777201000463e-03	-8.868615e-06
5.926777201000463e-03	-8.868616e-06
5.936777201000463e-03	-8.868616e-06
5.946777201000463e-03	-8.868615e-06
5.956777201000463e-03	-8.868615e-06
5.966777201000462e-03	-8.868615e-06
5.976777201000463e-03	-8.868615e-06
5.986777201000462e-03	-8.868615e-06
5.996777201000463e-03	-8.868615e-06
6.006777201000462e-03	-8.868616e-06
6.016777201000463e-03	-8.868616e-06
6.026777201000462e-03	-8.868615e-06
6.036777201000463e-03	-8.868615e-06
6.046777201000463e-03	-8.868615e-06
6.056777201000463e-03	-8.868615e-06
6.066777201000463e-03	-8.868615e-06
6.076777201000463e-03	-8.868615e-06
6.086777201000463e-03	-8.868616e-06
6.096777201000463e-03	-8.868616e-06
6.106777201000463e-03	-8.868616e-06
6.116777201000462e-03	-8.868616e-06
6.126777201000463e-03	-8.868615e-06
6.136777201000462e-03	-8.868615e-06
6.146777201000463e-03	-8.868615e-06
6.156777201000462e-03	-8.868615e-06
6.166777201000463e-03	-8.868615e-06
6.176777201000462e-03	-8.868615e-06
6.186777201000463e-03	-8.868615e-06
6.196777201000462e-03	-8.868615e-06
6.206777201000463e-03	-8.868616e-06
6.216777201000463e-03	-8.868616e-06
6.226777201000463e-03	-8.868616e-06
6.236777201000463e-03	-8.868616e-06
6.246777201000463e-03	-8.868615e-06
6.256777201000463e-03	-8.868615e-06
6.266777201000463e-03	-8.868615e-06
6.276777201000463e-03	-8.868615e-06
6.286777201000462e-03	-8.868615e-06
6.296777201000463e-03	-8.868615e-06
6.306777201000462e-03	-8.868615e-06
6.316777201000463e-03	-8.868615e-06
6.326777201000462e-03	-8.868615e-06
6.336777201000463e-03	-8.868615e-06
6.346777201000462e-03	-8.868615e-06
6.356777201000463e-03	-8.868615e-06
6.366777201000462e-03	-8.868615e-06
6.376777201000463e-03	-8.868615e-06
6.386777201000463e-03	-8.868615e-06
6.396777201000463e-03	-8.868615e-06
6.406777201000463e-03	-8.868615e-06
6.416777201000463e-03	-8.868615e-06
6.426777201000463e-03	-8.868615e-06
6.436777201000462e-03	-8.868615e-06
6.446777201000463e-03	-8.868615e-06
6.456777201000462e-03	-8.868615e-06
6.466777201000463e-03	-8.868615e-06
6.476777201000462e-03	-8.868615e-06
6.486777201000463e-03	-8.868615e-06
6.496777201000462e-03	-8.868615e-06
6.506777201000463e-03	-8.868615e-06
6.516777201000462e-03	-8.868615e-06
6.526777201000463e-03	-8.868615e-06
6.536777201000462e-03	-8.868615e-06
6.546777201000463e-03	-8.868615e-06
6.556777201000463e-03	-8.868615e-06
6.566777201000463e-03	-8.868615e-06
6.576777201000463e-03	-8.868615e-06
6.586777201000463e-03	-8.868615e-06
6.596777201000463e-03	-8.868615e-06
6.606777201000462e-03	-8.868615e-06
6.616777201000463e-03	-8.868615e-06
6.626777201000462e-03	-8.868615e-06
6.636777201000463e-03	-8.868616e-06
6.646777201000462e-03	-8.868616e-06
6.656777201000463e-03	-8.868616e-06
6.666777201000462e-03	-8.868616e-06
6.676777201000463e-03	-8.868616e-06
6.686777201000462e-03	-8.868616e-06
6.696777201000463e-03	-8.868615e-06
6.706777201000463e-03	-8.868615e-06
6.716777201000463e-03	-8.868615e-06
6.726777201000463e-03	-8.868615e-06
6.736777201000463e-03	-8.868615e-06
6.746777201000463e-03	-8.868615e-06
6.756777201000462e-03	-8.868615e-06
6.766777201000463e-03	-8.868615e-06
6.776777201000462e-03	-8.868615e-06
6.786777201000463e-03	-8.868615e-06
6.796777201000462e-03	-8.868616e-06
6.806777201000463e-03	-8.868616e-06
6.816777201000462e-03	-8.868615e-06
6.826777201000463e-03	-8.868615e-06
6.836777201000462e-03	-8.868615e-06
6.846777201000463e-03	-8.868615e-06
6.856777201000462e-03	-8.868615e-06
6.866777201000463e-03	-8.868615e-06
6.876777201000463e-03	-8.868615e-06
6.886777201000463e-03	-8.868615e-06
6.896777201000463e-03	-8.868616e-06
6.906777201000463e-03	-8.868616e-06
6.916777201000463e-03	-8.868616e-06
6.926777201000462e-03	-8.868616e-06
6.936777201000463e-03	-8.868615e-06
6.946777201000462e-03	-8.868615e-06
6.956777201000463e-03	-8.868615e-06
6.966777201000462e-03	-8.868615e-06
6.976777201000463e-03	-8.868615e-06
6.986777201000462e-03	-8.868615e-06
6.996777201000463e-03	-8.868616e-06
7.006777201000462e-03	-8.868616e-06
7.016777201000463e-03	-8.868615e-06
7.026777201000462e-03	-8.868615e-06
7.036777201000463e-03	-8.868615e-06
7.046777201000463e-03	-8.868615e-06
7.056777201000463e-03	-8.868615e-06
7.066777201000463e-03	-8.868615e-06
7.076777201000462e-03	-8.868616e-06
7.086777201000463e-03	-8.868616e-06
7.096777201000462e-03	-8.868615e-06
7.106777201000463e-03	-8.868615e-06
7.116777201000462e-03	-8.868615e-06
7.126777201000463e-03	-8.868615e-06
7.136777201000462e-03	-8.868616e-06
7.146777201000463e-03	-8.868616e-06
7.156777201000462e-03	-8.868615e-06
7.166777201000463e-03	-8.868615e-06
7.176777201000462e-03	-8.868615e-06
7.186777201000463e-03	-8.868615e-06
7.196777201000462e-03	-8.868616e-06
7.206777201000463e-03	-8.868616e-06
7.216777201000463e-03	-8.868615e-06
7.226777201000463e-03	-8.868615e-06
7.236777201000463e-03	-8.868615e-06
7.246777201000462e-03	-8.868615e-06
7.256777201000463e-03	-8.868616e-06
7.266777201000462e-03	-8.868616e-06
7.276777201000463e-03	-8.868616e-06
7.286777201000462e-03	-8.868616e-06
7.296777201000463e-03	-8.868615e-06
7.306777201000462e-03	-8.868615e-06
7.316777201000463e-03	-8.868616e-06
7.326777201000462e-03	-8.868616e-06
7.336777201000463e-03	-8.868615e-06
7.346777201000462e-03	-8.868615e-06
7.356777201000463e-03	-8.868615e-06
7.366777201000463e-03	-8.868615e-06
7.376777201000463e-03	-8.868616e-06
7.386777201000463e-03	-8.868616e-06
7.396777201000462e-03	-8.868615e-06
7.406777201000463e-03	-8.868615e-06
7.416777201000462e-03	-8.868615e-06
7.426777201000463e-03	-8.868615e-06
7.436777201000462e-03	-8.868616e-06
7.446777201000463e-03	-8.868616e-06
7.456777201000462e-03	-8.868615e-06
7.466777201000463e-03	-8.868615e-06
7.476777201000462e-03	-8.868616e-06
7.486777201000463e-03	-8.868616e-06
7.496777201000462e-03	-8.868615e-06
7.506777201000463e-03	-8.868615e-06
7.516777201000462e-03	-8.868615e-06
7.526777201000463e-03	-8.868615e-06
7.536777201000463e-03	-8.868616e-06
7.546777201000463e-03	-8.868616e-06
7.556777201000463e-03	-8.868615e-06
7.566777201000462e-03	-8.868615e-06
7.576777201000463e-03	-8.868616e-06
7.586777201000462e-03	-8.868616e-06
7.596777201000463e-03	-8.868615e-06
7.606777201000462e-03	-8.868615e-06
7.616777201000463e-03	-8.868615e-06
7.626777201000462e-03	-8.868615e-06
7.636777201000463e-03	-8.868616e-06
7.646777201000462e-03	-8.868616e-06
7.656777201000463e-03	-8.868615e-06
7.666777201000462e-03	-8.868615e-06
7.676777201000463e-03	-8.868616e-06
7.686777201000462e-03	-8.868616e-06
7.696777201000463e-03	-8.868615e-06
7.706777201000463e-03	-8.868615e-06
7.716777201000462e-03	-8.868616e-06
7.726777201000463e-03	-8.868616e-06
7.736777201000462e-03	-8.868615e-06
7.746777201000463e-03	-8.868615e-06
7.756777201000462e-03	-8.868616e-06
7.766777201000463e-03	-8.868616e-06
7.776777201000462e-03	-8.868615e-06
7.786777201000463e-03	-8.868615e-06
7.796777201000462e-03	-8.868615e-06
7.806777201000463e-03	-8.868615e-06
7.816777201000463e-03	-8.868615e-06
7.826777201000463e-03	-8.868615e-06
7.836777201000462e-03	-8.868615e-06
7.846777201000462e-03	-8.868615e-06
7.856777201000463e-03	-8.868616e-06
7.866777201000463e-03	-8.868616e-06
7.876777201000463e-03	-8.868615e-06
7.886777201000462e-03	-8.868615e-06
7.896777201000462e-03	-8.868616e-06
7.906777201000463e-03	-8.868616e-06
7.916777201000463e-03	-8.868615e-06
7.926777201000462e-03	-8.868615e-06
7.936777201000462e-03	-8.868616e-06
7.946777201000463e-03	-8.868616e-06
7.956777201000463e-03	-8.868615e-06
7.966777201000462e-03	-8.868615e-06
7.976777201000462e-03	-8.868616e-06
7.986777201000463e-03	-8.868616e-06
7.996777201000463e-03	-8.868615e-06
8.006777201000462e-03	-8.868615e-06
8.016777201000462e-03	-8.868616e-06
8.026777201000463e-03	-8.868616e-06
8.036777201000463e-03	-8.868615e-06
8.046777201000463e-03	-8.868615e-06
8.056777201000462e-03	-8.868616e-06
8.066777201000462e-03	-8.868616e-06
8.076777201000463e-03	-8.868615e-06
8.086777201000463e-03	-8.868615e-06
8.096777201000462e-03	-8.868615e-06
8.106777201000462e-03	-8.868615e-06
8.116777201000463e-03	-8.868616e-06
8.126777201000463e-03	-8.868616e-06
8.136777201000462e-03	-8.868615e-06
8.146777201000462e-03	-8.868615e-06
8.156777201000463e-03	-8.868616e-06
8.166777201000463e-03	-8.868616e-06
8.176777201000462e-03	-8.868615e-06
8.186777201000462e-03	-8.868615e-06
8.196777201000462e-03	-8.868616e-06
8.206777201000463e-03	-8.868616e-06
8.216777201000463e-03	-8.868615e-06
8.226777201000462e-03	-8.868615e-06
8.236777201000462e-03	-8.868616e-06
8.246777201000463e-03	-8.868616e-06
8.256777201000463e-03	-8.868615e-06
8.266777201000462e-03	-8.868615e-06
8.276777201000462e-03	-8.868616e-06
8.286777201000463e-03	-8.868616e-06
8.296777201000463e-03	-8.868615e-06
8.306777201000462e-03	-8.868615e-06
8.316777201000462e-03	-8.868615e-06
8.326777201000463e-03	-8.868615e-06
8.336777201000463e-03	-8.868616e-06
8.346777201000462e-03	-8.868616e-06
8.356777201000462e-03	-8.868615e-06
8.366777201000462e-03	-8.868615e-06
8.376777201000463e-03	-8.868616e-06
8.386777201000463e-03	-8.868616e-06
8.396777201000462e-03	-8.868615e-06
8.406777201000462e-03	-8.868615e-06
8.416777201000463e-03	-8.868616e-06
8.426777201000463e-03	-8.868616e-06
8.436777201000462e-03	-8.868615e-06
8.446777201000462e-03	-8.868615e-06
8.456777201000463e-03	-8.868615e-06
8.466777201000463e-03	-8.868615e-06
8.476777201000462e-03	-8.868616e-06
8.486777201000462e-03	-8.868616e-06
8.496777201000463e-03	-8.868615e-06
8.506777201000463e-03	-8.868615e-06
8.516777201000462e-03	-8.868616e-06
8.526777201000462e-03	-8.868616e-06
8.536777201000462e-03	-8.868615e-06
8.546777201000463e-03	-8.868615e-06
8.556777201000463e-03	-8.868615e-06
8.566777201000462e-03	-8.868615e-06
8.576777201000462e-03	-8.868616e-06
8.586777201000463e-03	-8.868616e-06
8.596777201000463e-03	-8.868615e-06
8.606777201000462e-03	-8.868615e-06
8.616777201000462e-03	-8.868616e-06
8.626777201000463e-03	-8.868616e-06
8.636777201000463e-03	-8.868615e-06
8.646777201000462e-03	-8.868615e-06
8.656777201000462e-03	-8.868615e-06
8.666777201000463e-03	-8.868615e-06
8.676777201000463e-03	-8.868616e-06
8.686777201000462e-03	-8.868616e-06
8.696777201000462e-03	-8.868615e-06
8.706777201000462e-03	-8.868615e-06
8.716777201000463e-03	-8.868616e-06
8.726777201000463e-03	-8.868616e-06
8.736777201000462e-03	-8.868615e-06
8.746777201000462e-03	-8.868615e-06
8.756777201000463e-03	-8.868615e-06
8.766777201000463e-03	-8.868615e-06
8.776777201000462e-03	-8.868616e-06
8.786777201000462e-03	-8.868616e-06
8.796777201000463e-03	-8.868615e-06
8.806777201000463e-03	-8.868615e-06
8.816777201000462e-03	-8.868616e-06
8.826777201000462e-03	-8.868616e-06
8.836777201000462e-03	-8.868616e-06
8.846777201000463e-03	-8.868616e-06
8.856777201000463e-03	-8.868615e-06
8.866777201000462e-03	-8.868615e-06
8.876777201000462e-03	-8.868616e-06
8.886777201000463e-03	-8.868616e-06
8.896777201000463e-03	-8.868616e-06
8.906777201000462e-03	-8.868616e-06
8.916777201000462e-03	-8.868615e-06
8.926777201000463e-03	-8.868615e-06
8.936777201000463e-03	-8.868616e-06
8.946777201000462e-03	-8.868616e-06
8.956777201000462e-03	-8.868615e-06
8.966777201000463e-03	-8.868615e-06
8.976777201000463e-03	-8.868615e-06
8.986777201000462e-03	-8.868615e-06
8.996777201000462e-03	-8.868616e-06
9.006777201000462e-03	-8.868616e-06
9.016777201000463e-03	-8.868615e-06
9.026777201000463e-03	-8.868615e-06
9.036777201000462e-03	-8.868615e-06
9.046777201000462e-03	-8.868615e-06
9.056777201000463e-03	-8.868616e-06
9.066777201000463e-03	-8.868616e-06
9.076777201000462e-03	-8.868615e-06
9.086777201000462e-03	-8.868615e-06
9.096777201000463e-03	-8.868616e-06
9.106777201000463e-03	-8.868616e-06
9.116777201000462e-03	-8.868616e-06
9.126777201000462e-03	-8.868616e-06
9.136777201000463e-03	-8.868615e-06
9.146777201000463e-03	-8.868615e-06
9.156777201000462e-03	-8.868616e-06
9.166777201000462e-03	-8.868616e-06
9.176777201000462e-03	-8.868616e-06
9.186777201000463e-03	-8.868616e-06
9.196777201000463e-03	-8.868615e-06
9.206777201000462e-03	-8.868615e-06
9.216777201000462e-03	-8.868616e-06
9.226777201000463e-03	-8.868616e-06
9.236777201000463e-03	-8.868616e-06
9.246777201000462e-03	-8.868616e-06
9.256777201000462e-03	-8.868615e-06
9.266777201000463e-03	-8.868615e-06
9.276777201000463e-03	-8.868615e-06
9.286777201000462e-03	-8.868615e-06
9.296777201000462e-03	-8.868616e-06
9.306777201000463e-03	-8.868616e-06
9.316777201000463e-03	-8.868615e-06
9.326777201000462e-03	-8.868615e-06
9.336777201000462e-03	-8.868615e-06
9.346777201000462e-03	-8.868615e-06
9.356777201000463e-03	-8.868616e-06
9.366777201000463e-03	-8.868616e-06
9.376777201000462e-03	-8.868615e-06
9.386777201000462e-03	-8.868615e-06
9.396777201000463e-03	-8.868615e-06
9.406777201000463e-03	-8.868615e-06
9.416777201000462e-03	-8.868616e-06
9.426777201000462e-03	-8.868616e-06
9.436777201000463e-03	-8.868615e-06
9.446777201000463e-03	-8.868615e-06
9.456777201000462e-03	-8.868615e-06
9.466777201000462e-03	-8.868615e-06
9.476777201000462e-03	-8.868616e-06
9.486777201000463e-03	-8.868616e-06
9.496777201000462e-03	-8.868616e-06
9.506777201000462e-03	-8.868616e-06
9.516777201000462e-03	-8.868615e-06
9.526777201000463e-03	-8.868615e-06
9.536777201000463e-03	-8.868616e-06
9.546777201000462e-03	-8.868616e-06
9.556777201000462e-03	-8.868616e-06
9.566777201000463e-03	-8.868616e-06
9.576777201000463e-03	-8.868615e-06
9.586777201000462e-03	-8.868615e-06
9.596777201000462e-03	-8.868616e-06
9.606777201000463e-03	-8.868616e-06
9.616777201000463e-03	-8.868616e-06
9.626777201000462e-03	-8.868616e-06
9.636777201000462e-03	-8.868615e-06
9.646777201000462e-03	-8.868615e-06
9.656777201000463e-03	-8.868615e-06
9.666777201000462e-03	-8.868615e-06
9.676777201000462e-03	-8.868616e-06
9.686777201000462e-03	-8.868616e-06
9.696777201000463e-03	-8.868616e-06
9.706777201000463e-03	-8.868616e-06
9.716777201000462e-03	-8.868615e-06
9.726777201000462e-03	-8.868615e-06
9.736777201000463e-03	-8.868616e-06
9.746777201000463e-03	-8.868616e-06
9.756777201000462e-03	-8.868616e-06
9.766777201000462e-03	-8.868616e-06
9.776777201000463e-03	-8.868615e-06
9.786777201000463e-03	-8.868615e-06
9.796777201000462e-03	-8.868615e-06
9.806777201000462e-03	-8.868615e-06
9.816777201000462e-03	-8.868616e-06
9.826777201000463e-03	-8.868616e-06
9.836777201000462e-03	-8.868616e-06
9.846777201000462e-03	-8.868616e-06
9.856777201000462e-03	-8.868615e-06
9.866777201000463e-03	-8.868615e-06
9.876777201000463e-03	-8.868616e-06
9.886777201000462e-03	-8.868616e-06
9.896777201000462e-03	-8.868616e-06
9.906777201000463e-03	-8.868616e-06
9.916777201000463e-03	-8.868615e-06
9.926777201000462e-03	-8.868615e-06
9.936777201000462e-03	-8.868615e-06
9.946777201000463e-03	-8.868615e-06
9.956777201000463e-03	-8.868616e-06
9.966777201000462e-03	-8.868616e-06
9.976777201000462e-03	-8.868616e-06
9.986777201000462e-03	-8.868616e-06
9.996777201000463e-03	-8.868615e-06
1.000000000000000e-02	-8.868279e-06
1.000000000100000e-02	-8.868412e-06
1.000000000200000e-02	-8.868557e-06
1.000000000440036e-02	-8.868587e-06
1.000000000670974e-02	-8.868551e-06
1.000000001132851e-02	-8.868421e-06
1.000000002056606e-02	-8.868186e-06
1.000000003904114e-02	-8.867706e-06
1.000000007599130e-02	-8.866747e-06
1.000000014989163e-02	-8.864821e-06
1.000000029769228e-02	-8.860965e-06
1.000000059329359e-02	-8.853220e-06
1.000000118449621e-02	-8.837583e-06
1.000000236690145e-02	-8.805787e-06
1.000000473171193e-02	-8.740979e-06
1.000000946133289e-02	-8.610438e-06
1.000001768468402e-02	-8.386749e-06
1.000002962942897e-02	-8.037056e-06
1.000005351891887e-02	-4.643468e-06
1.000010129789866e-02	1.048060e-06
1.000017105027748e-02	-5.360731e-06
1.000023626403240e-02	-1.270885e-05
1.000031614377573e-02	-1.676270e-05
1.000039209500824e-02	-1.963000e-05
1.000054399747327e-02	-2.374927e-05
1.000056482753742e-02	-2.420080e-05
1.000060648766571e-02	-2.496777e-05
1.000068980792228e-02	-2.647219e-05
1.000085644843544e-02	-2.943958e-05
1.000118972946175e-02	-3.491552e-05
1.000176798343685e-02	-4.277603e-05
1.000243495306574e-02	-4.967290e-05
1.000255254085709e-02	-5.050322e-05
1.000278771643979e-02	-5.146230e-05
1.000325806760518e-02	-5.253118e-05
1.000337565539653e-02	-5.260311e-05
1.000361083097922e-02	-5.248711e-05
1.000408118214461e-02	-5.217220e-05
1.000502188447540e-02	-5.147016e-05
1.000690328913696e-02	-5.009240e-05
1.001062905475410e-02	-4.788780e-05
1.001808058598839e-02	-4.513049e-05
1.002808058598839e-02	-4.328355e-05
1.003808058598839e-02	-4.235570e-05
1.004808058598839e-02	-4.165580e-05
1.005808058598839e-02	-4.093147e-05
1.006808058598839e-02	-3.997449e-05
1.007808058598839e-02	-3.869852e-05
1.008808058598839e-02	-3.729959e-05
1.009808058598839e-02	-3.590246e-05
1.010000000000000e-02	-3.564254e-05
1.010000000100000e-02	-3.564253e-05
1.010000001700000e-02	-3.564245e-05
1.010000004900000e-02	-3.564260e-05
1.010000011300000e-02	-3.564291e-05
1.010000024100000e-02	-3.564316e-05
1.010000049700000e-02	-3.564262e-05
1.010000100900000e-02	-3.563934e-05
1.010000203300000e-02	-3.563024e-05
1.010000408100000e-02	-3.561547e-05
1.010000817700000e-02	-3.560393e-05
1.010001636900000e-02	-3.560549e-05
1.010003275300001e-02	-3.561522e-05
1.010006552100002e-02	-3.561970e-05
1.010013105700003e-02	-3.561317e-05
1.010026212900006e-02	-3.559470e-05
1.010052427300013e-02	-3.555767e-05
1.010104856100025e-02	-3.548369e-05
1.010209713700050e-02	-3.533594e-05
1.010419428900100e-02	-3.504150e-05
1.010838859300201e-02	-3.445834e-05
1.011677720100402e-02	-3.331509e-05
1.012677720100402e-02	-3.199707e-05
1.013677720100402e-02	-3.074837e-05
1.014677720100401e-02	-2.960109e-05
1.015677720100402e-02	-2.854647e-05
1.016677720100402e-02	-2.740313e-05
1.017677720100402e-02	-2.576711e-05
1.018677720100401e-02	-2.368972e-05
1.019677720100402e-02	-2.200019e-05
1.020642687875436e-02	-2.121519e-05
1.021642687875436e-02	-2.099432e-05
1.022642687875436e-02	-2.164963e-05
1.023642687875436e-02	-2.349569e-05
1.024642687875436e-02	-2.458653e-05
1.025642687875436e-02	-2.440679e-05
1.026642687875436e-02	-2.421305e-05
1.027642687875436e-02	-2.400738e-05
1.028642687875436e-02	-2.379243e-05
1.029642687875436e-02	-2.357089e-05
1.030642687875436e-02	-2.334265e-05
1.031642687875436e-02	-2.310798e-05
1.032642687875436e-02	-2.286305e-05
1.033642687875436e-02	-2.259968e-05
1.034642687875436e-02	-2.228374e-05
1.035642687875436e-02	-2.174000e-05
1.036642687875436e-02	-2.118607e-05
1.037642687875436e-02	-2.090512e-05
1.038642687875436e-02	-2.069996e-05
1.039642687875436e-02	-2.039853e-05
1.040642687875436e-02	-1.947652e-05
1.041642687875436e-02	-1.853007e-05
1.042641835458377e-02	-1.822494e-05
1.043641835458377e-02	-1.751380e-05
1.044641835458377e-02	-1.621306e-05
1.045589702286615e-02	-1.529967e-05
1.046589702286614e-02	-1.350215e-05
1.047576027642319e-02	-1.092014e-05
1.048576027642319e-02	-1.075319e-05
1.049576027642319e-02	-1.219987e-05
1.050576027642319e-02	-1.260863e-05
1.051576027642319e-02	-1.242869e-05
1.052576027642319e-02	-1.225896e-05
1.053576027642319e-02	-1.208801e-05
1.054576027642319e-02	-1.192150e-05
1.055576027642319e-02	-1.175886e-05
1.056576027642319e-02	-1.160006e-05
1.057576027642319e-02	-1.144500e-05
1.058576027642319e-02	-1.129358e-05
1.059576027642319e-02	-1.114562e-05
1.060576027642319e-02	-1.099995e-05
1.061576027642319e-02	-1.085474e-05
1.062576027642319e-02	-1.070936e-05
1.063576027642319e-02	-1.056470e-05
1.064576027642319e-02	-1.042158e-05
1.065576027642319e-02	-1.028062e-05
1.066576027642319e-02	-1.014217e-05
1.067576027642319e-02	-1.000650e-05
1.068576027642319e-02	-9.873734e-06
1.069576027642319e-02	-9.743997e-06
1.070576027642319e-02	-9.617301e-06
1.071576027642319e-02	-9.493705e-06
1.072576027642319e-02	-9.373161e-06
1.073576027642319e-02	-9.255688e-06
1.074576027642319e-02	-9.141205e-06
1.075576027642319e-02	-9.029708e-06
1.076576027642319e-02	-8.921099e-06
1.077576027642319e-02	-8.815359e-06
1.078576027642319e-02	-8.712384e-06
1.079576027642319e-02	-8.612150e-06
1.080576027642319e-02	-8.514545e-06
1.081576027642319e-02	-8.419544e-06
1.082576027642319e-02	-8.327037e-06
1.083576027642319e-02	-8.236999e-06
1.084576027642319e-02	-8.149318e-06
1.085576027642319e-02	-8.063973e-06
1.086576027642319e-02	-7.980857e-06
1.087576027642319e-02	-7.899951e-06
1.088576027642319e-02	-7.821151e-06
1.089576027642319e-02	-7.744443e-06
1.090576027642319e-02	-7.669727e-06
1.091576027642319e-02	-7.596992e-06
1.092576027642319e-02	-7.526143e-06
1.093576027642319e-02	-7.457176e-06
1.094576027642319e-02	-7.389999e-06
1.095576027642319e-02	-7.324610e-06
1.096576027642319e-02	-7.260925e-06
1.097576027642319e-02	-7.198943e-06
1.098576027642319e-02	-7.138587e-06
1.099576027642319e-02	-7.076599e-06
1.100000000100000e-02	-7.819723e-06
1.100000000200000e-02	-7.819749e-06
1.100000001800000e-02	-7.820554e-06
1.100000005000000e-02	-7.822104e-06
1.100000011400000e-02	-7.825237e-06
1.100000024200000e-02	-7.831490e-06
1.100000049800000e-02	-7.842622e-06
1.100000101000000e-02	-7.855358e-06
1.100000203400000e-02	-7.846025e-06
1.100000408200000e-02	-7.763964e-06
1.100000817800000e-02	-7.578004e-06
1.100001637000000e-02	-7.337993e-06
1.100003275400001e-02	-7.146249e-06
1.100006552200002e-02	-7.063272e-06
1.100013105800003e-02	-7.053335e-06
1.100026213000006e-02	-7.053796e-06
1.100052427400013e-02	-7.051946e-06
1.100104856200025e-02	-7.049087e-06
1.100209713800050e-02	-7.043054e-06
1.100419429000100e-02	-7.031199e-06
1.100838859400201e-02	-7.007672e-06
1.101677720200402e-02	-6.961435e-06
1.102677720200402e-02	-6.907529e-06
1.103677720200402e-02	-6.855036e-06
1.104677720200402e-02	-6.803989e-06
1.105677720200402e-02	-6.754357e-06
1.106677720200402e-02	-6.706114e-06
1.107677720200402e-02	-6.659233e-06
1.108677720200402e-02	-6.613686e-06
1.109677720200402e-02	-6.569448e-06
1.110677720200402e-02	-6.526492e-06
1.111677720200402e-02	-6.484791e-06
1.112677720200402e-02	-6.444320e-06
1.113677720200402e-02	-6.405051e-06
1.114677720200402e-02	-6.366957e-06
1.115677720200402e-02	-6.330010e-06
1.116677720200402e-02	-6.294182e-06
1.117677720200402e-02	-6.259444e-06
1.118677720200402e-02	-6.225766e-06
1.119677720200402e-02	-6.193119e-06
1.120677720200402e-02	-6.161473e-06
1.121677720200402e-02	-6.130796e-06
1.122677720200402e-02	-6.101057e-06
1.123677720200402e-02	-6.072225e-06
1.124677720200402e-02	-6.044268e-06
1.125677720200402e-02	-6.017156e-06
1.126677720200402e-02	-5.990855e-06
1.127677720200402e-02	-5.965337e-06
1.128677720200402e-02	-5.940568e-06
1.129677720200402e-02	-5.916520e-06
1.130677720200402e-02	-5.893162e-06
1.131677720200402e-02	-5.870465e-06
1.132677720200402e-02	-5.848401e-06
1.133677720200402e-02	-5.826942e-06
1.134677720200402e-02	-5.806060e-06
1.135677720200402e-02	-5.785732e-06
1.136677720200402e-02	-5.765931e-06
1.137677720200402e-02	-5.746634e-06
1.138677720200402e-02	-5.727817e-06
1.139677720200402e-02	-5.709459e-06
1.140677720200402e-02	-5.691540e-06
1.141677720200402e-02	-5.674038e-06
1.142677720200402e-02	-5.656936e-06
1.143677720200402e-02	-5.640215e-06
1.144677720200402e-02	-5.623858e-06
1.145677720200402e-02	-5.607851e-06
1.146677720200402e-02	-5.592176e-06
1.147677720200402e-02	-5.576821e-06
1.148677720200402e-02	-5.561772e-06
1.149677720200402e-02	-5.547016e-06
1.150677720200402e-02	-5.532541e-06
1.151677720200402e-02	-5.518337e-06
1.152677720200402e-02	-5.504392e-06
1.153677720200402e-02	-5.490697e-06
1.154677720200402e-02	-5.477243e-06
1.155677720200402e-02	-5.464021e-06
1.156677720200402e-02	-5.451023e-06
1.157677720200402e-02	-5.438242e-06
1.158677720200402e-02	-5.425671e-06
1.159677720200402e-02	-5.413302e-06
1.160677720200402e-02	-5.401130e-06
1.161677720200402e-02	-5.389149e-06
1.162677720200402e-02	-5.377353e-06
1.163677720200402e-02	-5.365738e-06
1.164677720200402e-02	-5.354299e-06
1.165677720200402e-02	-5.343032e-06
1.166677720200402e-02	-5.331932e-06
1.167677720200402e-02	-5.320995e-06
1.168677720200402e-02	-5.310219e-06
1.169677720200402e-02	-5.299601e-06
1.170677720200402e-02	-5.289136e-06
1.171677720200402e-02	-5.278822e-06
1.172677720200402e-02	-5.268657e-06
1.173677720200402e-02	-5.258638e-06
1.174677720200402e-02	-5.248764e-06
1.175677720200402e-02	-5.239032e-06
1.176677720200402e-02	-5.229441e-06
1.177677720200402e-02	-5.219988e-06
1.178677720200402e-02	-5.210674e-06
1.179677720200402e-02	-5.201496e-06
1.180677720200402e-02	-5.192454e-06
1.181677720200402e-02	-5.183546e-06
1.182677720200402e-02	-5.174772e-06
1.183677720200402e-02	-5.166132e-06
1.184677720200402e-02	-5.157624e-06
1.185677720200402e-02	-5.149249e-06
1.186677720200402e-02	-5.141007e-06
1.187677720200402e-02	-5.132898e-06
1.188677720200402e-02	-5.124922e-06
1.189677720200402e-02	-5.117080e-06
1.190677720200402e-02	-5.109371e-06
1.191677720200402e-02	-5.101798e-06
1.192677720200402e-02	-5.094360e-06
1.193677720200402e-02	-5.087059e-06
1.194677720200402e-02	-5.079897e-06
1.195677720200402e-02	-5.072875e-06
1.196677720200402e-02	-5.065994e-06
1.197677720200402e-02	-5.059256e-06
1.198677720200402e-02	-5.052664e-06
1.199677720200402e-02	-5.046219e-06
1.200677720200402e-02	-5.039924e-06
1.201677720200402e-02	-5.033783e-06
1.202677720200402e-02	-5.027796e-06
1.203677720200402e-02	-5.021969e-06
1.204677720200402e-02	-5.016303e-06
1.205677720200402e-02	-5.010803e-06
1.206677720200402e-02	-5.005472e-06
1.207677720200402e-02	-5.000314e-06
1.208677720200402e-02	-4.995333e-06
1.209677720200402e-02	-4.990532e-06
1.210677720200402e-02	-4.985917e-06
1.211677720200402e-02	-4.981490e-06
1.212677720200402e-02	-4.977256e-06
1.213677720200402e-02	-4.973218e-06
1.214677720200402e-02	-4.969380e-06
1.215677720200402e-02	-4.965745e-06
1.216677720200402e-02	-4.962314e-06
1.217677720200402e-02	-4.959088e-06
1.218677720200402e-02	-4.956068e-06
1.219677720200402e-02	-4.953251e-06
1.220677720200402e-02	-4.950634e-06
1.221677720200402e-02	-4.948212e-06
1.222677720200402e-02	-4.945976e-06
1.223677720200402e-02	-4.943917e-06
1.224677720200402e-02	-4.942020e-06
1.225677720200402e-02	-4.940270e-06
1.226677720200402e-02	-4.938647e-06
1.227677720200402e-02	-4.937132e-06
1.228677720200402e-02	-4.935700e-06
1.229677720200402e-02	-4.934331e-06
1.230677720200402e-02	-4.933000e-06
1.231677720200402e-02	-4.931686e-06
1.232677720200402e-02	-4.930369e-06
1.233677720200402e-02	-4.929034e-06
1.234677720200402e-02	-4.927668e-06
1.235677720200402e-02	-4.926264e-06
1.236677720200402e-02	-4.924821e-06
1.237677720200402e-02	-4.923339e-06
1.238677720200402e-02	-4.921824e-06
1.239677720200402e-02	-4.920287e-06
1.240677720200402e-02	-4.918738e-06
1.241677720200402e-02	-4.917191e-06
1.242677720200402e-02	-4.915661e-06
1.243677720200402e-02	-4.914162e-06
1.244677720200402e-02	-4.912708e-06
1.245677720200402e-02	-4.911313e-06
1.246677720200402e-02	-4.909988e-06
1.247677720200402e-02	-4.908745e-06
1.248677720200402e-02	-4.907592e-06
1.249677720200402e-02	-4.906538e-06
1.250677720200402e-02	-4.905589e-06
1.251677720200402e-02	-4.904748e-06
1.252677720200402e-02	-4.904020e-06
1.253677720200402e-02	-4.903406e-06
1.254677720200402e-02	-4.902907e-06
1.255677720200402e-02	-4.902524e-06
1.256677720200402e-02	-4.902254e-06
1.257677720200402e-02	-4.902096e-06
1.258677720200402e-02	-4.902047e-06
1.259677720200402e-02	-4.902105e-06
1.260677720200402e-02	-4.902265e-06
1.261677720200402e-02	-4.902523e-06
1.262677720200402e-02	-4.902874e-06
1.263677720200402e-02	-4.903313e-06
1.264677720200402e-02	-4.903836e-06
1.265677720200402e-02	-4.904438e-06
1.266677720200402e-02	-4.905113e-06
1.267677720200402e-02	-4.905855e-06
1.268677720200402e-02	-4.906660e-06
1.269677720200402e-02	-4.907521e-06
1.270677720200402e-02	-4.908434e-06
1.271677720200402e-02	-4.909393e-06
1.272677720200402e-02	-4.910394e-06
1.273677720200402e-02	-4.911430e-06
1.274677720200402e-02	-4.912498e-06
1.275677720200402e-02	-4.913593e-06
1.276677720200402e-02	-4.914710e-06
1.277677720200402e-02	-4.915845e-06
1.278677720200402e-02	-4.916995e-06
1.279677720200402e-02	-4.918154e-06
1.280677720200402e-02	-4.919320e-06
1.281677720200402e-02	-4.920489e-06
1.282677720200402e-02	-4.921658e-06
1.283677720200402e-02	-4.922824e-06
1.284677720200402e-02	-4.923985e-06
1.285677720200402e-02	-4.925138e-06
1.286677720200402e-02	-4.926280e-06
1.287677720200402e-02	-4.927409e-06
1.288677720200402e-02	-4.928525e-06
1.289677720200402e-02	-4.929624e-06
1.290677720200402e-02	-4.930705e-06
1.291677720200402e-02	-4.931768e-06
1.292677720200402e-02	-4.932810e-06
1.293677720200402e-02	-4.933832e-06
1.294677720200402e-02	-4.934831e-06
1.295677720200402e-02	-4.935808e-06
1.296677720200402e-02	-4.936761e-06
1.297677720200402e-02	-4.937690e-06
1.298677720200402e-02	-4.938596e-06
1.299677720200402e-02	-4.939477e-06
1.300677720200402e-02	-4.940333e-06
1.301677720200402e-02	-4.941165e-06
1.302677720200402e-02	-4.941972e-06
1.303677720200402e-02	-4.942755e-06
1.304677720200402e-02	-4.943513e-06
1.305677720200402e-02	-4.944247e-06
1.306677720200402e-02	-4.944957e-06
1.307677720200402e-02	-4.945644e-06
1.308677720200402e-02	-4.946307e-06
1.309677720200402e-02	-4.946948e-06
1.310677720200402e-02	-4.947566e-06
1.311677720200402e-02	-4.948162e-06
1.312677720200402e-02	-4.948736e-06
1.313677720200402e-02	-4.949290e-06
1.314677720200402e-02	-4.949822e-06
1.315677720200402e-02	-4.950335e-06
1.316677720200402e-02	-4.950829e-06
1.317677720200402e-02	-4.951303e-06
1.318677720200402e-02	-4.951759e-06
1.319677720200402e-02	-4.952197e-06
1.320677720200402e-02	-4.952618e-06
1.321677720200402e-02	-4.953022e-06
1.322677720200402e-02	-4.953410e-06
1.323677720200402e-02	-4.953782e-06
1.324677720200402e-02	-4.954139e-06
1.325677720200402e-02	-4.954481e-06
1.326677720200402e-02	-4.954808e-06
1.327677720200402e-02	-4.955123e-06
1.328677720200402e-02	-4.955424e-06
1.329677720200402e-02	-4.955712e-06
1.330677720200402e-02	-4.955988e-06
1.331677720200402e-02	-4.956252e-06
1.332677720200402e-02	-4.956505e-06
1.333677720200402e-02	-4.956747e-06
1.334677720200402e-02	-4.956978e-06
1.335677720200402e-02	-4.957200e-06
1.336677720200402e-02	-4.957411e-06
1.337677720200402e-02	-4.957613e-06
1.338677720200402e-02	-4.957807e-06
1.339677720200402e-02	-4.957991e-06
1.340677720200402e-02	-4.958168e-06
1.341677720200402e-02	-4.958336e-06
1.342677720200402e-02	-4.958498e-06
1.343677720200402e-02	-4.958652e-06
1.344677720200402e-02	-4.958798e-06
1.345677720200402e-02	-4.958938e-06
1.346677720200402e-02	-4.959072e-06
1.347677720200402e-02	-4.959199e-06
1.348677720200402e-02	-4.959321e-06
1.349677720200402e-02	-4.959437e-06
1.350677720200402e-02	-4.959548e-06
1.351677720200402e-02	-4.959654e-06
1.352677720200402e-02	-4.959755e-06
1.353677720200402e-02	-4.959851e-06
1.354677720200402e-02	-4.959943e-06
1.355677720200401e-02	-4.960030e-06
1.356677720200402e-02	-4.960113e-06
1.357677720200402e-02	-4.960192e-06
1.358677720200402e-02	-4.960268e-06
1.359677720200402e-02	-4.960340e-06
1.360677720200402e-02	-4.960408e-06
1.361677720200402e-02	-4.960473e-06
1.362677720200402e-02	-4.960535e-06
1.363677720200402e-02	-4.960594e-06
1.364677720200402e-02	-4.960651e-06
1.365677720200402e-02	-4.960704e-06
1.366677720200402e-02	-4.960755e-06
1.367677720200402e-02	-4.960804e-06
1.368677720200402e-02	-4.960850e-06
1.369677720200402e-02	-4.960893e-06
1.370677720200402e-02	-4.960935e-06
1.371677720200402e-02	-4.960975e-06
1.372677720200401e-02	-4.961013e-06
1.373677720200402e-02	-4.961048e-06
1.374677720200402e-02	-4.961083e-06
1.375677720200402e-02	-4.961115e-06
1.376677720200402e-02	-4.961145e-06
1.377677720200402e-02	-4.961174e-06
1.378677720200402e-02	-4.961202e-06
1.379677720200402e-02	-4.961229e-06
1.380677720200402e-02	-4.961254e-06
1.381677720200402e-02	-4.961277e-06
1.382677720200402e-02	-4.961300e-06
1.383677720200402e-02	-4.961321e-06
1.384677720200402e-02	-4.961341e-06
1.385677720200402e-02	-4.961360e-06
1.386677720200402e-02	-4.961378e-06
1.387677720200402e-02	-4.961395e-06
1.388677720200402e-02	-4.961412e-06
1.389677720200401e-02	-4.961427e-06
1.390677720200402e-02	-4.961442e-06
1.391677720200402e-02	-4.961455e-06
1.392677720200402e-02	-4.961468e-06
1.393677720200402e-02	-4.961481e-06
1.394677720200402e-02	-4.961492e-06
1.395677720200402e-02	-4.961503e-06
1.396677720200402e-02	-4.961514e-06
1.397677720200402e-02	-4.961523e-06
1.398677720200402e-02	-4.961533e-06
1.399677720200402e-02	-4.961541e-06
1.400677720200402e-02	-4.961550e-06
1.401677720200402e-02	-4.961557e-06
1.402677720200402e-02	-4.961564e-06
1.403677720200402e-02	-4.961571e-06
1.404677720200402e-02	-4.961577e-06
1.405677720200402e-02	-4.961584e-06
1.406677720200402e-02	-4.961589e-06
1.407677720200402e-02	-4.961595e-06
1.408677720200402e-02	-4.961600e-06
1.409677720200402e-02	-4.961604e-06
1.410677720200402e-02	-4.961608e-06
1.411677720200402e-02	-4.961612e-06
1.412677720200402e-02	-4.961616e-06
1.413677720200402e-02	-4.961620e-06
1.414677720200402e-02	-4.961623e-06
1.415677720200402e-02	-4.961626e-06
1.416677720200402e-02	-4.961629e-06
1.417677720200402e-02	-4.961631e-06
1.418677720200402e-02	-4.961634e-06
1.419677720200401e-02	-4.961636e-06
1.420677720200402e-02	-4.961638e-06
1.421677720200402e-02	-4.961640e-06
1.422677720200402e-02	-4.961641e-06
1.423677720200402e-02	-4.961643e-06
1.424677720200402e-02	-4.961645e-06
1.425677720200402e-02	-4.961646e-06
1.426677720200402e-02	-4.961646e-06
1.427677720200402e-02	-4.961648e-06
1.428677720200402e-02	-4.961649e-06
1.429677720200402e-02	-4.961650e-06
1.430677720200402e-02	-4.961650e-06
1.431677720200402e-02	-4.961651e-06
1.432677720200402e-02	-4.961651e-06
1.433677720200402e-02	-4.961652e-06
1.434677720200402e-02	-4.961652e-06
1.435677720200402e-02	-4.961652e-06
1.436677720200401e-02	-4.961652e-06
1.437677720200402e-02	-4.961652e-06
1.438677720200402e-02	-4.961652e-06
1.439677720200402e-02	-4.961652e-06
1.440677720200402e-02	-4.961652e-06
1.441677720200402e-02	-4.961652e-06
1.442677720200402e-02	-4.961652e-06
1.443677720200402e-02	-4.961652e-06
1.444677720200402e-02	-4.961651e-06
1.445677720200402e-02	-4.961651e-06
1.446677720200402e-02	-4.961651e-06
1.447677720200402e-02	-4.961651e-06
1.448677720200402e-02	-4.961650e-06
1.449677720200402e-02	-4.961649e-06
1.450677720200402e-02	-4.961649e-06
1.451677720200402e-02	-4.961648e-06
1.452677720200402e-02	-4.961648e-06
1.453677720200401e-02	-4.961647e-06
1.454677720200402e-02	-4.961647e-06
1.455677720200402e-02	-4.961646e-06
1.456677720200402e-02	-4.961646e-06
1.457677720200402e-02	-4.961645e-06
1.458677720200402e-02	-4.961644e-06
1.459677720200402e-02	-4.961644e-06
1.460677720200402e-02	-4.961643e-06
1.461677720200402e-02	-4.961642e-06
1.462677720200402e-02	-4.961641e-06
1.463677720200402e-02	-4.961641e-06
1.464677720200402e-02	-4.961640e-06
1.465677720200402e-02	-4.961639e-06
1.466677720200402e-02	-4.961639e-06
1.467677720200402e-02	-4.961638e-06
1.468677720200402e-02	-4.961637e-06
1.469677720200402e-02	-4.961636e-06
1.470677720200401e-02	-4.961636e-06
1.471677720200402e-02	-4.961635e-06
1.472677720200402e-02	-4.961634e-06
1.473677720200402e-02	-4.961633e-06
1.474677720200402e-02	-4.961633e-06
1.475677720200402e-02	-4.961632e-06
1.476677720200402e-02	-4.961631e-06
1.477677720200402e-02	-4.961630e-06
1.478677720200402e-02	-4.961630e-06
1.479677720200402e-02	-4.961629e-06
1.480677720200402e-02	-4.961628e-06
1.481677720200402e-02	-4.961627e-06
1.482677720200402e-02	-4.961626e-06
1.483677720200401e-02	-4.961626e-06
1.484677720200402e-02	-4.961625e-06
1.485677720200402e-02	-4.961625e-06
1.486677720200402e-02	-4.961624e-06
1.487677720200401e-02	-4.961623e-06
1.488677720200402e-02	-4.961622e-06
1.489677720200402e-02	-4.961621e-06
1.490677720200402e-02	-4.961621e-06
1.491677720200402e-02	-4.961620e-06
1.492677720200402e-02	-4.961620e-06
1.493677720200402e-02	-4.961619e-06
1.494677720200402e-02	-4.961618e-06
1.495677720200402e-02	-4.961617e-06
1.496677720200402e-02	-4.961617e-06
1.497677720200402e-02	-4.961616e-06
1.498677720200402e-02	-4.961615e-06
1.499677720200402e-02	-4.961615e-06
1.500677720200401e-02	-4.961614e-06
1.501677720200402e-02	-4.961613e-06
1.502677720200402e-02	-4.961613e-06
1.503677720200402e-02	-4.961612e-06
1.504677720200401e-02	-4.961611e-06
1.505677720200402e-02	-4.961611e-06
1.506677720200402e-02	-4.961610e-06
1.507677720200402e-02	-4.961610e-06
1.508677720200402e-02	-4.961609e-06
1.509677720200402e-02	-4.961608e-06
1.510677720200402e-02	-4.961608e-06
1.511677720200402e-02	-4.961607e-06
1.512677720200402e-02	-4.961607e-06
1.513677720200402e-02	-4.961606e-06
1.514677720200402e-02	-4.961606e-06
1.515677720200402e-02	-4.961605e-06
1.516677720200402e-02	-4.961605e-06
1.517677720200401e-02	-4.961604e-06
1.518677720200402e-02	-4.961603e-06
1.519677720200402e-02	-4.961603e-06
1.520677720200402e-02	-4.961602e-06
1.521677720200401e-02	-4.961602e-06
1.522677720200402e-02	-4.961601e-06
1.523677720200402e-02	-4.961601e-06
1.524677720200402e-02	-4.961601e-06
1.525677720200402e-02	-4.961600e-06
1.526677720200402e-02	-4.961599e-06
1.527677720200402e-02	-4.961599e-06
1.528677720200402e-02	-4.961598e-06
1.529677720200402e-02	-4.961598e-06
1.530677720200402e-02	-4.961597e-06
1.531677720200402e-02	-4.961597e-06
1.532677720200402e-02	-4.961596e-06
1.533677720200402e-02	-4.961596e-06
1.534677720200401e-02	-4.961596e-06
1.535677720200402e-02	-4.961595e-06
1.536677720200402e-02	-4.961595e-06
1.537677720200402e-02	-4.961595e-06
1.538677720200401e-02	-4.961594e-06
1.539677720200402e-02	-4.961594e-06
1.540677720200402e-02	-4.961593e-06
1.541677720200402e-02	-4.961593e-06
1.542677720200402e-02	-4.961592e-06
1.543677720200402e-02	-4.961592e-06
1.544677720200402e-02	-4.961592e-06
1.545677720200402e-02	-4.961591e-06
1.546677720200402e-02	-4.961591e-06
1.547677720200401e-02	-4.961591e-06
1.548677720200402e-02	-4.961590e-06
1.549677720200402e-02	-4.961590e-06
1.550677720200402e-02	-4.961589e-06
1.551677720200401e-02	-4.961589e-06
1.552677720200402e-02	-4.961589e-06
1.553677720200402e-02	-4.961588e-06
1.554677720200402e-02	-4.961588e-06
1.555677720200402e-02	-4.961588e-06
1.556677720200402e-02	-4.961587e-06
1.557677720200402e-02	-4.961587e-06
1.558677720200402e-02	-4.961587e-06
1.559677720200402e-02	-4.961586e-06
1.560677720200402e-02	-4.961586e-06
1.561677720200402e-02	-4.961586e-06
1.562677720200402e-02	-4.961586e-06
1.563677720200402e-02	-4.961586e-06
1.564677720200401e-02	-4.961585e-06
1.565677720200401e-02	-4.961585e-06
1.566677720200401e-02	-4.961585e-06
1.567677720200402e-02	-4.961584e-06
1.568677720200402e-02	-4.961584e-06
1.569677720200402e-02	-4.961584e-06
1.570677720200402e-02	-4.961583e-06
1.571677720200402e-02	-4.961583e-06
1.572677720200402e-02	-4.961583e-06
1.573677720200401e-02	-4.961583e-06
1.574677720200401e-02	-4.961582e-06
1.575677720200402e-02	-4.961582e-06
1.576677720200402e-02	-4.961582e-06
1.577677720200402e-02	-4.961581e-06
1.578677720200402e-02	-4.961581e-06
1.579677720200402e-02	-4.961581e-06
1.580677720200402e-02	-4.961581e-06
1.581677720200401e-02	-4.961581e-06
1.582677720200401e-02	-4.961581e-06
1.583677720200401e-02	-4.961580e-06
1.584677720200402e-02	-4.961580e-06
1.585677720200402e-02	-4.961580e-06
1.586677720200402e-02	-4.961580e-06
1.587677720200402e-02	-4.961579e-06
1.588677720200402e-02	-4.961579e-06
1.589677720200402e-02	-4.961579e-06
1.590677720200401e-02	-4.961579e-06
1.591677720200401e-02	-4.961578e-06
1.592677720200402e-02	-4.961578e-06
1.593677720200402e-02	-4.961578e-06
1.594677720200402e-02	-4.961578e-06
1.595677720200402e-02	-4.961578e-06
1.596677720200402e-02	-4.961577e-06
1.597677720200402e-02	-4.961577e-06
1.598677720200401e-02	-4.961577e-06
1.599677720200401e-02	-4.961577e-06
1.600677720200401e-02	-4.961577e-06
1.601677720200402e-02	-4.961577e-06
1.602677720200402e-02	-4.961576e-06
1.603677720200402e-02	-4.961576e-06
1.604677720200402e-02	-4.961576e-06
1.605677720200402e-02	-4.961576e-06
1.606677720200402e-02	-4.961576e-06
1.607677720200401e-02	-4.961576e-06
1.608677720200401e-02	-4.961576e-06
1.609677720200402e-02	-4.961576e-06
1.610677720200402e-02	-4.961576e-06
1.611677720200402e-02	-4.961575e-06
1.612677720200402e-02	-4.961575e-06
1.613677720200402e-02	-4.961575e-06
1.614677720200402e-02	-4.961575e-06
1.615677720200401e-02	-4.961575e-06
1.616677720200401e-02	-4.961575e-06
1.617677720200401e-02	-4.961574e-06
1.618677720200402e-02	-4.961574e-06
1.619677720200402e-02	-4.961574e-06
1.620677720200402e-02	-4.961574e-06
1.621677720200402e-02	-4.961574e-06
1.622677720200402e-02	-4.961574e-06
1.623677720200402e-02	-4.961574e-06
1.624677720200401e-02	-4.961574e-06
1.625677720200401e-02	-4.961573e-06
1.626677720200402e-02	-4.961573e-06
1.627677720200402e-02	-4.961573e-06
1.628677720200402e-02	-4.961573e-06
1.629677720200402e-02	-4.961573e-06
1.630677720200402e-02	-4.961573e-06
1.631677720200402e-02	-4.961573e-06
1.632677720200401e-02	-4.961573e-06
1.633677720200401e-02	-4.961572e-06
1.634677720200401e-02	-4.961572e-06
1.635677720200402e-02	-4.961572e-06
1.636677720200402e-02	-4.961572e-06
1.637677720200402e-02	-4.961572e-06
1.638677720200402e-02	-4.961572e-06
1.639677720200402e-02	-4.961572e-06
1.640677720200402e-02	-4.961572e-06
1.641677720200401e-02	-4.961572e-06
1.642677720200401e-02	-4.961572e-06
1.643677720200401e-02	-4.961571e-06
1.644677720200402e-02	-4.961571e-06
1.645677720200402e-02	-4.961571e-06
1.646677720200402e-02	-4.961571e-06
1.647677720200402e-02	-4.961571e-06
1.648677720200402e-02	-4.961571e-06
1.649677720200401e-02	-4.961571e-06
1.650677720200401e-02	-4.961571e-06
1.651677720200401e-02	-4.961571e-06
1.652677720200402e-02	-4.961571e-06
1.653677720200402e-02	-4.961571e-06
1.654677720200402e-02	-4.961571e-06
1.655677720200402e-02	-4.961571e-06
1.656677720200402e-02	-4.961570e-06
1.657677720200402e-02	-4.961570e-06
1.658677720200401e-02	-4.961570e-06
1.659677720200401e-02	-4.961570e-06
1.660677720200401e-02	-4.961570e-06
1.661677720200402e-02	-4.961570e-06
1.662677720200402e-02	-4.961570e-06
1.663677720200402e-02	-4.961570e-06
1.664677720200402e-02	-4.961570e-06
1.665677720200402e-02	-4.961570e-06
1.666677720200401e-02	-4.961570e-06
1.667677720200401e-02	-4.961570e-06
1.668677720200401e-02	-4.961570e-06
1.669677720200402e-02	-4.961569e-06
1.670677720200402e-02	-4.961569e-06
1.671677720200402e-02	-4.961569e-06
1.672677720200402e-02	-4.961569e-06
1.673677720200402e-02	-4.961569e-06
1.674677720200402e-02	-4.961569e-06
1.675677720200401e-02	-4.961569e-06
1.676677720200401e-02	-4.961569e-06
1.677677720200401e-02	-4.961569e-06
1.678677720200402e-02	-4.961569e-06
1.679677720200402e-02	-4.961569e-06
1.680677720200402e-02	-4.961569e-06
1.681677720200402e-02	-4.961569e-06
1.682677720200402e-02	-4.961569e-06
1.683677720200401e-02	-4.961568e-06
1.684677720200401e-02	-4.961568e-06
1.685677720200401e-02	-4.961568e-06
1.686677720200402e-02	-4.961568e-06
1.687677720200402e-02	-4.961568e-06
1.688677720200402e-02	-4.961568e-06
1.689677720200402e-02	-4.961568e-06
1.690677720200402e-02	-4.961568e-06
1.691677720200402e-02	-4.961568e-06
1.692677720200401e-02	-4.961568e-06
1.693677720200401e-02	-4.961568e-06
1.694677720200401e-02	-4.961568e-06
1.695677720200402e-02	-4.961568e-06
1.696677720200402e-02	-4.961568e-06
1.697677720200402e-02	-4.961568e-06
1.698677720200402e-02	-4.961568e-06
1.699677720200402e-02	-4.961568e-06
1.700677720200401e-02	-4.961568e-06
1.701677720200401e-02	-4.961568e-06
1.702677720200401e-02	-4.961568e-06
1.703677720200402e-02	-4.961568e-06
1.704677720200402e-02	-4.961568e-06
1.705677720200402e-02	-4.961568e-06
1.706677720200402e-02	-4.961568e-06
1.707677720200402e-02	-4.961567e-06
1.708677720200402e-02	-4.961567e-06
1.709677720200401e-02	-4.961567e-06
1.710677720200401e-02	-4.961567e-06
1.711677720200401e-02	-4.961567e-06
1.712677720200402e-02	-4.961567e-06
1.713677720200402e-02	-4.961567e-06
1.714677720200402e-02	-4.961567e-06
1.715677720200402e-02	-4.961567e-06
1.716677720200402e-02	-4.961567e-06
1.717677720200401e-02	-4.961567e-06
1.718677720200401e-02	-4.961567e-06
1.719677720200401e-02	-4.961567e-06
1.720677720200402e-02	-4.961567e-06
1.721677720200402e-02	-4.961567e-06
1.722677720200402e-02	-4.961567e-06
1.723677720200402e-02	-4.961567e-06
1.724677720200402e-02	-4.961567e-06
1.725677720200402e-02	-4.961567e-06
1.726677720200401e-02	-4.961567e-06
1.727677720200401e-02	-4.961567e-06
1.728677720200401e-02	-4.961567e-06
1.729677720200402e-02	-4.961567e-06
1.730677720200402e-02	-4.961567e-06
1.731677720200402e-02	-4.961567e-06
1.732677720200402e-02	-4.961567e-06
1.733677720200402e-02	-4.961567e-06
1.734677720200401e-02	-4.961567e-06
1.735677720200401e-02	-4.961567e-06
1.736677720200401e-02	-4.961567e-06
1.737677720200402e-02	-4.961566e-06
1.738677720200402e-02	-4.961566e-06
1.739677720200402e-02	-4.961567e-06
1.740677720200402e-02	-4.961567e-06
1.741677720200402e-02	-4.961566e-06
1.742677720200402e-02	-4.961566e-06
1.743677720200401e-02	-4.961566e-06
1.744677720200401e-02	-4.961566e-06
1.745677720200401e-02	-4.961566e-06
1.746677720200402e-02	-4.961566e-06
1.747677720200402e-02	-4.961566e-06
1.748677720200402e-02	-4.961566e-06
1.749677720200402e-02	-4.961566e-06
1.750677720200402e-02	-4.961566e-06
1.751677720200401e-02	-4.961566e-06
1.752677720200401e-02	-4.961566e-06
1.753677720200401e-02	-4.961566e-06
1.754677720200402e-02	-4.961566e-06
1.755677720200402e-02	-4.961566e-06
1.756677720200402e-02	-4.961566e-06
1.757677720200402e-02	-4.961566e-06
1.758677720200402e-02	-4.961566e-06
1.759677720200402e-02	-4.961566e-06
1.760677720200401e-02	-4.961566e-06
1.761677720200401e-02	-4.961566e-06
1.762677720200401e-02	-4.961566e-06
1.763677720200402e-02	-4.961566e-06
1.764677720200402e-02	-4.961566e-06
1.765677720200402e-02	-4.961566e-06
1.766677720200402e-02	-4.961566e-06
1.767677720200402e-02	-4.961566e-06
1.768677720200401e-02	-4.961566e-06
1.769677720200401e-02	-4.961566e-06
1.770677720200401e-02	-4.961566e-06
1.771677720200401e-02	-4.961566e-06
1.772677720200402e-02	-4.961566e-06
1.773677720200402e-02	-4.961566e-06
1.774677720200402e-02	-4.961566e-06
1.775677720200402e-02	-4.961566e-06
1.776677720200402e-02	-4.961566e-06
1.777677720200401e-02	-4.961566e-06
1.778677720200401e-02	-4.961566e-06
1.779677720200401e-02	-4.961566e-06
1.780677720200402e-02	-4.961566e-06
1.781677720200402e-02	-4.961566e-06
1.782677720200402e-02	-4.961566e-06
1.783677720200402e-02	-4.961566e-06
1.784677720200402e-02	-4.961566e-06
1.785677720200401e-02	-4.961566e-06
1.786677720200401e-02	-4.961566e-06
1.787677720200401e-02	-4.961566e-06
1.788677720200401e-02	-4.961566e-06
1.789677720200402e-02	-4.961566e-06
1.790677720200402e-02	-4.961566e-06
1.791677720200402e-02	-4.961566e-06
1.792677720200402e-02	-4.961566e-06
1.793677720200402e-02	-4.961566e-06
1.794677720200401e-02	-4.961566e-06
1.795677720200401e-02	-4.961566e-06
1.796677720200401e-02	-4.961566e-06
1.797677720200402e-02	-4.961566e-06
1.798677720200402e-02	-4.961566e-06
1.799677720200402e-02	-4.961566e-06
1.800677720200402e-02	-4.961566e-06
1.801677720200402e-02	-4.961566e-06
1.802677720200401e-02	-4.961566e-06
1.803677720200401e-02	-4.961566e-06
1.804677720200401e-02	-4.961566e-06
1.805677720200401e-02	-4.961566e-06
1.806677720200402e-02	-4.961566e-06
1.807677720200402e-02	-4.961566e-06
1.808677720200402e-02	-4.961566e-06
1.809677720200402e-02	-4.961566e-06
1.810677720200402e-02	-4.961566e-06
1.811677720200401e-02	-4.961566e-06
1.812677720200401e-02	-4.961566e-06
1.813677720200401e-02	-4.961566e-06
1.814677720200402e-02	-4.961566e-06
1.815677720200402e-02	-4.961566e-06
1.816677720200402e-02	-4.961566e-06
1.817677720200402e-02	-4.961566e-06
1.818677720200402e-02	-4.961566e-06
1.819677720200401e-02	-4.961566e-06
1.820677720200401e-02	-4.961566e-06
1.821677720200401e-02	-4.961566e-06
1.822677720200401e-02	-4.961566e-06
1.823677720200402e-02	-4.961566e-06
1.824677720200402e-02	-4.961566e-06
1.825677720200402e-02	-4.961566e-06
1.826677720200402e-02	-4.961566e-06
1.827677720200402e-02	-4.961566e-06
1.828677720200401e-02	-4.961566e-06
1.829677720200401e-02	-4.961566e-06
1.830677720200401e-02	-4.961566e-06
1.831677720200402e-02	-4.961566e-06
1.832677720200402e-02	-4.961566e-06
1.833677720200402e-02	-4.961566e-06
1.834677720200402e-02	-4.961566e-06
1.835677720200402e-02	-4.961566e-06
1.836677720200402e-02	-4.961566e-06
1.837677720200401e-02	-4.961566e-06
1.838677720200401e-02	-4.961566e-06
1.839677720200401e-02	-4.961566e-06
1.840677720200402e-02	-4.961566e-06
1.841677720200402e-02	-4.961566e-06
1.842677720200402e-02	-4.961566e-06
1.843677720200402e-02	-4.961566e-06
1.844677720200402e-02	-4.961566e-06
1.845677720200401e-02	-4.961566e-06
1.846677720200401e-02	-4.961566e-06
1.847677720200401e-02	-4.961566e-06
1.848677720200402e-02	-4.961566e-06
1.849677720200402e-02	-4.961566e-06
1.850677720200402e-02	-4.961566e-06
1.851677720200402e-02	-4.961566e-06
1.852677720200402e-02	-4.961566e-06
1.853677720200402e-02	-4.961566e-06
1.854677720200401e-02	-4.961566e-06
1.855677720200401e-02	-4.961566e-06
1.856677720200401e-02	-4.961566e-06
1.857677720200402e-02	-4.961566e-06
1.858677720200402e-02	-4.961566e-06
1.859677720200402e-02	-4.961566e-06
1.860677720200402e-02	-4.961566e-06
1.861677720200402e-02	-4.961566e-06
1.862677720200401e-02	-4.961566e-06
1.863677720200401e-02	-4.961566e-06
1.864677720200401e-02	-4.961566e-06
1.865677720200402e-02	-4.961566e-06
1.866677720200402e-02	-4.961566e-06
1.867677720200402e-02	-4.961566e-06
1.868677720200402e-02	-4.961566e-06
1.869677720200402e-02	-4.961566e-06
1.870677720200402e-02	-4.961566e-06
1.871677720200401e-02	-4.961566e-06
1.872677720200401e-02	-4.961566e-06
1.873677720200401e-02	-4.961566e-06
1.874677720200402e-02	-4.961566e-06
1.875677720200402e-02	-4.961566e-06
1.876677720200402e-02	-4.961566e-06
1.877677720200402e-02	-4.961566e-06
1.878677720200402e-02	-4.961566e-06
1.879677720200401e-02	-4.961566e-06
1.880677720200401e-02	-4.961566e-06
1.881677720200401e-02	-4.961566e-06
1.882677720200402e-02	-4.961566e-06
1.883677720200402e-02	-4.961566e-06
1.884677720200402e-02	-4.961566e-06
1.885677720200402e-02	-4.961566e-06
1.886677720200402e-02	-4.961566e-06
1.887677720200402e-02	-4.961566e-06
1.888677720200401e-02	-4.961566e-06
1.889677720200401e-02	-4.961566e-06
1.890677720200401e-02	-4.961566e-06
1.891677720200402e-02	-4.961566e-06
1.892677720200402e-02	-4.961566e-06
1.893677720200402e-02	-4.961566e-06
1.894677720200402e-02	-4.961566e-06
1.895677720200402e-02	-4.961566e-06
1.896677720200401e-02	-4.961566e-06
1.897677720200401e-02	-4.961566e-06
1.898677720200401e-02	-4.961566e-06
1.899677720200401e-02	-4.961566e-06
1.900677720200402e-02	-4.961566e-06
1.901677720200402e-02	-4.961566e-06
1.902677720200402e-02	-4.961566e-06
1.903677720200402e-02	-4.961566e-06
1.904677720200402e-02	-4.961566e-06
1.905677720200401e-02	-4.961566e-06
1.906677720200401e-02	-4.961566e-06
1.907677720200401e-02	-4.961566e-06
1.908677720200402e-02	-4.961566e-06
1.909677720200402e-02	-4.961566e-06
1.910677720200402e-02	-4.961566e-06
1.911677720200402e-02	-4.961566e-06
1.912677720200402e-02	-4.961566e-06
1.913677720200401e-02	-4.961566e-06
1.914677720200401e-02	-4.961566e-06
1.915677720200401e-02	-4.961566e-06
1.916677720200401e-02	-4.961566e-06
1.917677720200402e-02	-4.961565e-06
1.918677720200402e-02	-4.961565e-06
1.919677720200402e-02	-4.961566e-06
1.920677720200402e-02	-4.961566e-06
1.921677720200402e-02	-4.961566e-06
1.922677720200401e-02	-4.961566e-06
1.923677720200401e-02	-4.961566e-06
1.924677720200401e-02	-4.961566e-06
1.925677720200402e-02	-4.961566e-06
1.926677720200402e-02	-4.961566e-06
1.927677720200402e-02	-4.961566e-06
1.928677720200402e-02	-4.961566e-06
1.929677720200402e-02	-4.961565e-06
1.930677720200401e-02	-4.961565e-06
1.931677720200401e-02	-4.961565e-06
1.932677720200401e-02	-4.961565e-06
1.933677720200401e-02	-4.961566e-06
1.934677720200402e-02	-4.961566e-06
1.935677720200402e-02	-4.961566e-06
1.936677720200402e-02	-4.961566e-06
1.937677720200402e-02	-4.961566e-06
1.938677720200402e-02	-4.961566e-06
1.939677720200401e-02	-4.961566e-06
1.940677720200401e-02	-4.961566e-06
1.941677720200401e-02	-4.961566e-06
1.942677720200402e-02	-4.961566e-06
1.943677720200402e-02	-4.961566e-06
1.944677720200402e-02	-4.961566e-06
1.945677720200402e-02	-4.961566e-06
1.946677720200402e-02	-4.961566e-06
1.947677720200401e-02	-4.961566e-06
1.948677720200401e-02	-4.961566e-06
1.949677720200401e-02	-4.961566e-06
1.950677720200401e-02	-4.961566e-06
1.951677720200402e-02	-4.961566e-06
1.952677720200402e-02	-4.961566e-06
1.953677720200402e-02	-4.961566e-06
1.954677720200402e-02	-4.961566e-06
1.955677720200402e-02	-4.961566e-06
1.956677720200401e-02	-4.961566e-06
1.957677720200401e-02	-4.961566e-06
1.958677720200401e-02	-4.961566e-06
1.959677720200402e-02	-4.961566e-06
1.960677720200402e-02	-4.961566e-06
1.961677720200402e-02	-4.961566e-06
1.962677720200402e-02	-4.961566e-06
1.963677720200402e-02	-4.961566e-06
1.964677720200401e-02	-4.961566e-06
1.965677720200401e-02	-4.961566e-06
1.966677720200401e-02	-4.961566e-06
1.967677720200401e-02	-4.961566e-06
1.968677720200402e-02	-4.961566e-06
1.969677720200402e-02	-4.961566e-06
1.970677720200402e-02	-4.961566e-06
1.971677720200402e-02	-4.961566e-06
1.972677720200402e-02	-4.961566e-06
1.973677720200401e-02	-4.961566e-06
1.974677720200401e-02	-4.961566e-06
1.975677720200401e-02	-4.961566e-06
1.976677720200402e-02	-4.961566e-06
1.977677720200402e-02	-4.961566e-06
1.978677720200402e-02	-4.961566e-06
1.979677720200402e-02	-4.961566e-06
1.980677720200402e-02	-4.961565e-06
1.981677720200401e-02	-4.961565e-06
1.982677720200401e-02	-4.961565e-06
1.983677720200401e-02	-4.961565e-06
1.984677720200401e-02	-4.961565e-06
1.985677720200402e-02	-4.961565e-06
1.986677720200402e-02	-4.961565e-06
1.987677720200402e-02	-4.961565e-06
1.988677720200402e-02	-4.961566e-06
1.989677720200402e-02	-4.961566e-06
1.990677720200401e-02	-4.961566e-06
1.991677720200401e-02	-4.961566e-06
1.992677720200401e-02	-4.961566e-06
1.993677720200402e-02	-4.961566e-06
1.994677720200402e-02	-4.961566e-06
1.995677720200402e-02	-4.961566e-06
1.996677720200402e-02	-4.961565e-06
1.997677720200402e-02	-4.961565e-06
1.998677720200401e-02	-4.961565e-06
1.999677720200401e-02	-4.961565e-06
2.000000000000000e-02	-4.961565e-06
