time	Ix(M3:S)
0.000000000000000e+00	-2.034810e-07
9.999999439624929e-11	-2.021885e-07
1.999999887924986e-10	-2.009148e-07
3.999999775849972e-10	-1.983556e-07
7.999999551699943e-10	-1.931158e-07
1.599999910339989e-09	-1.823921e-07
3.199999820679977e-09	-1.607316e-07
6.399999641359955e-09	-1.179282e-07
1.279999928271991e-08	-3.543642e-08
2.559999856543982e-08	1.327546e-07
5.119999713087964e-08	1.760436e-06
9.252070775647470e-08	3.861645e-06
1.510105614849590e-07	1.041444e-06
2.057097563394625e-07	-2.118771e-06
2.711918199481543e-07	-4.090013e-06
3.308260921975742e-07	-5.328686e-06
4.437653210593508e-07	-6.414145e-06
4.641529771383221e-07	-6.482496e-06
5.049282892962648e-07	-6.478536e-06
5.864789136121502e-07	-6.489502e-06
7.495801622439208e-07	-6.509611e-06
1.075782659507462e-06	-6.533005e-06
1.633817302632812e-06	-6.527571e-06
2.330362374581690e-06	-6.458180e-06
3.315593155943878e-06	-6.308770e-06
4.937628055957390e-06	-6.057510e-06
8.181697855984414e-06	-6.019659e-06
1.466983745603846e-05	-8.449524e-06
2.466983745603846e-05	-1.511229e-05
3.466983745603846e-05	-2.058714e-05
4.466983745603846e-05	-2.306728e-05
5.466983745603846e-05	-2.313243e-05
6.466983745603846e-05	-2.172578e-05
7.466983745603846e-05	-1.988171e-05
8.466983745603846e-05	-1.816922e-05
9.466983745603846e-05	-1.667593e-05
1.000000009999994e-04	-1.600204e-05
1.000000019999994e-04	-1.600204e-05
1.000000179999994e-04	-1.600207e-05
1.000000499999994e-04	-1.600219e-05
1.000001139999994e-04	-1.600254e-05
1.000002419999994e-04	-1.600332e-05
1.000004979999994e-04	-1.600442e-05
1.000010099999994e-04	-1.600497e-05
1.000020339999994e-04	-1.600382e-05
1.000040819999994e-04	-1.600096e-05
1.000081779999994e-04	-1.599728e-05
1.000163699999994e-04	-1.599324e-05
1.000327539999994e-04	-1.598938e-05
1.000655219999995e-04	-1.598557e-05
1.001310579999995e-04	-1.597900e-05
1.002621299999997e-04	-1.596470e-05
1.005242740000000e-04	-1.593535e-05
1.010485620000006e-04	-1.587690e-05
1.020971380000018e-04	-1.576072e-05
1.041942900000042e-04	-1.552881e-05
1.083885940000089e-04	-1.505767e-05
1.167772020000184e-04	-1.409597e-05
1.267772020000184e-04	-1.296667e-05
1.367772020000184e-04	-1.190144e-05
1.467772020000184e-04	-1.092079e-05
1.567772020000184e-04	-1.002326e-05
1.667772020000184e-04	-9.201314e-06
1.767772020000184e-04	-8.450383e-06
1.867772020000184e-04	-7.764623e-06
1.967772020000184e-04	-7.138249e-06
2.067772020000184e-04	-6.566347e-06
2.167772020000184e-04	-6.666593e-06
2.267772020000184e-04	-8.778838e-06
2.367772020000184e-04	-1.153936e-05
2.467772020000184e-04	-1.331422e-05
2.567772020000184e-04	-1.459075e-05
2.667772020000184e-04	-1.561280e-05
2.767772020000184e-04	-1.663305e-05
2.867772020000184e-04	-1.762696e-05
2.967772020000184e-04	-1.860656e-05
3.067772020000184e-04	-1.953390e-05
3.167772020000184e-04	-2.039223e-05
3.267772020000184e-04	-2.121958e-05
3.367772020000184e-04	-2.044571e-05
3.467772020000184e-04	-1.516255e-05
3.526689974438482e-04	-1.223327e-05
3.584169121317970e-04	-1.150929e-05
3.654051165794683e-04	-1.086795e-05
3.722249489212302e-04	-1.010092e-05
3.782766817416345e-04	-9.628066e-06
3.843428632561266e-04	-9.516983e-06
3.901874126668784e-04	-9.461316e-06
4.001874126668784e-04	-9.347190e-06
4.101874126668784e-04	-9.245945e-06
4.201874126668784e-04	-9.144471e-06
4.301874126668784e-04	-9.044288e-06
4.401874126668784e-04	-8.944196e-06
4.501874126668784e-04	-8.845480e-06
4.601874126668784e-04	-8.747527e-06
4.701874126668784e-04	-8.651483e-06
4.801874126668784e-04	-8.556618e-06
4.901874126668784e-04	-8.463925e-06
5.001874126668783e-04	-8.372635e-06
5.101874126668784e-04	-8.283635e-06
5.201874126668784e-04	-8.539412e-06
5.301874126668784e-04	-1.047876e-05
5.401874126668783e-04	-1.221255e-05
5.501874126668784e-04	-1.221804e-05
5.601874126668784e-04	-1.201473e-05
5.701874126668784e-04	-1.177309e-05
5.801874126668783e-04	-1.152252e-05
5.901874126668784e-04	-1.127425e-05
6.001874126668784e-04	-1.103124e-05
6.101874126668784e-04	-1.079614e-05
6.201874126668783e-04	-1.056915e-05
6.301874126668784e-04	-1.035095e-05
6.401874126668784e-04	-1.013977e-05
6.501874126668784e-04	-9.933846e-06
6.601874126668783e-04	-9.732178e-06
6.701874126668784e-04	-9.536123e-06
6.801874126668784e-04	-9.346059e-06
6.901874126668784e-04	-9.162864e-06
7.001874126668783e-04	-8.986383e-06
7.101874126668784e-04	-8.817112e-06
7.201874126668784e-04	-8.654672e-06
7.301874126668784e-04	-8.499391e-06
7.401874126668783e-04	-8.350789e-06
7.501874126668783e-04	-8.209101e-06
7.601874126668784e-04	-8.073799e-06
7.701874126668784e-04	-7.945066e-06
7.801874126668783e-04	-7.822347e-06
7.901874126668783e-04	-7.705797e-06
8.001874126668784e-04	-7.594851e-06
8.101874126668784e-04	-7.489642e-06
8.201874126668783e-04	-7.389608e-06
8.301874126668783e-04	-7.294871e-06
8.401874126668784e-04	-7.204873e-06
8.501874126668784e-04	-7.119734e-06
8.601874126668783e-04	-7.038907e-06
8.701874126668783e-04	-6.962511e-06
8.801874126668784e-04	-6.890014e-06
8.901874126668784e-04	-6.821540e-06
9.001874126668783e-04	-6.756572e-06
9.101874126668783e-04	-6.695245e-06
9.201874126668784e-04	-6.637058e-06
9.301874126668784e-04	-6.582153e-06
9.401874126668783e-04	-6.530052e-06
9.501874126668783e-04	-6.480905e-06
9.601874126668784e-04	-6.434253e-06
9.701874126668784e-04	-6.390257e-06
9.801874126668783e-04	-6.348478e-06
9.901874126668783e-04	-6.308872e-06
1.000000000000000e-03	-9.151310e-06
1.000000001000000e-03	-9.151338e-06
1.000000017000000e-03	-9.152066e-06
1.000000049000000e-03	-9.152675e-06
1.000000113000000e-03	-9.152061e-06
1.000000241000000e-03	-9.148294e-06
1.000000497000000e-03	-9.135778e-06
1.000001009000000e-03	-9.097169e-06
1.000002033000000e-03	-8.989401e-06
1.000004081000000e-03	-8.736544e-06
1.000008177000000e-03	-8.263524e-06
1.000016369000001e-03	-7.584006e-06
1.000032753000001e-03	-6.877952e-06
1.000065521000002e-03	-6.414218e-06
1.000131057000004e-03	-6.273049e-06
1.000262129000007e-03	-6.270637e-06
1.000524273000015e-03	-6.270064e-06
1.001048561000029e-03	-6.268046e-06
1.002097137000058e-03	-6.264327e-06
1.004194289000116e-03	-6.256847e-06
1.008388593000232e-03	-6.242256e-06
1.016777201000463e-03	-6.214011e-06
1.026777201000463e-03	-6.181802e-06
1.036777201000463e-03	-6.151236e-06
1.046777201000463e-03	-6.122292e-06
1.056777201000463e-03	-6.094881e-06
1.066777201000463e-03	-6.068918e-06
1.076777201000463e-03	-6.044325e-06
1.086777201000463e-03	-6.021026e-06
1.096777201000463e-03	-5.998951e-06
1.106777201000463e-03	-5.978032e-06
1.116777201000463e-03	-5.958208e-06
1.126777201000463e-03	-5.939418e-06
1.136777201000463e-03	-5.921607e-06
1.146777201000463e-03	-5.904722e-06
1.156777201000463e-03	-5.888714e-06
1.166777201000463e-03	-5.873535e-06
1.176777201000463e-03	-5.859141e-06
1.186777201000463e-03	-5.845490e-06
1.196777201000463e-03	-5.832543e-06
1.206777201000463e-03	-5.820262e-06
1.216777201000463e-03	-5.808613e-06
1.226777201000463e-03	-5.797562e-06
1.236777201000463e-03	-5.787077e-06
1.246777201000463e-03	-5.777129e-06
1.256777201000463e-03	-5.767689e-06
1.266777201000463e-03	-5.758731e-06
1.276777201000463e-03	-5.750230e-06
1.286777201000463e-03	-5.742163e-06
1.296777201000463e-03	-5.734506e-06
1.306777201000463e-03	-5.727238e-06
1.316777201000463e-03	-5.720339e-06
1.326777201000463e-03	-5.713791e-06
1.336777201000463e-03	-5.707574e-06
1.346777201000463e-03	-5.701673e-06
1.356777201000463e-03	-5.696070e-06
1.366777201000463e-03	-5.690751e-06
1.376777201000463e-03	-5.685700e-06
1.386777201000463e-03	-5.680904e-06
1.396777201000463e-03	-5.676351e-06
1.406777201000463e-03	-5.672027e-06
1.416777201000463e-03	-5.667921e-06
1.426777201000463e-03	-5.664022e-06
1.436777201000463e-03	-5.660318e-06
1.446777201000463e-03	-5.656802e-06
1.456777201000463e-03	-5.653462e-06
1.466777201000463e-03	-5.650290e-06
1.476777201000463e-03	-5.647277e-06
1.486777201000463e-03	-5.644416e-06
1.496777201000463e-03	-5.641697e-06
1.506777201000463e-03	-5.639115e-06
1.516777201000463e-03	-5.636663e-06
1.526777201000463e-03	-5.634333e-06
1.536777201000463e-03	-5.632121e-06
1.546777201000463e-03	-5.630018e-06
1.556777201000463e-03	-5.628021e-06
1.566777201000463e-03	-5.626124e-06
1.576777201000463e-03	-5.624321e-06
1.586777201000463e-03	-5.622609e-06
1.596777201000463e-03	-5.620982e-06
1.606777201000463e-03	-5.619436e-06
1.616777201000463e-03	-5.617967e-06
1.626777201000463e-03	-5.616572e-06
1.636777201000463e-03	-5.615246e-06
1.646777201000463e-03	-5.613987e-06
1.656777201000463e-03	-5.612789e-06
1.666777201000463e-03	-5.611652e-06
1.676777201000463e-03	-5.610571e-06
1.686777201000463e-03	-5.609544e-06
1.696777201000463e-03	-5.608568e-06
1.706777201000463e-03	-5.607641e-06
1.716777201000463e-03	-5.606759e-06
1.726777201000463e-03	-5.605921e-06
1.736777201000463e-03	-5.605125e-06
1.746777201000463e-03	-5.604369e-06
1.756777201000463e-03	-5.603650e-06
1.766777201000463e-03	-5.602967e-06
1.776777201000463e-03	-5.602317e-06
1.786777201000463e-03	-5.601700e-06
1.796777201000463e-03	-5.601113e-06
1.806777201000463e-03	-5.600555e-06
1.816777201000463e-03	-5.600025e-06
1.826777201000463e-03	-5.599521e-06
1.836777201000463e-03	-5.599042e-06
1.846777201000463e-03	-5.598587e-06
1.856777201000463e-03	-5.598154e-06
1.866777201000463e-03	-5.597743e-06
1.876777201000463e-03	-5.597351e-06
1.886777201000463e-03	-5.596979e-06
1.896777201000463e-03	-5.596626e-06
1.906777201000463e-03	-5.596290e-06
1.916777201000463e-03	-5.595970e-06
1.926777201000463e-03	-5.595666e-06
1.936777201000463e-03	-5.595377e-06
1.946777201000463e-03	-5.595103e-06
1.956777201000463e-03	-5.594842e-06
1.966777201000463e-03	-5.594593e-06
1.976777201000463e-03	-5.594357e-06
1.986777201000463e-03	-5.594133e-06
1.996777201000463e-03	-5.593919e-06
2.006777201000463e-03	-5.593716e-06
2.016777201000463e-03	-5.593522e-06
2.026777201000463e-03	-5.593339e-06
2.036777201000463e-03	-5.593165e-06
2.046777201000463e-03	-5.592998e-06
2.056777201000463e-03	-5.592840e-06
2.066777201000463e-03	-5.592690e-06
2.076777201000463e-03	-5.592547e-06
2.086777201000463e-03	-5.592411e-06
2.096777201000463e-03	-5.592281e-06
2.106777201000463e-03	-5.592159e-06
2.116777201000463e-03	-5.592041e-06
2.126777201000463e-03	-5.591930e-06
2.136777201000463e-03	-5.591824e-06
2.146777201000463e-03	-5.591723e-06
2.156777201000463e-03	-5.591627e-06
2.166777201000463e-03	-5.591536e-06
2.176777201000463e-03	-5.591449e-06
2.186777201000463e-03	-5.591367e-06
2.196777201000463e-03	-5.591288e-06
2.206777201000463e-03	-5.591213e-06
2.216777201000463e-03	-5.591141e-06
2.226777201000463e-03	-5.591074e-06
2.236777201000463e-03	-5.591009e-06
2.246777201000463e-03	-5.590948e-06
2.256777201000463e-03	-5.590889e-06
2.266777201000463e-03	-5.590834e-06
2.276777201000463e-03	-5.590780e-06
2.286777201000463e-03	-5.590730e-06
2.296777201000463e-03	-5.590682e-06
2.306777201000463e-03	-5.590636e-06
2.316777201000463e-03	-5.590593e-06
2.326777201000463e-03	-5.590551e-06
2.336777201000463e-03	-5.590511e-06
2.346777201000463e-03	-5.590474e-06
2.356777201000463e-03	-5.590438e-06
2.366777201000463e-03	-5.590403e-06
2.376777201000463e-03	-5.590371e-06
2.386777201000463e-03	-5.590340e-06
2.396777201000463e-03	-5.590310e-06
2.406777201000463e-03	-5.590282e-06
2.416777201000463e-03	-5.590255e-06
2.426777201000463e-03	-5.590230e-06
2.436777201000463e-03	-5.590205e-06
2.446777201000463e-03	-5.590182e-06
2.456777201000463e-03	-5.590160e-06
2.466777201000463e-03	-5.590138e-06
2.476777201000463e-03	-5.590118e-06
2.486777201000463e-03	-5.590099e-06
2.496777201000463e-03	-5.590081e-06
2.506777201000463e-03	-5.590063e-06
2.516777201000463e-03	-5.590046e-06
2.526777201000463e-03	-5.590030e-06
2.536777201000463e-03	-5.590015e-06
2.546777201000463e-03	-5.590001e-06
2.556777201000463e-03	-5.589987e-06
2.566777201000463e-03	-5.589974e-06
2.576777201000463e-03	-5.589961e-06
2.586777201000463e-03	-5.589949e-06
2.596777201000463e-03	-5.589937e-06
2.606777201000463e-03	-5.589926e-06
2.616777201000463e-03	-5.589916e-06
2.626777201000463e-03	-5.589906e-06
2.636777201000463e-03	-5.589896e-06
2.646777201000463e-03	-5.589887e-06
2.656777201000463e-03	-5.589878e-06
2.666777201000463e-03	-5.589870e-06
2.676777201000463e-03	-5.589862e-06
2.686777201000463e-03	-5.589854e-06
2.696777201000463e-03	-5.589847e-06
2.706777201000463e-03	-5.589840e-06
2.716777201000463e-03	-5.589833e-06
2.726777201000463e-03	-5.589827e-06
2.736777201000463e-03	-5.589820e-06
2.746777201000463e-03	-5.589814e-06
2.756777201000463e-03	-5.589809e-06
2.766777201000463e-03	-5.589804e-06
2.776777201000463e-03	-5.589798e-06
2.786777201000463e-03	-5.589794e-06
2.796777201000463e-03	-5.589789e-06
2.806777201000463e-03	-5.589784e-06
2.816777201000463e-03	-5.589780e-06
2.826777201000463e-03	-5.589775e-06
2.836777201000463e-03	-5.589772e-06
2.846777201000463e-03	-5.589768e-06
2.856777201000463e-03	-5.589764e-06
2.866777201000463e-03	-5.589760e-06
2.876777201000463e-03	-5.589757e-06
2.886777201000463e-03	-5.589754e-06
2.896777201000463e-03	-5.589750e-06
2.906777201000463e-03	-5.589748e-06
2.916777201000463e-03	-5.589744e-06
2.926777201000463e-03	-5.589742e-06
2.936777201000463e-03	-5.589739e-06
2.946777201000463e-03	-5.589736e-06
2.956777201000463e-03	-5.589734e-06
2.966777201000463e-03	-5.589731e-06
2.976777201000463e-03	-5.589729e-06
2.986777201000463e-03	-5.589727e-06
2.996777201000463e-03	-5.589724e-06
3.006777201000463e-03	-5.589723e-06
3.016777201000463e-03	-5.589720e-06
3.026777201000463e-03	-5.589719e-06
3.036777201000463e-03	-5.589717e-06
3.046777201000463e-03	-5.589715e-06
3.056777201000463e-03	-5.589714e-06
3.066777201000463e-03	-5.589712e-06
3.076777201000463e-03	-5.589710e-06
3.086777201000463e-03	-5.589709e-06
3.096777201000463e-03	-5.589707e-06
3.106777201000463e-03	-5.589705e-06
3.116777201000463e-03	-5.589704e-06
3.126777201000463e-03	-5.589703e-06
3.136777201000463e-03	-5.589701e-06
3.146777201000463e-03	-5.589700e-06
3.156777201000463e-03	-5.589699e-06
3.166777201000463e-03	-5.589698e-06
3.176777201000463e-03	-5.589696e-06
3.186777201000463e-03	-5.589695e-06
3.196777201000463e-03	-5.589694e-06
3.206777201000463e-03	-5.589693e-06
3.216777201000463e-03	-5.589692e-06
3.226777201000463e-03	-5.589691e-06
3.236777201000463e-03	-5.589690e-06
3.246777201000463e-03	-5.589689e-06
3.256777201000463e-03	-5.589688e-06
3.266777201000463e-03	-5.589687e-06
3.276777201000463e-03	-5.589686e-06
3.286777201000463e-03	-5.589685e-06
3.296777201000463e-03	-5.589685e-06
3.306777201000463e-03	-5.589684e-06
3.316777201000463e-03	-5.589683e-06
3.326777201000463e-03	-5.589683e-06
3.336777201000463e-03	-5.589682e-06
3.346777201000463e-03	-5.589681e-06
3.356777201000463e-03	-5.589680e-06
3.366777201000463e-03	-5.589679e-06
3.376777201000463e-03	-5.589679e-06
3.386777201000463e-03	-5.589678e-06
3.396777201000463e-03	-5.589678e-06
3.406777201000463e-03	-5.589677e-06
3.416777201000463e-03	-5.589676e-06
3.426777201000463e-03	-5.589676e-06
3.436777201000463e-03	-5.589675e-06
3.446777201000463e-03	-5.589674e-06
3.456777201000463e-03	-5.589674e-06
3.466777201000463e-03	-5.589673e-06
3.476777201000463e-03	-5.589673e-06
3.486777201000463e-03	-5.589673e-06
3.496777201000463e-03	-5.589672e-06
3.506777201000463e-03	-5.589672e-06
3.516777201000463e-03	-5.589671e-06
3.526777201000463e-03	-5.589671e-06
3.536777201000463e-03	-5.589670e-06
3.546777201000463e-03	-5.589670e-06
3.556777201000463e-03	-5.589669e-06
3.566777201000463e-03	-5.589669e-06
3.576777201000463e-03	-5.589668e-06
3.586777201000463e-03	-5.589668e-06
3.596777201000463e-03	-5.589668e-06
3.606777201000463e-03	-5.589667e-06
3.616777201000463e-03	-5.589667e-06
3.626777201000463e-03	-5.589666e-06
3.636777201000463e-03	-5.589666e-06
3.646777201000463e-03	-5.589665e-06
3.656777201000463e-03	-5.589665e-06
3.666777201000463e-03	-5.589665e-06
3.676777201000463e-03	-5.589664e-06
3.686777201000463e-03	-5.589664e-06
3.696777201000463e-03	-5.589664e-06
3.706777201000463e-03	-5.589663e-06
3.716777201000463e-03	-5.589663e-06
3.726777201000463e-03	-5.589663e-06
3.736777201000463e-03	-5.589663e-06
3.746777201000463e-03	-5.589662e-06
3.756777201000463e-03	-5.589662e-06
3.766777201000463e-03	-5.589662e-06
3.776777201000463e-03	-5.589662e-06
3.786777201000463e-03	-5.589661e-06
3.796777201000463e-03	-5.589661e-06
3.806777201000463e-03	-5.589661e-06
3.816777201000463e-03	-5.589660e-06
3.826777201000463e-03	-5.589660e-06
3.836777201000463e-03	-5.589660e-06
3.846777201000463e-03	-5.589660e-06
3.856777201000463e-03	-5.589659e-06
3.866777201000463e-03	-5.589659e-06
3.876777201000463e-03	-5.589659e-06
3.886777201000463e-03	-5.589659e-06
3.896777201000463e-03	-5.589658e-06
3.906777201000463e-03	-5.589658e-06
3.916777201000463e-03	-5.589658e-06
3.926777201000463e-03	-5.589658e-06
3.936777201000463e-03	-5.589658e-06
3.946777201000463e-03	-5.589657e-06
3.956777201000463e-03	-5.589657e-06
3.966777201000463e-03	-5.589657e-06
3.976777201000463e-03	-5.589657e-06
3.986777201000463e-03	-5.589656e-06
3.996777201000463e-03	-5.589656e-06
4.006777201000463e-03	-5.589656e-06
4.016777201000463e-03	-5.589656e-06
4.026777201000463e-03	-5.589656e-06
4.036777201000463e-03	-5.589655e-06
4.046777201000462e-03	-5.589655e-06
4.056777201000463e-03	-5.589655e-06
4.066777201000463e-03	-5.589655e-06
4.076777201000463e-03	-5.589655e-06
4.086777201000463e-03	-5.589655e-06
4.096777201000463e-03	-5.589654e-06
4.106777201000463e-03	-5.589654e-06
4.116777201000463e-03	-5.589654e-06
4.126777201000463e-03	-5.589654e-06
4.136777201000463e-03	-5.589654e-06
4.146777201000463e-03	-5.589653e-06
4.156777201000463e-03	-5.589653e-06
4.166777201000463e-03	-5.589653e-06
4.176777201000463e-03	-5.589653e-06
4.186777201000463e-03	-5.589653e-06
4.196777201000462e-03	-5.589653e-06
4.206777201000463e-03	-5.589653e-06
4.216777201000462e-03	-5.589653e-06
4.226777201000463e-03	-5.589653e-06
4.236777201000463e-03	-5.589653e-06
4.246777201000463e-03	-5.589652e-06
4.256777201000463e-03	-5.589652e-06
4.266777201000463e-03	-5.589652e-06
4.276777201000463e-03	-5.589652e-06
4.286777201000463e-03	-5.589652e-06
4.296777201000463e-03	-5.589652e-06
4.306777201000463e-03	-5.589652e-06
4.316777201000463e-03	-5.589651e-06
4.326777201000463e-03	-5.589651e-06
4.336777201000463e-03	-5.589651e-06
4.346777201000463e-03	-5.589651e-06
4.356777201000463e-03	-5.589651e-06
4.366777201000462e-03	-5.589651e-06
4.376777201000463e-03	-5.589651e-06
4.386777201000462e-03	-5.589651e-06
4.396777201000463e-03	-5.589650e-06
4.406777201000463e-03	-5.589650e-06
4.416777201000463e-03	-5.589650e-06
4.426777201000463e-03	-5.589650e-06
4.436777201000463e-03	-5.589650e-06
4.446777201000463e-03	-5.589650e-06
4.456777201000463e-03	-5.589650e-06
4.466777201000463e-03	-5.589650e-06
4.476777201000463e-03	-5.589649e-06
4.486777201000463e-03	-5.589649e-06
4.496777201000463e-03	-5.589649e-06
4.506777201000463e-03	-5.589649e-06
4.516777201000462e-03	-5.589649e-06
4.526777201000463e-03	-5.589649e-06
4.536777201000462e-03	-5.589649e-06
4.546777201000463e-03	-5.589649e-06
4.556777201000463e-03	-5.589649e-06
4.566777201000463e-03	-5.589649e-06
4.576777201000463e-03	-5.589648e-06
4.586777201000463e-03	-5.589648e-06
4.596777201000463e-03	-5.589648e-06
4.606777201000463e-03	-5.589648e-06
4.616777201000463e-03	-5.589648e-06
4.626777201000463e-03	-5.589648e-06
4.636777201000463e-03	-5.589648e-06
4.646777201000463e-03	-5.589648e-06
4.656777201000463e-03	-5.589648e-06
4.666777201000463e-03	-5.589648e-06
4.676777201000463e-03	-5.589648e-06
4.686777201000462e-03	-5.589648e-06
4.696777201000463e-03	-5.589648e-06
4.706777201000462e-03	-5.589648e-06
4.716777201000463e-03	-5.589648e-06
4.726777201000463e-03	-5.589648e-06
4.736777201000463e-03	-5.589648e-06
4.746777201000463e-03	-5.589648e-06
4.756777201000463e-03	-5.589648e-06
4.766777201000463e-03	-5.589647e-06
4.776777201000463e-03	-5.589647e-06
4.786777201000463e-03	-5.589647e-06
4.796777201000463e-03	-5.589647e-06
4.806777201000463e-03	-5.589647e-06
4.816777201000463e-03	-5.589647e-06
4.826777201000463e-03	-5.589647e-06
4.836777201000462e-03	-5.589647e-06
4.846777201000463e-03	-5.589647e-06
4.856777201000462e-03	-5.589647e-06
4.866777201000463e-03	-5.589647e-06
4.876777201000462e-03	-5.589647e-06
4.886777201000463e-03	-5.589647e-06
4.896777201000463e-03	-5.589647e-06
4.906777201000463e-03	-5.589647e-06
4.916777201000463e-03	-5.589647e-06
4.926777201000463e-03	-5.589647e-06
4.936777201000463e-03	-5.589647e-06
4.946777201000463e-03	-5.589647e-06
4.956777201000463e-03	-5.589646e-06
4.966777201000463e-03	-5.589646e-06
4.976777201000463e-03	-5.589646e-06
4.986777201000463e-03	-5.589646e-06
4.996777201000463e-03	-5.589646e-06
5.006777201000462e-03	-5.589646e-06
5.016777201000463e-03	-5.589646e-06
5.026777201000462e-03	-5.589646e-06
5.036777201000463e-03	-5.589646e-06
5.046777201000462e-03	-5.589646e-06
5.056777201000463e-03	-5.589646e-06
5.066777201000463e-03	-5.589646e-06
5.076777201000463e-03	-5.589646e-06
5.086777201000463e-03	-5.589646e-06
5.096777201000463e-03	-5.589646e-06
5.106777201000463e-03	-5.589646e-06
5.116777201000463e-03	-5.589646e-06
5.126777201000463e-03	-5.589646e-06
5.136777201000463e-03	-5.589646e-06
5.146777201000463e-03	-5.589646e-06
5.156777201000462e-03	-5.589645e-06
5.166777201000463e-03	-5.589645e-06
5.176777201000462e-03	-5.589646e-06
5.186777201000463e-03	-5.589646e-06
5.196777201000462e-03	-5.589645e-06
5.206777201000463e-03	-5.589645e-06
5.216777201000463e-03	-5.589645e-06
5.226777201000463e-03	-5.589645e-06
5.236777201000463e-03	-5.589645e-06
5.246777201000463e-03	-5.589645e-06
5.256777201000463e-03	-5.589645e-06
5.266777201000463e-03	-5.589645e-06
5.276777201000463e-03	-5.589645e-06
5.286777201000463e-03	-5.589645e-06
5.296777201000463e-03	-5.589645e-06
5.306777201000463e-03	-5.589645e-06
5.316777201000463e-03	-5.589645e-06
5.326777201000462e-03	-5.589645e-06
5.336777201000463e-03	-5.589645e-06
5.346777201000462e-03	-5.589645e-06
5.356777201000463e-03	-5.589645e-06
5.366777201000462e-03	-5.589645e-06
5.376777201000463e-03	-5.589645e-06
5.386777201000463e-03	-5.589645e-06
5.396777201000463e-03	-5.589645e-06
5.406777201000463e-03	-5.589645e-06
5.416777201000463e-03	-5.589645e-06
5.426777201000463e-03	-5.589645e-06
5.436777201000463e-03	-5.589645e-06
5.446777201000463e-03	-5.589645e-06
5.456777201000463e-03	-5.589645e-06
5.466777201000463e-03	-5.589645e-06
5.476777201000462e-03	-5.589644e-06
5.486777201000463e-03	-5.589644e-06
5.496777201000462e-03	-5.589644e-06
5.506777201000463e-03	-5.589644e-06
5.516777201000462e-03	-5.589645e-06
5.526777201000463e-03	-5.589645e-06
5.536777201000462e-03	-5.589644e-06
5.546777201000463e-03	-5.589644e-06
5.556777201000463e-03	-5.589644e-06
5.566777201000463e-03	-5.589644e-06
5.576777201000463e-03	-5.589644e-06
5.586777201000463e-03	-5.589644e-06
5.596777201000463e-03	-5.589644e-06
5.606777201000463e-03	-5.589644e-06
5.616777201000463e-03	-5.589644e-06
5.626777201000463e-03	-5.589644e-06
5.636777201000463e-03	-5.589644e-06
5.646777201000462e-03	-5.589644e-06
5.656777201000463e-03	-5.589644e-06
5.666777201000462e-03	-5.589644e-06
5.676777201000463e-03	-5.589644e-06
5.686777201000462e-03	-5.589644e-06
5.696777201000463e-03	-5.589644e-06
5.706777201000462e-03	-5.589644e-06
5.716777201000463e-03	-5.589644e-06
5.726777201000463e-03	-5.589644e-06
5.736777201000463e-03	-5.589644e-06
5.746777201000463e-03	-5.589644e-06
5.756777201000463e-03	-5.589644e-06
5.766777201000463e-03	-5.589644e-06
5.776777201000463e-03	-5.589644e-06
5.786777201000463e-03	-5.589644e-06
5.796777201000462e-03	-5.589644e-06
5.806777201000463e-03	-5.589644e-06
5.816777201000462e-03	-5.589644e-06
5.826777201000463e-03	-5.589644e-06
5.836777201000462e-03	-5.589644e-06
5.846777201000463e-03	-5.589644e-06
5.856777201000462e-03	-5.589644e-06
5.866777201000463e-03	-5.589644e-06
5.876777201000462e-03	-5.589644e-06
5.886777201000463e-03	-5.589644e-06
5.896777201000463e-03	-5.589644e-06
5.906777201000463e-03	-5.589644e-06
5.916777201000463e-03	-5.589644e-06
5.926777201000463e-03	-5.589644e-06
5.936777201000463e-03	-5.589644e-06
5.946777201000463e-03	-5.589644e-06
5.956777201000463e-03	-5.589644e-06
5.966777201000462e-03	-5.589644e-06
5.976777201000463e-03	-5.589644e-06
5.986777201000462e-03	-5.589644e-06
5.996777201000463e-03	-5.589644e-06
6.006777201000462e-03	-5.589644e-06
6.016777201000463e-03	-5.589644e-06
6.026777201000462e-03	-5.589644e-06
6.036777201000463e-03	-5.589644e-06
6.046777201000463e-03	-5.589644e-06
6.056777201000463e-03	-5.589644e-06
6.066777201000463e-03	-5.589644e-06
6.076777201000463e-03	-5.589644e-06
6.086777201000463e-03	-5.589643e-06
6.096777201000463e-03	-5.589643e-06
6.106777201000463e-03	-5.589644e-06
6.116777201000462e-03	-5.589644e-06
6.126777201000463e-03	-5.589644e-06
6.136777201000462e-03	-5.589644e-06
6.146777201000463e-03	-5.589644e-06
6.156777201000462e-03	-5.589644e-06
6.166777201000463e-03	-5.589644e-06
6.176777201000462e-03	-5.589644e-06
6.186777201000463e-03	-5.589644e-06
6.196777201000462e-03	-5.589644e-06
6.206777201000463e-03	-5.589643e-06
6.216777201000463e-03	-5.589643e-06
6.226777201000463e-03	-5.589643e-06
6.236777201000463e-03	-5.589643e-06
6.246777201000463e-03	-5.589643e-06
6.256777201000463e-03	-5.589643e-06
6.266777201000463e-03	-5.589644e-06
6.276777201000463e-03	-5.589644e-06
6.286777201000462e-03	-5.589643e-06
6.296777201000463e-03	-5.589643e-06
6.306777201000462e-03	-5.589643e-06
6.316777201000463e-03	-5.589643e-06
6.326777201000462e-03	-5.589643e-06
6.336777201000463e-03	-5.589643e-06
6.346777201000462e-03	-5.589643e-06
6.356777201000463e-03	-5.589643e-06
6.366777201000462e-03	-5.589643e-06
6.376777201000463e-03	-5.589643e-06
6.386777201000463e-03	-5.589643e-06
6.396777201000463e-03	-5.589643e-06
6.406777201000463e-03	-5.589643e-06
6.416777201000463e-03	-5.589643e-06
6.426777201000463e-03	-5.589643e-06
6.436777201000462e-03	-5.589643e-06
6.446777201000463e-03	-5.589643e-06
6.456777201000462e-03	-5.589643e-06
6.466777201000463e-03	-5.589643e-06
6.476777201000462e-03	-5.589643e-06
6.486777201000463e-03	-5.589643e-06
6.496777201000462e-03	-5.589643e-06
6.506777201000463e-03	-5.589643e-06
6.516777201000462e-03	-5.589643e-06
6.526777201000463e-03	-5.589643e-06
6.536777201000462e-03	-5.589643e-06
6.546777201000463e-03	-5.589643e-06
6.556777201000463e-03	-5.589643e-06
6.566777201000463e-03	-5.589643e-06
6.576777201000463e-03	-5.589643e-06
6.586777201000463e-03	-5.589643e-06
6.596777201000463e-03	-5.589643e-06
6.606777201000462e-03	-5.589643e-06
6.616777201000463e-03	-5.589643e-06
6.626777201000462e-03	-5.589643e-06
6.636777201000463e-03	-5.589643e-06
6.646777201000462e-03	-5.589643e-06
6.656777201000463e-03	-5.589643e-06
6.666777201000462e-03	-5.589643e-06
6.676777201000463e-03	-5.589643e-06
6.686777201000462e-03	-5.589643e-06
6.696777201000463e-03	-5.589643e-06
6.706777201000463e-03	-5.589643e-06
6.716777201000463e-03	-5.589643e-06
6.726777201000463e-03	-5.589643e-06
6.736777201000463e-03	-5.589643e-06
6.746777201000463e-03	-5.589643e-06
6.756777201000462e-03	-5.589643e-06
6.766777201000463e-03	-5.589643e-06
6.776777201000462e-03	-5.589643e-06
6.786777201000463e-03	-5.589643e-06
6.796777201000462e-03	-5.589643e-06
6.806777201000463e-03	-5.589643e-06
6.816777201000462e-03	-5.589643e-06
6.826777201000463e-03	-5.589643e-06
6.836777201000462e-03	-5.589643e-06
6.846777201000463e-03	-5.589643e-06
6.856777201000462e-03	-5.589643e-06
6.866777201000463e-03	-5.589643e-06
6.876777201000463e-03	-5.589643e-06
6.886777201000463e-03	-5.589643e-06
6.896777201000463e-03	-5.589643e-06
6.906777201000463e-03	-5.589643e-06
6.916777201000463e-03	-5.589643e-06
6.926777201000462e-03	-5.589643e-06
6.936777201000463e-03	-5.589643e-06
6.946777201000462e-03	-5.589643e-06
6.956777201000463e-03	-5.589643e-06
6.966777201000462e-03	-5.589643e-06
6.976777201000463e-03	-5.589643e-06
6.986777201000462e-03	-5.589643e-06
6.996777201000463e-03	-5.589643e-06
7.006777201000462e-03	-5.589643e-06
7.016777201000463e-03	-5.589643e-06
7.026777201000462e-03	-5.589643e-06
7.036777201000463e-03	-5.589643e-06
7.046777201000463e-03	-5.589643e-06
7.056777201000463e-03	-5.589643e-06
7.066777201000463e-03	-5.589643e-06
7.076777201000462e-03	-5.589643e-06
7.086777201000463e-03	-5.589643e-06
7.096777201000462e-03	-5.589643e-06
7.106777201000463e-03	-5.589643e-06
7.116777201000462e-03	-5.589643e-06
7.126777201000463e-03	-5.589643e-06
7.136777201000462e-03	-5.589643e-06
7.146777201000463e-03	-5.589643e-06
7.156777201000462e-03	-5.589643e-06
7.166777201000463e-03	-5.589643e-06
7.176777201000462e-03	-5.589643e-06
7.186777201000463e-03	-5.589643e-06
7.196777201000462e-03	-5.589643e-06
7.206777201000463e-03	-5.589643e-06
7.216777201000463e-03	-5.589643e-06
7.226777201000463e-03	-5.589643e-06
7.236777201000463e-03	-5.589643e-06
7.246777201000462e-03	-5.589643e-06
7.256777201000463e-03	-5.589643e-06
7.266777201000462e-03	-5.589643e-06
7.276777201000463e-03	-5.589643e-06
7.286777201000462e-03	-5.589643e-06
7.296777201000463e-03	-5.589643e-06
7.306777201000462e-03	-5.589643e-06
7.316777201000463e-03	-5.589643e-06
7.326777201000462e-03	-5.589643e-06
7.336777201000463e-03	-5.589643e-06
7.346777201000462e-03	-5.589643e-06
7.356777201000463e-03	-5.589643e-06
7.366777201000463e-03	-5.589643e-06
7.376777201000463e-03	-5.589643e-06
7.386777201000463e-03	-5.589643e-06
7.396777201000462e-03	-5.589643e-06
7.406777201000463e-03	-5.589643e-06
7.416777201000462e-03	-5.589643e-06
7.426777201000463e-03	-5.589643e-06
7.436777201000462e-03	-5.589643e-06
7.446777201000463e-03	-5.589643e-06
7.456777201000462e-03	-5.589643e-06
7.466777201000463e-03	-5.589643e-06
7.476777201000462e-03	-5.589643e-06
7.486777201000463e-03	-5.589643e-06
7.496777201000462e-03	-5.589643e-06
7.506777201000463e-03	-5.589643e-06
7.516777201000462e-03	-5.589643e-06
7.526777201000463e-03	-5.589643e-06
7.536777201000463e-03	-5.589643e-06
7.546777201000463e-03	-5.589643e-06
7.556777201000463e-03	-5.589643e-06
7.566777201000462e-03	-5.589643e-06
7.576777201000463e-03	-5.589643e-06
7.586777201000462e-03	-5.589643e-06
7.596777201000463e-03	-5.589643e-06
7.606777201000462e-03	-5.589643e-06
7.616777201000463e-03	-5.589643e-06
7.626777201000462e-03	-5.589643e-06
7.636777201000463e-03	-5.589643e-06
7.646777201000462e-03	-5.589643e-06
7.656777201000463e-03	-5.589643e-06
7.666777201000462e-03	-5.589643e-06
7.676777201000463e-03	-5.589643e-06
7.686777201000462e-03	-5.589643e-06
7.696777201000463e-03	-5.589643e-06
7.706777201000463e-03	-5.589643e-06
7.716777201000462e-03	-5.589643e-06
7.726777201000463e-03	-5.589643e-06
7.736777201000462e-03	-5.589643e-06
7.746777201000463e-03	-5.589643e-06
7.756777201000462e-03	-5.589643e-06
7.766777201000463e-03	-5.589643e-06
7.776777201000462e-03	-5.589643e-06
7.786777201000463e-03	-5.589643e-06
7.796777201000462e-03	-5.589643e-06
7.806777201000463e-03	-5.589643e-06
7.816777201000463e-03	-5.589643e-06
7.826777201000463e-03	-5.589643e-06
7.836777201000462e-03	-5.589643e-06
7.846777201000462e-03	-5.589643e-06
7.856777201000463e-03	-5.589643e-06
7.866777201000463e-03	-5.589643e-06
7.876777201000463e-03	-5.589643e-06
7.886777201000462e-03	-5.589643e-06
7.896777201000462e-03	-5.589643e-06
7.906777201000463e-03	-5.589643e-06
7.916777201000463e-03	-5.589643e-06
7.926777201000462e-03	-5.589643e-06
7.936777201000462e-03	-5.589643e-06
7.946777201000463e-03	-5.589643e-06
7.956777201000463e-03	-5.589643e-06
7.966777201000462e-03	-5.589643e-06
7.976777201000462e-03	-5.589643e-06
7.986777201000463e-03	-5.589643e-06
7.996777201000463e-03	-5.589643e-06
8.006777201000462e-03	-5.589643e-06
8.016777201000462e-03	-5.589643e-06
8.026777201000463e-03	-5.589643e-06
8.036777201000463e-03	-5.589643e-06
8.046777201000463e-03	-5.589643e-06
8.056777201000462e-03	-5.589643e-06
8.066777201000462e-03	-5.589643e-06
8.076777201000463e-03	-5.589643e-06
8.086777201000463e-03	-5.589643e-06
8.096777201000462e-03	-5.589643e-06
8.106777201000462e-03	-5.589643e-06
8.116777201000463e-03	-5.589643e-06
8.126777201000463e-03	-5.589643e-06
8.136777201000462e-03	-5.589643e-06
8.146777201000462e-03	-5.589643e-06
8.156777201000463e-03	-5.589643e-06
8.166777201000463e-03	-5.589643e-06
8.176777201000462e-03	-5.589643e-06
8.186777201000462e-03	-5.589643e-06
8.196777201000462e-03	-5.589643e-06
8.206777201000463e-03	-5.589643e-06
8.216777201000463e-03	-5.589643e-06
8.226777201000462e-03	-5.589643e-06
8.236777201000462e-03	-5.589643e-06
8.246777201000463e-03	-5.589643e-06
8.256777201000463e-03	-5.589643e-06
8.266777201000462e-03	-5.589643e-06
8.276777201000462e-03	-5.589643e-06
8.286777201000463e-03	-5.589643e-06
8.296777201000463e-03	-5.589643e-06
8.306777201000462e-03	-5.589643e-06
8.316777201000462e-03	-5.589643e-06
8.326777201000463e-03	-5.589643e-06
8.336777201000463e-03	-5.589643e-06
8.346777201000462e-03	-5.589643e-06
8.356777201000462e-03	-5.589643e-06
8.366777201000462e-03	-5.589643e-06
8.376777201000463e-03	-5.589643e-06
8.386777201000463e-03	-5.589643e-06
8.396777201000462e-03	-5.589643e-06
8.406777201000462e-03	-5.589643e-06
8.416777201000463e-03	-5.589643e-06
8.426777201000463e-03	-5.589643e-06
8.436777201000462e-03	-5.589643e-06
8.446777201000462e-03	-5.589643e-06
8.456777201000463e-03	-5.589643e-06
8.466777201000463e-03	-5.589643e-06
8.476777201000462e-03	-5.589643e-06
8.486777201000462e-03	-5.589643e-06
8.496777201000463e-03	-5.589643e-06
8.506777201000463e-03	-5.589643e-06
8.516777201000462e-03	-5.589643e-06
8.526777201000462e-03	-5.589643e-06
8.536777201000462e-03	-5.589643e-06
8.546777201000463e-03	-5.589643e-06
8.556777201000463e-03	-5.589643e-06
8.566777201000462e-03	-5.589643e-06
8.576777201000462e-03	-5.589643e-06
8.586777201000463e-03	-5.589643e-06
8.596777201000463e-03	-5.589643e-06
8.606777201000462e-03	-5.589643e-06
8.616777201000462e-03	-5.589643e-06
8.626777201000463e-03	-5.589643e-06
8.636777201000463e-03	-5.589643e-06
8.646777201000462e-03	-5.589643e-06
8.656777201000462e-03	-5.589643e-06
8.666777201000463e-03	-5.589643e-06
8.676777201000463e-03	-5.589643e-06
8.686777201000462e-03	-5.589643e-06
8.696777201000462e-03	-5.589643e-06
8.706777201000462e-03	-5.589643e-06
8.716777201000463e-03	-5.589643e-06
8.726777201000463e-03	-5.589643e-06
8.736777201000462e-03	-5.589643e-06
8.746777201000462e-03	-5.589643e-06
8.756777201000463e-03	-5.589643e-06
8.766777201000463e-03	-5.589643e-06
8.776777201000462e-03	-5.589643e-06
8.786777201000462e-03	-5.589643e-06
8.796777201000463e-03	-5.589643e-06
8.806777201000463e-03	-5.589643e-06
8.816777201000462e-03	-5.589643e-06
8.826777201000462e-03	-5.589643e-06
8.836777201000462e-03	-5.589643e-06
8.846777201000463e-03	-5.589643e-06
8.856777201000463e-03	-5.589643e-06
8.866777201000462e-03	-5.589643e-06
8.876777201000462e-03	-5.589643e-06
8.886777201000463e-03	-5.589643e-06
8.896777201000463e-03	-5.589643e-06
8.906777201000462e-03	-5.589643e-06
8.916777201000462e-03	-5.589643e-06
8.926777201000463e-03	-5.589643e-06
8.936777201000463e-03	-5.589643e-06
8.946777201000462e-03	-5.589643e-06
8.956777201000462e-03	-5.589643e-06
8.966777201000463e-03	-5.589643e-06
8.976777201000463e-03	-5.589643e-06
8.986777201000462e-03	-5.589643e-06
8.996777201000462e-03	-5.589643e-06
9.006777201000462e-03	-5.589643e-06
9.016777201000463e-03	-5.589643e-06
9.026777201000463e-03	-5.589643e-06
9.036777201000462e-03	-5.589643e-06
9.046777201000462e-03	-5.589643e-06
9.056777201000463e-03	-5.589643e-06
9.066777201000463e-03	-5.589643e-06
9.076777201000462e-03	-5.589643e-06
9.086777201000462e-03	-5.589643e-06
9.096777201000463e-03	-5.589643e-06
9.106777201000463e-03	-5.589643e-06
9.116777201000462e-03	-5.589643e-06
9.126777201000462e-03	-5.589643e-06
9.136777201000463e-03	-5.589643e-06
9.146777201000463e-03	-5.589643e-06
9.156777201000462e-03	-5.589643e-06
9.166777201000462e-03	-5.589643e-06
9.176777201000462e-03	-5.589643e-06
9.186777201000463e-03	-5.589643e-06
9.196777201000463e-03	-5.589643e-06
9.206777201000462e-03	-5.589643e-06
9.216777201000462e-03	-5.589643e-06
9.226777201000463e-03	-5.589643e-06
9.236777201000463e-03	-5.589643e-06
9.246777201000462e-03	-5.589643e-06
9.256777201000462e-03	-5.589643e-06
9.266777201000463e-03	-5.589643e-06
9.276777201000463e-03	-5.589643e-06
9.286777201000462e-03	-5.589643e-06
9.296777201000462e-03	-5.589643e-06
9.306777201000463e-03	-5.589643e-06
9.316777201000463e-03	-5.589643e-06
9.326777201000462e-03	-5.589643e-06
9.336777201000462e-03	-5.589643e-06
9.346777201000462e-03	-5.589643e-06
9.356777201000463e-03	-5.589643e-06
9.366777201000463e-03	-5.589643e-06
9.376777201000462e-03	-5.589643e-06
9.386777201000462e-03	-5.589643e-06
9.396777201000463e-03	-5.589643e-06
9.406777201000463e-03	-5.589643e-06
9.416777201000462e-03	-5.589643e-06
9.426777201000462e-03	-5.589643e-06
9.436777201000463e-03	-5.589643e-06
9.446777201000463e-03	-5.589643e-06
9.456777201000462e-03	-5.589643e-06
9.466777201000462e-03	-5.589643e-06
9.476777201000462e-03	-5.589643e-06
9.486777201000463e-03	-5.589643e-06
9.496777201000462e-03	-5.589643e-06
9.506777201000462e-03	-5.589643e-06
9.516777201000462e-03	-5.589643e-06
9.526777201000463e-03	-5.589643e-06
9.536777201000463e-03	-5.589643e-06
9.546777201000462e-03	-5.589643e-06
9.556777201000462e-03	-5.589643e-06
9.566777201000463e-03	-5.589643e-06
9.576777201000463e-03	-5.589643e-06
9.586777201000462e-03	-5.589643e-06
9.596777201000462e-03	-5.589643e-06
9.606777201000463e-03	-5.589643e-06
9.616777201000463e-03	-5.589643e-06
9.626777201000462e-03	-5.589643e-06
9.636777201000462e-03	-5.589643e-06
9.646777201000462e-03	-5.589643e-06
9.656777201000463e-03	-5.589643e-06
9.666777201000462e-03	-5.589643e-06
9.676777201000462e-03	-5.589643e-06
9.686777201000462e-03	-5.589643e-06
9.696777201000463e-03	-5.589643e-06
9.706777201000463e-03	-5.589643e-06
9.716777201000462e-03	-5.589643e-06
9.726777201000462e-03	-5.589643e-06
9.736777201000463e-03	-5.589643e-06
9.746777201000463e-03	-5.589643e-06
9.756777201000462e-03	-5.589643e-06
9.766777201000462e-03	-5.589643e-06
9.776777201000463e-03	-5.589643e-06
9.786777201000463e-03	-5.589643e-06
9.796777201000462e-03	-5.589643e-06
9.806777201000462e-03	-5.589643e-06
9.816777201000462e-03	-5.589643e-06
9.826777201000463e-03	-5.589643e-06
9.836777201000462e-03	-5.589643e-06
9.846777201000462e-03	-5.589643e-06
9.856777201000462e-03	-5.589643e-06
9.866777201000463e-03	-5.589643e-06
9.876777201000463e-03	-5.589643e-06
9.886777201000462e-03	-5.589643e-06
9.896777201000462e-03	-5.589643e-06
9.906777201000463e-03	-5.589643e-06
9.916777201000463e-03	-5.589643e-06
9.926777201000462e-03	-5.589643e-06
9.936777201000462e-03	-5.589643e-06
9.946777201000463e-03	-5.589643e-06
9.956777201000463e-03	-5.589643e-06
9.966777201000462e-03	-5.589643e-06
9.976777201000462e-03	-5.589643e-06
9.986777201000462e-03	-5.589643e-06
9.996777201000463e-03	-5.589643e-06
1.000000000000000e-02	-5.589920e-06
1.000000000100000e-02	-5.589906e-06
1.000000000200000e-02	-5.589900e-06
1.000000000440036e-02	-5.589907e-06
1.000000000670974e-02	-5.589884e-06
1.000000001132851e-02	-5.589839e-06
1.000000002056605e-02	-5.589745e-06
1.000000003904114e-02	-5.589558e-06
1.000000007599130e-02	-5.589181e-06
1.000000014989163e-02	-5.588419e-06
1.000000029769228e-02	-5.586863e-06
1.000000059329359e-02	-5.583629e-06
1.000000118449621e-02	-5.576723e-06
1.000000236690145e-02	-5.561505e-06
1.000000473171193e-02	-5.527458e-06
1.000000946133288e-02	-5.452984e-06
1.000001768949127e-02	-5.317788e-06
1.000002963204123e-02	-5.100434e-06
1.000005351714114e-02	-3.196242e-06
1.000010097863585e-02	-2.978117e-08
1.000015398679385e-02	-3.316459e-06
1.000020604733343e-02	-7.500185e-06
1.000026203738533e-02	-9.750297e-06
1.000031701191647e-02	-1.141156e-05
1.000042696097875e-02	-1.350556e-05
1.000045444824432e-02	-1.376336e-05
1.000050942277546e-02	-1.399066e-05
1.000061937183774e-02	-1.458292e-05
1.000083926996230e-02	-1.593954e-05
1.000118353605633e-02	-1.786327e-05
1.000177805770776e-02	-2.010844e-05
1.000249958254068e-02	-2.132916e-05
1.000263574895723e-02	-2.134556e-05
1.000290808179032e-02	-2.117351e-05
1.000345274745650e-02	-2.076918e-05
1.000454207878887e-02	-1.993362e-05
1.000672074145361e-02	-1.850794e-05
1.000945049429114e-02	-1.723896e-05
1.001362862358644e-02	-1.580052e-05
1.001754925944466e-02	-1.456228e-05
1.002063867062948e-02	-1.380311e-05
1.002204346079229e-02	-1.367747e-05
1.002297941855280e-02	-1.369729e-05
1.002391423868055e-02	-1.372912e-05
1.002481083938415e-02	-1.375522e-05
1.002597288149412e-02	-1.378389e-05
1.002727884645715e-02	-1.381083e-05
1.002864981346591e-02	-1.383256e-05
1.003109632461828e-02	-1.385622e-05
1.003346930232657e-02	-1.385868e-05
1.003821525774316e-02	-1.381329e-05
1.004503392274004e-02	-1.368740e-05
1.005503392274004e-02	-1.345260e-05
1.006503392274004e-02	-1.321359e-05
1.007503392274004e-02	-1.299092e-05
1.008503392274004e-02	-1.278599e-05
1.009503392274004e-02	-1.259371e-05
1.010000000000000e-02	-1.250752e-05
1.010000000100000e-02	-1.250751e-05
1.010000001700000e-02	-1.250755e-05
1.010000004900000e-02	-1.250777e-05
1.010000011300000e-02	-1.250770e-05
1.010000024100000e-02	-1.250670e-05
1.010000049700000e-02	-1.250361e-05
1.010000100900000e-02	-1.249711e-05
1.010000203300000e-02	-1.248834e-05
1.010000408100000e-02	-1.248293e-05
1.010000817700000e-02	-1.248554e-05
1.010001636900000e-02	-1.249313e-05
1.010003275300001e-02	-1.249923e-05
1.010006552100002e-02	-1.250098e-05
1.010013105700003e-02	-1.249966e-05
1.010026212900006e-02	-1.249718e-05
1.010052427300013e-02	-1.249252e-05
1.010104856100025e-02	-1.248316e-05
1.010209713700050e-02	-1.246457e-05
1.010419428900100e-02	-1.242775e-05
1.010838859300201e-02	-1.235565e-05
1.011677720100402e-02	-1.221612e-05
1.012677720100402e-02	-1.206309e-05
1.013433420477580e-02	-1.210067e-05
1.014204763626352e-02	-1.247833e-05
1.014500016544683e-02	-1.270311e-05
1.014785662270709e-02	-1.288364e-05
1.015088562359116e-02	-1.301503e-05
1.015694362535931e-02	-1.324545e-05
1.016694362535931e-02	-1.347014e-05
1.017694362535931e-02	-1.346454e-05
1.018694362535931e-02	-1.344199e-05
1.019694362535931e-02	-1.351585e-05
1.020694362535931e-02	-1.367739e-05
1.021694362535931e-02	-1.408081e-05
1.022694362535931e-02	-1.592265e-05
1.023694362535931e-02	-1.795614e-05
1.024694362535931e-02	-1.850127e-05
1.025694362535931e-02	-1.864725e-05
1.026694362535931e-02	-1.877868e-05
1.027694362535931e-02	-1.889746e-05
1.028694362535931e-02	-1.900712e-05
1.029694362535931e-02	-1.910680e-05
1.030694362535931e-02	-1.919822e-05
1.031694362535931e-02	-1.927803e-05
1.032694362535931e-02	-1.926677e-05
1.033694362535931e-02	-1.913619e-05
1.034694362535931e-02	-1.888191e-05
1.035694362535931e-02	-1.850246e-05
1.036694362535931e-02	-1.829365e-05
1.037694362535931e-02	-1.827754e-05
1.038694362535931e-02	-1.822002e-05
1.039694362535931e-02	-1.773995e-05
1.040694362535931e-02	-1.697069e-05
1.041694362535931e-02	-1.665573e-05
1.042694362535931e-02	-1.618195e-05
1.043694362535931e-02	-1.499008e-05
1.044694362535931e-02	-1.407754e-05
1.045694362535931e-02	-1.371191e-05
1.046694362535931e-02	-1.218757e-05
1.047694362535931e-02	-9.851915e-06
1.048694362535931e-02	-8.797414e-06
1.049694362535931e-02	-8.531496e-06
1.050694362535931e-02	-8.254097e-06
1.051694362535931e-02	-7.995633e-06
1.052694362535931e-02	-7.745371e-06
1.053694362535931e-02	-7.508400e-06
1.054694362535931e-02	-7.281629e-06
1.055694362535931e-02	-7.069006e-06
1.056694362535931e-02	-6.862309e-06
1.057694362535931e-02	-6.666639e-06
1.058694362535931e-02	-6.481291e-06
1.059694362535931e-02	-6.308202e-06
1.060694362535931e-02	-6.154413e-06
1.061694362535931e-02	-6.046130e-06
1.062694362535931e-02	-5.977870e-06
1.063694362535931e-02	-5.939047e-06
1.064694362535931e-02	-5.910288e-06
1.065694362535931e-02	-5.893608e-06
1.066694362535931e-02	-5.884002e-06
1.067694362535931e-02	-5.881186e-06
1.068694362535931e-02	-5.883892e-06
1.069694362535931e-02	-5.891803e-06
1.070694362535931e-02	-5.899712e-06
1.071694362535931e-02	-5.895338e-06
1.072694362535931e-02	-5.864904e-06
1.073694362535931e-02	-5.821496e-06
1.074694362535931e-02	-5.780081e-06
1.075694362535931e-02	-5.740543e-06
1.076694362535931e-02	-5.702764e-06
1.077694362535931e-02	-5.666579e-06
1.078694362535931e-02	-5.631330e-06
1.079694362535931e-02	-5.597375e-06
1.080694362535931e-02	-5.564515e-06
1.081694362535931e-02	-5.532951e-06
1.082694362535931e-02	-5.502493e-06
1.083694362535931e-02	-5.473421e-06
1.084694362535931e-02	-5.445805e-06
1.085694362535931e-02	-5.420762e-06
1.086694362535931e-02	-5.398617e-06
1.087694362535931e-02	-5.381899e-06
1.088694362535931e-02	-5.374574e-06
1.089694362535931e-02	-5.368333e-06
1.090694362535931e-02	-5.346615e-06
1.091694362535931e-02	-5.302020e-06
1.092694362535931e-02	-5.240981e-06
1.093694362535931e-02	-5.173478e-06
1.094694362535931e-02	-5.104503e-06
1.095694362535931e-02	-5.035562e-06
1.096694362535931e-02	-4.970974e-06
1.097694362535931e-02	-4.913234e-06
1.098694362535931e-02	-4.864025e-06
1.099694362535931e-02	-4.825356e-06
1.100000000100000e-02	-4.018532e-06
1.100000000200000e-02	-4.018647e-06
1.100000001800000e-02	-4.019590e-06
1.100000005000000e-02	-4.016559e-06
1.100000011400000e-02	-4.012422e-06
1.100000024200000e-02	-4.006133e-06
1.100000049800000e-02	-3.996126e-06
1.100000101000000e-02	-3.985772e-06
1.100000203400000e-02	-3.994519e-06
1.100000408200000e-02	-4.064654e-06
1.100000817800000e-02	-4.230934e-06
1.100001637000000e-02	-4.467230e-06
1.100003275400001e-02	-4.683388e-06
1.100006552200002e-02	-4.795857e-06
1.100013105800003e-02	-4.814946e-06
1.100026213000006e-02	-4.811061e-06
1.100052427400013e-02	-4.808589e-06
1.100104856200025e-02	-4.804555e-06
1.100209713800050e-02	-4.799380e-06
1.100419429000100e-02	-4.790453e-06
1.100838859400201e-02	-4.773678e-06
1.101677720200402e-02	-4.742384e-06
1.102677720200402e-02	-4.708586e-06
1.103677720200402e-02	-4.678717e-06
1.104677720200402e-02	-4.652841e-06
1.105677720200402e-02	-4.630610e-06
1.106677720200402e-02	-4.611657e-06
1.107677720200402e-02	-4.595602e-06
1.108677720200402e-02	-4.582040e-06
1.109677720200402e-02	-4.570600e-06
1.110677720200402e-02	-4.560950e-06
1.111677720200402e-02	-4.552815e-06
1.112677720200402e-02	-4.545958e-06
1.113677720200402e-02	-4.540182e-06
1.114677720200402e-02	-4.535317e-06
1.115677720200402e-02	-4.531223e-06
1.116677720200402e-02	-4.527777e-06
1.117677720200402e-02	-4.524880e-06
1.118677720200402e-02	-4.522444e-06
1.119677720200402e-02	-4.520398e-06
1.120677720200402e-02	-4.518679e-06
1.121677720200402e-02	-4.517237e-06
1.122677720200402e-02	-4.516027e-06
1.123677720200402e-02	-4.515013e-06
1.124677720200402e-02	-4.514163e-06
1.125677720200402e-02	-4.513452e-06
1.126677720200402e-02	-4.512857e-06
1.127677720200402e-02	-4.512361e-06
1.128677720200402e-02	-4.511947e-06
1.129677720200402e-02	-4.511603e-06
1.130677720200402e-02	-4.511317e-06
1.131677720200402e-02	-4.511079e-06
1.132677720200402e-02	-4.510883e-06
1.133677720200402e-02	-4.510722e-06
1.134677720200402e-02	-4.510590e-06
1.135677720200402e-02	-4.510482e-06
1.136677720200402e-02	-4.510394e-06
1.137677720200402e-02	-4.510324e-06
1.138677720200402e-02	-4.510269e-06
1.139677720200402e-02	-4.510225e-06
1.140677720200402e-02	-4.510192e-06
1.141677720200402e-02	-4.510167e-06
1.142677720200402e-02	-4.510149e-06
1.143677720200402e-02	-4.510137e-06
1.144677720200402e-02	-4.510131e-06
1.145677720200402e-02	-4.510127e-06
1.146677720200402e-02	-4.510128e-06
1.147677720200402e-02	-4.510131e-06
1.148677720200402e-02	-4.510137e-06
1.149677720200402e-02	-4.510145e-06
1.150677720200402e-02	-4.510154e-06
1.151677720200402e-02	-4.510165e-06
1.152677720200402e-02	-4.510177e-06
1.153677720200402e-02	-4.510189e-06
1.154677720200402e-02	-4.510202e-06
1.155677720200402e-02	-4.510216e-06
1.156677720200402e-02	-4.510231e-06
1.157677720200402e-02	-4.510245e-06
1.158677720200402e-02	-4.510260e-06
1.159677720200402e-02	-4.510275e-06
1.160677720200402e-02	-4.510290e-06
1.161677720200402e-02	-4.510305e-06
1.162677720200402e-02	-4.510320e-06
1.163677720200402e-02	-4.510335e-06
1.164677720200402e-02	-4.510350e-06
1.165677720200402e-02	-4.510365e-06
1.166677720200402e-02	-4.510380e-06
1.167677720200402e-02	-4.510394e-06
1.168677720200402e-02	-4.510409e-06
1.169677720200402e-02	-4.510423e-06
1.170677720200402e-02	-4.510438e-06
1.171677720200402e-02	-4.510452e-06
1.172677720200402e-02	-4.510466e-06
1.173677720200402e-02	-4.510480e-06
1.174677720200402e-02	-4.510494e-06
1.175677720200402e-02	-4.510508e-06
1.176677720200402e-02	-4.510521e-06
1.177677720200402e-02	-4.510534e-06
1.178677720200402e-02	-4.510547e-06
1.179677720200402e-02	-4.510560e-06
1.180677720200402e-02	-4.510573e-06
1.181677720200402e-02	-4.510585e-06
1.182677720200402e-02	-4.510598e-06
1.183677720200402e-02	-4.510610e-06
1.184677720200402e-02	-4.510623e-06
1.185677720200402e-02	-4.510634e-06
1.186677720200402e-02	-4.510646e-06
1.187677720200402e-02	-4.510658e-06
1.188677720200402e-02	-4.510669e-06
1.189677720200402e-02	-4.510681e-06
1.190677720200402e-02	-4.510692e-06
1.191677720200402e-02	-4.510703e-06
1.192677720200402e-02	-4.510714e-06
1.193677720200402e-02	-4.510725e-06
1.194677720200402e-02	-4.510735e-06
1.195677720200402e-02	-4.510746e-06
1.196677720200402e-02	-4.510756e-06
1.197677720200402e-02	-4.510766e-06
1.198677720200402e-02	-4.510777e-06
1.199677720200402e-02	-4.510787e-06
1.200677720200402e-02	-4.510797e-06
1.201677720200402e-02	-4.510806e-06
1.202677720200402e-02	-4.510816e-06
1.203677720200402e-02	-4.510825e-06
1.204677720200402e-02	-4.510835e-06
1.205677720200402e-02	-4.510844e-06
1.206677720200402e-02	-4.510853e-06
1.207677720200402e-02	-4.510862e-06
1.208677720200402e-02	-4.510871e-06
1.209677720200402e-02	-4.510880e-06
1.210677720200402e-02	-4.510888e-06
1.211677720200402e-02	-4.510897e-06
1.212677720200402e-02	-4.510905e-06
1.213677720200402e-02	-4.510913e-06
1.214677720200402e-02	-4.510921e-06
1.215677720200402e-02	-4.510930e-06
1.216677720200402e-02	-4.510938e-06
1.217677720200402e-02	-4.510945e-06
1.218677720200402e-02	-4.510953e-06
1.219677720200402e-02	-4.510961e-06
1.220677720200402e-02	-4.510968e-06
1.221677720200402e-02	-4.510976e-06
1.222677720200402e-02	-4.510983e-06
1.223677720200402e-02	-4.510990e-06
1.224677720200402e-02	-4.510998e-06
1.225677720200402e-02	-4.511005e-06
1.226677720200402e-02	-4.511012e-06
1.227677720200402e-02	-4.511019e-06
1.228677720200402e-02	-4.511026e-06
1.229677720200402e-02	-4.511032e-06
1.230677720200402e-02	-4.511039e-06
1.231677720200402e-02	-4.511046e-06
1.232677720200402e-02	-4.511052e-06
1.233677720200402e-02	-4.511058e-06
1.234677720200402e-02	-4.511065e-06
1.235677720200402e-02	-4.511071e-06
1.236677720200402e-02	-4.511077e-06
1.237677720200402e-02	-4.511083e-06
1.238677720200402e-02	-4.511089e-06
1.239677720200402e-02	-4.511095e-06
1.240677720200402e-02	-4.511101e-06
1.241677720200402e-02	-4.511106e-06
1.242677720200402e-02	-4.511112e-06
1.243677720200402e-02	-4.511117e-06
1.244677720200402e-02	-4.511123e-06
1.245677720200402e-02	-4.511128e-06
1.246677720200402e-02	-4.511134e-06
1.247677720200402e-02	-4.511139e-06
1.248677720200402e-02	-4.511144e-06
1.249677720200402e-02	-4.511149e-06
1.250677720200402e-02	-4.511155e-06
1.251677720200402e-02	-4.511160e-06
1.252677720200402e-02	-4.511165e-06
1.253677720200402e-02	-4.511169e-06
1.254677720200402e-02	-4.511174e-06
1.255677720200402e-02	-4.511179e-06
1.256677720200402e-02	-4.511184e-06
1.257677720200402e-02	-4.511188e-06
1.258677720200402e-02	-4.511193e-06
1.259677720200402e-02	-4.511197e-06
1.260677720200402e-02	-4.511202e-06
1.261677720200402e-02	-4.511206e-06
1.262677720200402e-02	-4.511211e-06
1.263677720200402e-02	-4.511215e-06
1.264677720200402e-02	-4.511219e-06
1.265677720200402e-02	-4.511223e-06
1.266677720200402e-02	-4.511227e-06
1.267677720200402e-02	-4.511232e-06
1.268677720200402e-02	-4.511236e-06
1.269677720200402e-02	-4.511240e-06
1.270677720200402e-02	-4.511244e-06
1.271677720200402e-02	-4.511247e-06
1.272677720200402e-02	-4.511251e-06
1.273677720200402e-02	-4.511255e-06
1.274677720200402e-02	-4.511259e-06
1.275677720200402e-02	-4.511262e-06
1.276677720200402e-02	-4.511266e-06
1.277677720200402e-02	-4.511269e-06
1.278677720200402e-02	-4.511273e-06
1.279677720200402e-02	-4.511277e-06
1.280677720200402e-02	-4.511280e-06
1.281677720200402e-02	-4.511283e-06
1.282677720200402e-02	-4.511287e-06
1.283677720200402e-02	-4.511290e-06
1.284677720200402e-02	-4.511293e-06
1.285677720200402e-02	-4.511297e-06
1.286677720200402e-02	-4.511300e-06
1.287677720200402e-02	-4.511303e-06
1.288677720200402e-02	-4.511306e-06
1.289677720200402e-02	-4.511309e-06
1.290677720200402e-02	-4.511312e-06
1.291677720200402e-02	-4.511315e-06
1.292677720200402e-02	-4.511318e-06
1.293677720200402e-02	-4.511321e-06
1.294677720200402e-02	-4.511323e-06
1.295677720200402e-02	-4.511327e-06
1.296677720200402e-02	-4.511329e-06
1.297677720200402e-02	-4.511332e-06
1.298677720200402e-02	-4.511335e-06
1.299677720200402e-02	-4.511337e-06
1.300677720200402e-02	-4.511340e-06
1.301677720200402e-02	-4.511342e-06
1.302677720200402e-02	-4.511345e-06
1.303677720200402e-02	-4.511347e-06
1.304677720200402e-02	-4.511350e-06
1.305677720200402e-02	-4.511353e-06
1.306677720200402e-02	-4.511355e-06
1.307677720200402e-02	-4.511357e-06
1.308677720200402e-02	-4.511360e-06
1.309677720200402e-02	-4.511362e-06
1.310677720200402e-02	-4.511365e-06
1.311677720200402e-02	-4.511367e-06
1.312677720200402e-02	-4.511369e-06
1.313677720200402e-02	-4.511371e-06
1.314677720200402e-02	-4.511373e-06
1.315677720200402e-02	-4.511376e-06
1.316677720200402e-02	-4.511377e-06
1.317677720200402e-02	-4.511380e-06
1.318677720200402e-02	-4.511382e-06
1.319677720200402e-02	-4.511384e-06
1.320677720200402e-02	-4.511386e-06
1.321677720200402e-02	-4.511388e-06
1.322677720200402e-02	-4.511390e-06
1.323677720200402e-02	-4.511392e-06
1.324677720200402e-02	-4.511394e-06
1.325677720200402e-02	-4.511396e-06
1.326677720200402e-02	-4.511397e-06
1.327677720200402e-02	-4.511399e-06
1.328677720200402e-02	-4.511402e-06
1.329677720200402e-02	-4.511403e-06
1.330677720200402e-02	-4.511405e-06
1.331677720200402e-02	-4.511407e-06
1.332677720200402e-02	-4.511408e-06
1.333677720200402e-02	-4.511410e-06
1.334677720200402e-02	-4.511412e-06
1.335677720200402e-02	-4.511414e-06
1.336677720200402e-02	-4.511415e-06
1.337677720200402e-02	-4.511417e-06
1.338677720200402e-02	-4.511418e-06
1.339677720200402e-02	-4.511420e-06
1.340677720200402e-02	-4.511422e-06
1.341677720200402e-02	-4.511423e-06
1.342677720200402e-02	-4.511425e-06
1.343677720200402e-02	-4.511426e-06
1.344677720200402e-02	-4.511428e-06
1.345677720200402e-02	-4.511429e-06
1.346677720200402e-02	-4.511431e-06
1.347677720200402e-02	-4.511432e-06
1.348677720200402e-02	-4.511433e-06
1.349677720200402e-02	-4.511435e-06
1.350677720200402e-02	-4.511436e-06
1.351677720200402e-02	-4.511438e-06
1.352677720200402e-02	-4.511438e-06
1.353677720200402e-02	-4.511440e-06
1.354677720200402e-02	-4.511441e-06
1.355677720200401e-02	-4.511443e-06
1.356677720200402e-02	-4.511444e-06
1.357677720200402e-02	-4.511445e-06
1.358677720200402e-02	-4.511447e-06
1.359677720200402e-02	-4.511448e-06
1.360677720200402e-02	-4.511449e-06
1.361677720200402e-02	-4.511450e-06
1.362677720200402e-02	-4.511451e-06
1.363677720200402e-02	-4.511453e-06
1.364677720200402e-02	-4.511453e-06
1.365677720200402e-02	-4.511455e-06
1.366677720200402e-02	-4.511456e-06
1.367677720200402e-02	-4.511457e-06
1.368677720200402e-02	-4.511458e-06
1.369677720200402e-02	-4.511459e-06
1.370677720200402e-02	-4.511460e-06
1.371677720200402e-02	-4.511461e-06
1.372677720200401e-02	-4.511462e-06
1.373677720200402e-02	-4.511463e-06
1.374677720200402e-02	-4.511464e-06
1.375677720200402e-02	-4.511465e-06
1.376677720200402e-02	-4.511466e-06
1.377677720200402e-02	-4.511467e-06
1.378677720200402e-02	-4.511468e-06
1.379677720200402e-02	-4.511469e-06
1.380677720200402e-02	-4.511470e-06
1.381677720200402e-02	-4.511471e-06
1.382677720200402e-02	-4.511472e-06
1.383677720200402e-02	-4.511473e-06
1.384677720200402e-02	-4.511473e-06
1.385677720200402e-02	-4.511474e-06
1.386677720200402e-02	-4.511475e-06
1.387677720200402e-02	-4.511476e-06
1.388677720200402e-02	-4.511477e-06
1.389677720200401e-02	-4.511478e-06
1.390677720200402e-02	-4.511478e-06
1.391677720200402e-02	-4.511479e-06
1.392677720200402e-02	-4.511480e-06
1.393677720200402e-02	-4.511481e-06
1.394677720200402e-02	-4.511482e-06
1.395677720200402e-02	-4.511483e-06
1.396677720200402e-02	-4.511483e-06
1.397677720200402e-02	-4.511484e-06
1.398677720200402e-02	-4.511485e-06
1.399677720200402e-02	-4.511485e-06
1.400677720200402e-02	-4.511486e-06
1.401677720200402e-02	-4.511487e-06
1.402677720200402e-02	-4.511488e-06
1.403677720200402e-02	-4.511488e-06
1.404677720200402e-02	-4.511489e-06
1.405677720200402e-02	-4.511489e-06
1.406677720200402e-02	-4.511490e-06
1.407677720200402e-02	-4.511491e-06
1.408677720200402e-02	-4.511492e-06
1.409677720200402e-02	-4.511492e-06
1.410677720200402e-02	-4.511493e-06
1.411677720200402e-02	-4.511493e-06
1.412677720200402e-02	-4.511494e-06
1.413677720200402e-02	-4.511495e-06
1.414677720200402e-02	-4.511495e-06
1.415677720200402e-02	-4.511496e-06
1.416677720200402e-02	-4.511496e-06
1.417677720200402e-02	-4.511497e-06
1.418677720200402e-02	-4.511498e-06
1.419677720200401e-02	-4.511498e-06
1.420677720200402e-02	-4.511498e-06
1.421677720200402e-02	-4.511499e-06
1.422677720200402e-02	-4.511499e-06
1.423677720200402e-02	-4.511500e-06
1.424677720200402e-02	-4.511501e-06
1.425677720200402e-02	-4.511501e-06
1.426677720200402e-02	-4.511502e-06
1.427677720200402e-02	-4.511502e-06
1.428677720200402e-02	-4.511503e-06
1.429677720200402e-02	-4.511503e-06
1.430677720200402e-02	-4.511504e-06
1.431677720200402e-02	-4.511504e-06
1.432677720200402e-02	-4.511504e-06
1.433677720200402e-02	-4.511505e-06
1.434677720200402e-02	-4.511506e-06
1.435677720200402e-02	-4.511506e-06
1.436677720200401e-02	-4.511507e-06
1.437677720200402e-02	-4.511507e-06
1.438677720200402e-02	-4.511507e-06
1.439677720200402e-02	-4.511508e-06
1.440677720200402e-02	-4.511508e-06
1.441677720200402e-02	-4.511508e-06
1.442677720200402e-02	-4.511509e-06
1.443677720200402e-02	-4.511509e-06
1.444677720200402e-02	-4.511510e-06
1.445677720200402e-02	-4.511510e-06
1.446677720200402e-02	-4.511511e-06
1.447677720200402e-02	-4.511511e-06
1.448677720200402e-02	-4.511511e-06
1.449677720200402e-02	-4.511512e-06
1.450677720200402e-02	-4.511512e-06
1.451677720200402e-02	-4.511513e-06
1.452677720200402e-02	-4.511513e-06
1.453677720200401e-02	-4.511513e-06
1.454677720200402e-02	-4.511514e-06
1.455677720200402e-02	-4.511514e-06
1.456677720200402e-02	-4.511514e-06
1.457677720200402e-02	-4.511515e-06
1.458677720200402e-02	-4.511515e-06
1.459677720200402e-02	-4.511515e-06
1.460677720200402e-02	-4.511516e-06
1.461677720200402e-02	-4.511516e-06
1.462677720200402e-02	-4.511516e-06
1.463677720200402e-02	-4.511517e-06
1.464677720200402e-02	-4.511517e-06
1.465677720200402e-02	-4.511517e-06
1.466677720200402e-02	-4.511518e-06
1.467677720200402e-02	-4.511518e-06
1.468677720200402e-02	-4.511518e-06
1.469677720200402e-02	-4.511518e-06
1.470677720200401e-02	-4.511518e-06
1.471677720200402e-02	-4.511519e-06
1.472677720200402e-02	-4.511519e-06
1.473677720200402e-02	-4.511519e-06
1.474677720200402e-02	-4.511520e-06
1.475677720200402e-02	-4.511520e-06
1.476677720200402e-02	-4.511520e-06
1.477677720200402e-02	-4.511520e-06
1.478677720200402e-02	-4.511521e-06
1.479677720200402e-02	-4.511521e-06
1.480677720200402e-02	-4.511521e-06
1.481677720200402e-02	-4.511521e-06
1.482677720200402e-02	-4.511522e-06
1.483677720200401e-02	-4.511522e-06
1.484677720200402e-02	-4.511522e-06
1.485677720200402e-02	-4.511523e-06
1.486677720200402e-02	-4.511523e-06
1.487677720200401e-02	-4.511523e-06
1.488677720200402e-02	-4.511523e-06
1.489677720200402e-02	-4.511523e-06
1.490677720200402e-02	-4.511524e-06
1.491677720200402e-02	-4.511524e-06
1.492677720200402e-02	-4.511524e-06
1.493677720200402e-02	-4.511524e-06
1.494677720200402e-02	-4.511524e-06
1.495677720200402e-02	-4.511525e-06
1.496677720200402e-02	-4.511525e-06
1.497677720200402e-02	-4.511525e-06
1.498677720200402e-02	-4.511525e-06
1.499677720200402e-02	-4.511525e-06
1.500677720200401e-02	-4.511526e-06
1.501677720200402e-02	-4.511526e-06
1.502677720200402e-02	-4.511526e-06
1.503677720200402e-02	-4.511526e-06
1.504677720200401e-02	-4.511526e-06
1.505677720200402e-02	-4.511527e-06
1.506677720200402e-02	-4.511527e-06
1.507677720200402e-02	-4.511527e-06
1.508677720200402e-02	-4.511527e-06
1.509677720200402e-02	-4.511527e-06
1.510677720200402e-02	-4.511528e-06
1.511677720200402e-02	-4.511528e-06
1.512677720200402e-02	-4.511528e-06
1.513677720200402e-02	-4.511528e-06
1.514677720200402e-02	-4.511528e-06
1.515677720200402e-02	-4.511528e-06
1.516677720200402e-02	-4.511528e-06
1.517677720200401e-02	-4.511528e-06
1.518677720200402e-02	-4.511529e-06
1.519677720200402e-02	-4.511529e-06
1.520677720200402e-02	-4.511529e-06
1.521677720200401e-02	-4.511529e-06
1.522677720200402e-02	-4.511529e-06
1.523677720200402e-02	-4.511529e-06
1.524677720200402e-02	-4.511529e-06
1.525677720200402e-02	-4.511529e-06
1.526677720200402e-02	-4.511530e-06
1.527677720200402e-02	-4.511530e-06
1.528677720200402e-02	-4.511530e-06
1.529677720200402e-02	-4.511530e-06
1.530677720200402e-02	-4.511530e-06
1.531677720200402e-02	-4.511530e-06
1.532677720200402e-02	-4.511531e-06
1.533677720200402e-02	-4.511531e-06
1.534677720200401e-02	-4.511531e-06
1.535677720200402e-02	-4.511531e-06
1.536677720200402e-02	-4.511531e-06
1.537677720200402e-02	-4.511531e-06
1.538677720200401e-02	-4.511531e-06
1.539677720200402e-02	-4.511531e-06
1.540677720200402e-02	-4.511532e-06
1.541677720200402e-02	-4.511532e-06
1.542677720200402e-02	-4.511532e-06
1.543677720200402e-02	-4.511532e-06
1.544677720200402e-02	-4.511532e-06
1.545677720200402e-02	-4.511532e-06
1.546677720200402e-02	-4.511532e-06
1.547677720200401e-02	-4.511532e-06
1.548677720200402e-02	-4.511533e-06
1.549677720200402e-02	-4.511533e-06
1.550677720200402e-02	-4.511533e-06
1.551677720200401e-02	-4.511533e-06
1.552677720200402e-02	-4.511533e-06
1.553677720200402e-02	-4.511533e-06
1.554677720200402e-02	-4.511533e-06
1.555677720200402e-02	-4.511533e-06
1.556677720200402e-02	-4.511533e-06
1.557677720200402e-02	-4.511533e-06
1.558677720200402e-02	-4.511533e-06
1.559677720200402e-02	-4.511533e-06
1.560677720200402e-02	-4.511533e-06
1.561677720200402e-02	-4.511534e-06
1.562677720200402e-02	-4.511534e-06
1.563677720200402e-02	-4.511534e-06
1.564677720200401e-02	-4.511534e-06
1.565677720200401e-02	-4.511534e-06
1.566677720200401e-02	-4.511534e-06
1.567677720200402e-02	-4.511534e-06
1.568677720200402e-02	-4.511534e-06
1.569677720200402e-02	-4.511534e-06
1.570677720200402e-02	-4.511534e-06
1.571677720200402e-02	-4.511534e-06
1.572677720200402e-02	-4.511534e-06
1.573677720200401e-02	-4.511534e-06
1.574677720200401e-02	-4.511535e-06
1.575677720200402e-02	-4.511535e-06
1.576677720200402e-02	-4.511535e-06
1.577677720200402e-02	-4.511535e-06
1.578677720200402e-02	-4.511535e-06
1.579677720200402e-02	-4.511535e-06
1.580677720200402e-02	-4.511535e-06
1.581677720200401e-02	-4.511535e-06
1.582677720200401e-02	-4.511535e-06
1.583677720200401e-02	-4.511535e-06
1.584677720200402e-02	-4.511535e-06
1.585677720200402e-02	-4.511535e-06
1.586677720200402e-02	-4.511536e-06
1.587677720200402e-02	-4.511536e-06
1.588677720200402e-02	-4.511536e-06
1.589677720200402e-02	-4.511536e-06
1.590677720200401e-02	-4.511536e-06
1.591677720200401e-02	-4.511536e-06
1.592677720200402e-02	-4.511536e-06
1.593677720200402e-02	-4.511536e-06
1.594677720200402e-02	-4.511536e-06
1.595677720200402e-02	-4.511536e-06
1.596677720200402e-02	-4.511536e-06
1.597677720200402e-02	-4.511536e-06
1.598677720200401e-02	-4.511536e-06
1.599677720200401e-02	-4.511536e-06
1.600677720200401e-02	-4.511537e-06
1.601677720200402e-02	-4.511537e-06
1.602677720200402e-02	-4.511537e-06
1.603677720200402e-02	-4.511537e-06
1.604677720200402e-02	-4.511537e-06
1.605677720200402e-02	-4.511537e-06
1.606677720200402e-02	-4.511537e-06
1.607677720200401e-02	-4.511537e-06
1.608677720200401e-02	-4.511537e-06
1.609677720200402e-02	-4.511537e-06
1.610677720200402e-02	-4.511537e-06
1.611677720200402e-02	-4.511537e-06
1.612677720200402e-02	-4.511537e-06
1.613677720200402e-02	-4.511537e-06
1.614677720200402e-02	-4.511537e-06
1.615677720200401e-02	-4.511537e-06
1.616677720200401e-02	-4.511537e-06
1.617677720200401e-02	-4.511537e-06
1.618677720200402e-02	-4.511537e-06
1.619677720200402e-02	-4.511537e-06
1.620677720200402e-02	-4.511537e-06
1.621677720200402e-02	-4.511537e-06
1.622677720200402e-02	-4.511537e-06
1.623677720200402e-02	-4.511538e-06
1.624677720200401e-02	-4.511538e-06
1.625677720200401e-02	-4.511538e-06
1.626677720200402e-02	-4.511538e-06
1.627677720200402e-02	-4.511538e-06
1.628677720200402e-02	-4.511538e-06
1.629677720200402e-02	-4.511538e-06
1.630677720200402e-02	-4.511538e-06
1.631677720200402e-02	-4.511538e-06
1.632677720200401e-02	-4.511538e-06
1.633677720200401e-02	-4.511538e-06
1.634677720200401e-02	-4.511538e-06
1.635677720200402e-02	-4.511538e-06
1.636677720200402e-02	-4.511538e-06
1.637677720200402e-02	-4.511538e-06
1.638677720200402e-02	-4.511538e-06
1.639677720200402e-02	-4.511538e-06
1.640677720200402e-02	-4.511538e-06
1.641677720200401e-02	-4.511538e-06
1.642677720200401e-02	-4.511538e-06
1.643677720200401e-02	-4.511538e-06
1.644677720200402e-02	-4.511538e-06
1.645677720200402e-02	-4.511538e-06
1.646677720200402e-02	-4.511538e-06
1.647677720200402e-02	-4.511538e-06
1.648677720200402e-02	-4.511538e-06
1.649677720200401e-02	-4.511538e-06
1.650677720200401e-02	-4.511538e-06
1.651677720200401e-02	-4.511538e-06
1.652677720200402e-02	-4.511538e-06
1.653677720200402e-02	-4.511538e-06
1.654677720200402e-02	-4.511538e-06
1.655677720200402e-02	-4.511538e-06
1.656677720200402e-02	-4.511538e-06
1.657677720200402e-02	-4.511538e-06
1.658677720200401e-02	-4.511538e-06
1.659677720200401e-02	-4.511538e-06
1.660677720200401e-02	-4.511538e-06
1.661677720200402e-02	-4.511538e-06
1.662677720200402e-02	-4.511538e-06
1.663677720200402e-02	-4.511538e-06
1.664677720200402e-02	-4.511538e-06
1.665677720200402e-02	-4.511538e-06
1.666677720200401e-02	-4.511538e-06
1.667677720200401e-02	-4.511538e-06
1.668677720200401e-02	-4.511538e-06
1.669677720200402e-02	-4.511538e-06
1.670677720200402e-02	-4.511538e-06
1.671677720200402e-02	-4.511538e-06
1.672677720200402e-02	-4.511539e-06
1.673677720200402e-02	-4.511539e-06
1.674677720200402e-02	-4.511539e-06
1.675677720200401e-02	-4.511539e-06
1.676677720200401e-02	-4.511539e-06
1.677677720200401e-02	-4.511539e-06
1.678677720200402e-02	-4.511538e-06
1.679677720200402e-02	-4.511538e-06
1.680677720200402e-02	-4.511539e-06
1.681677720200402e-02	-4.511539e-06
1.682677720200402e-02	-4.511539e-06
1.683677720200401e-02	-4.511539e-06
1.684677720200401e-02	-4.511539e-06
1.685677720200401e-02	-4.511539e-06
1.686677720200402e-02	-4.511539e-06
1.687677720200402e-02	-4.511539e-06
1.688677720200402e-02	-4.511539e-06
1.689677720200402e-02	-4.511539e-06
1.690677720200402e-02	-4.511539e-06
1.691677720200402e-02	-4.511539e-06
1.692677720200401e-02	-4.511539e-06
1.693677720200401e-02	-4.511539e-06
1.694677720200401e-02	-4.511539e-06
1.695677720200402e-02	-4.511539e-06
1.696677720200402e-02	-4.511539e-06
1.697677720200402e-02	-4.511539e-06
1.698677720200402e-02	-4.511539e-06
1.699677720200402e-02	-4.511539e-06
1.700677720200401e-02	-4.511539e-06
1.701677720200401e-02	-4.511539e-06
1.702677720200401e-02	-4.511539e-06
1.703677720200402e-02	-4.511539e-06
1.704677720200402e-02	-4.511539e-06
1.705677720200402e-02	-4.511539e-06
1.706677720200402e-02	-4.511539e-06
1.707677720200402e-02	-4.511539e-06
1.708677720200402e-02	-4.511539e-06
1.709677720200401e-02	-4.511539e-06
1.710677720200401e-02	-4.511539e-06
1.711677720200401e-02	-4.511539e-06
1.712677720200402e-02	-4.511539e-06
1.713677720200402e-02	-4.511539e-06
1.714677720200402e-02	-4.511539e-06
1.715677720200402e-02	-4.511539e-06
1.716677720200402e-02	-4.511539e-06
1.717677720200401e-02	-4.511539e-06
1.718677720200401e-02	-4.511539e-06
1.719677720200401e-02	-4.511539e-06
1.720677720200402e-02	-4.511539e-06
1.721677720200402e-02	-4.511539e-06
1.722677720200402e-02	-4.511539e-06
1.723677720200402e-02	-4.511539e-06
1.724677720200402e-02	-4.511539e-06
1.725677720200402e-02	-4.511539e-06
1.726677720200401e-02	-4.511539e-06
1.727677720200401e-02	-4.511539e-06
1.728677720200401e-02	-4.511539e-06
1.729677720200402e-02	-4.511539e-06
1.730677720200402e-02	-4.511539e-06
1.731677720200402e-02	-4.511539e-06
1.732677720200402e-02	-4.511539e-06
1.733677720200402e-02	-4.511539e-06
1.734677720200401e-02	-4.511539e-06
1.735677720200401e-02	-4.511539e-06
1.736677720200401e-02	-4.511539e-06
1.737677720200402e-02	-4.511539e-06
1.738677720200402e-02	-4.511539e-06
1.739677720200402e-02	-4.511539e-06
1.740677720200402e-02	-4.511539e-06
1.741677720200402e-02	-4.511540e-06
1.742677720200402e-02	-4.511540e-06
1.743677720200401e-02	-4.511539e-06
1.744677720200401e-02	-4.511539e-06
1.745677720200401e-02	-4.511540e-06
1.746677720200402e-02	-4.511540e-06
1.747677720200402e-02	-4.511539e-06
1.748677720200402e-02	-4.511539e-06
1.749677720200402e-02	-4.511540e-06
1.750677720200402e-02	-4.511540e-06
1.751677720200401e-02	-4.511540e-06
1.752677720200401e-02	-4.511540e-06
1.753677720200401e-02	-4.511540e-06
1.754677720200402e-02	-4.511540e-06
1.755677720200402e-02	-4.511540e-06
1.756677720200402e-02	-4.511540e-06
1.757677720200402e-02	-4.511539e-06
1.758677720200402e-02	-4.511539e-06
1.759677720200402e-02	-4.511540e-06
1.760677720200401e-02	-4.511540e-06
1.761677720200401e-02	-4.511540e-06
1.762677720200401e-02	-4.511540e-06
1.763677720200402e-02	-4.511540e-06
1.764677720200402e-02	-4.511540e-06
1.765677720200402e-02	-4.511540e-06
1.766677720200402e-02	-4.511540e-06
1.767677720200402e-02	-4.511540e-06
1.768677720200401e-02	-4.511540e-06
1.769677720200401e-02	-4.511540e-06
1.770677720200401e-02	-4.511540e-06
1.771677720200401e-02	-4.511540e-06
1.772677720200402e-02	-4.511540e-06
1.773677720200402e-02	-4.511540e-06
1.774677720200402e-02	-4.511540e-06
1.775677720200402e-02	-4.511540e-06
1.776677720200402e-02	-4.511540e-06
1.777677720200401e-02	-4.511540e-06
1.778677720200401e-02	-4.511540e-06
1.779677720200401e-02	-4.511540e-06
1.780677720200402e-02	-4.511540e-06
1.781677720200402e-02	-4.511540e-06
1.782677720200402e-02	-4.511540e-06
1.783677720200402e-02	-4.511540e-06
1.784677720200402e-02	-4.511540e-06
1.785677720200401e-02	-4.511540e-06
1.786677720200401e-02	-4.511540e-06
1.787677720200401e-02	-4.511540e-06
1.788677720200401e-02	-4.511540e-06
1.789677720200402e-02	-4.511540e-06
1.790677720200402e-02	-4.511540e-06
1.791677720200402e-02	-4.511540e-06
1.792677720200402e-02	-4.511540e-06
1.793677720200402e-02	-4.511540e-06
1.794677720200401e-02	-4.511540e-06
1.795677720200401e-02	-4.511540e-06
1.796677720200401e-02	-4.511540e-06
1.797677720200402e-02	-4.511540e-06
1.798677720200402e-02	-4.511540e-06
1.799677720200402e-02	-4.511540e-06
1.800677720200402e-02	-4.511540e-06
1.801677720200402e-02	-4.511540e-06
1.802677720200401e-02	-4.511540e-06
1.803677720200401e-02	-4.511540e-06
1.804677720200401e-02	-4.511540e-06
1.805677720200401e-02	-4.511540e-06
1.806677720200402e-02	-4.511540e-06
1.807677720200402e-02	-4.511540e-06
1.808677720200402e-02	-4.511540e-06
1.809677720200402e-02	-4.511540e-06
1.810677720200402e-02	-4.511540e-06
1.811677720200401e-02	-4.511540e-06
1.812677720200401e-02	-4.511540e-06
1.813677720200401e-02	-4.511540e-06
1.814677720200402e-02	-4.511540e-06
1.815677720200402e-02	-4.511540e-06
1.816677720200402e-02	-4.511540e-06
1.817677720200402e-02	-4.511540e-06
1.818677720200402e-02	-4.511540e-06
1.819677720200401e-02	-4.511540e-06
1.820677720200401e-02	-4.511540e-06
1.821677720200401e-02	-4.511540e-06
1.822677720200401e-02	-4.511540e-06
1.823677720200402e-02	-4.511540e-06
1.824677720200402e-02	-4.511540e-06
1.825677720200402e-02	-4.511540e-06
1.826677720200402e-02	-4.511540e-06
1.827677720200402e-02	-4.511540e-06
1.828677720200401e-02	-4.511540e-06
1.829677720200401e-02	-4.511540e-06
1.830677720200401e-02	-4.511540e-06
1.831677720200402e-02	-4.511540e-06
1.832677720200402e-02	-4.511540e-06
1.833677720200402e-02	-4.511540e-06
1.834677720200402e-02	-4.511540e-06
1.835677720200402e-02	-4.511540e-06
1.836677720200402e-02	-4.511540e-06
1.837677720200401e-02	-4.511540e-06
1.838677720200401e-02	-4.511540e-06
1.839677720200401e-02	-4.511540e-06
1.840677720200402e-02	-4.511540e-06
1.841677720200402e-02	-4.511540e-06
1.842677720200402e-02	-4.511540e-06
1.843677720200402e-02	-4.511540e-06
1.844677720200402e-02	-4.511540e-06
1.845677720200401e-02	-4.511540e-06
1.846677720200401e-02	-4.511540e-06
1.847677720200401e-02	-4.511540e-06
1.848677720200402e-02	-4.511540e-06
1.849677720200402e-02	-4.511540e-06
1.850677720200402e-02	-4.511540e-06
1.851677720200402e-02	-4.511540e-06
1.852677720200402e-02	-4.511540e-06
1.853677720200402e-02	-4.511540e-06
1.854677720200401e-02	-4.511540e-06
1.855677720200401e-02	-4.511540e-06
1.856677720200401e-02	-4.511540e-06
1.857677720200402e-02	-4.511540e-06
1.858677720200402e-02	-4.511540e-06
1.859677720200402e-02	-4.511540e-06
1.860677720200402e-02	-4.511540e-06
1.861677720200402e-02	-4.511540e-06
1.862677720200401e-02	-4.511540e-06
1.863677720200401e-02	-4.511540e-06
1.864677720200401e-02	-4.511540e-06
1.865677720200402e-02	-4.511540e-06
1.866677720200402e-02	-4.511540e-06
1.867677720200402e-02	-4.511540e-06
1.868677720200402e-02	-4.511540e-06
1.869677720200402e-02	-4.511540e-06
1.870677720200402e-02	-4.511540e-06
1.871677720200401e-02	-4.511540e-06
1.872677720200401e-02	-4.511540e-06
1.873677720200401e-02	-4.511540e-06
1.874677720200402e-02	-4.511540e-06
1.875677720200402e-02	-4.511540e-06
1.876677720200402e-02	-4.511540e-06
1.877677720200402e-02	-4.511540e-06
1.878677720200402e-02	-4.511540e-06
1.879677720200401e-02	-4.511540e-06
1.880677720200401e-02	-4.511540e-06
1.881677720200401e-02	-4.511540e-06
1.882677720200402e-02	-4.511540e-06
1.883677720200402e-02	-4.511540e-06
1.884677720200402e-02	-4.511540e-06
1.885677720200402e-02	-4.511540e-06
1.886677720200402e-02	-4.511540e-06
1.887677720200402e-02	-4.511540e-06
1.888677720200401e-02	-4.511540e-06
1.889677720200401e-02	-4.511540e-06
1.890677720200401e-02	-4.511540e-06
1.891677720200402e-02	-4.511540e-06
1.892677720200402e-02	-4.511540e-06
1.893677720200402e-02	-4.511540e-06
1.894677720200402e-02	-4.511540e-06
1.895677720200402e-02	-4.511540e-06
1.896677720200401e-02	-4.511540e-06
1.897677720200401e-02	-4.511540e-06
1.898677720200401e-02	-4.511540e-06
1.899677720200401e-02	-4.511540e-06
1.900677720200402e-02	-4.511540e-06
1.901677720200402e-02	-4.511540e-06
1.902677720200402e-02	-4.511540e-06
1.903677720200402e-02	-4.511540e-06
1.904677720200402e-02	-4.511540e-06
1.905677720200401e-02	-4.511540e-06
1.906677720200401e-02	-4.511540e-06
1.907677720200401e-02	-4.511540e-06
1.908677720200402e-02	-4.511540e-06
1.909677720200402e-02	-4.511540e-06
1.910677720200402e-02	-4.511540e-06
1.911677720200402e-02	-4.511540e-06
1.912677720200402e-02	-4.511540e-06
1.913677720200401e-02	-4.511540e-06
1.914677720200401e-02	-4.511540e-06
1.915677720200401e-02	-4.511540e-06
1.916677720200401e-02	-4.511540e-06
1.917677720200402e-02	-4.511540e-06
1.918677720200402e-02	-4.511540e-06
1.919677720200402e-02	-4.511540e-06
1.920677720200402e-02	-4.511540e-06
1.921677720200402e-02	-4.511540e-06
1.922677720200401e-02	-4.511540e-06
1.923677720200401e-02	-4.511540e-06
1.924677720200401e-02	-4.511540e-06
1.925677720200402e-02	-4.511540e-06
1.926677720200402e-02	-4.511540e-06
1.927677720200402e-02	-4.511540e-06
1.928677720200402e-02	-4.511540e-06
1.929677720200402e-02	-4.511540e-06
1.930677720200401e-02	-4.511540e-06
1.931677720200401e-02	-4.511540e-06
1.932677720200401e-02	-4.511540e-06
1.933677720200401e-02	-4.511540e-06
1.934677720200402e-02	-4.511540e-06
1.935677720200402e-02	-4.511540e-06
1.936677720200402e-02	-4.511540e-06
1.937677720200402e-02	-4.511540e-06
1.938677720200402e-02	-4.511540e-06
1.939677720200401e-02	-4.511540e-06
1.940677720200401e-02	-4.511540e-06
1.941677720200401e-02	-4.511540e-06
1.942677720200402e-02	-4.511540e-06
1.943677720200402e-02	-4.511540e-06
1.944677720200402e-02	-4.511540e-06
1.945677720200402e-02	-4.511540e-06
1.946677720200402e-02	-4.511540e-06
1.947677720200401e-02	-4.511540e-06
1.948677720200401e-02	-4.511540e-06
1.949677720200401e-02	-4.511540e-06
1.950677720200401e-02	-4.511540e-06
1.951677720200402e-02	-4.511540e-06
1.952677720200402e-02	-4.511540e-06
1.953677720200402e-02	-4.511540e-06
1.954677720200402e-02	-4.511540e-06
1.955677720200402e-02	-4.511540e-06
1.956677720200401e-02	-4.511540e-06
1.957677720200401e-02	-4.511540e-06
1.958677720200401e-02	-4.511540e-06
1.959677720200402e-02	-4.511540e-06
1.960677720200402e-02	-4.511540e-06
1.961677720200402e-02	-4.511540e-06
1.962677720200402e-02	-4.511540e-06
1.963677720200402e-02	-4.511540e-06
1.964677720200401e-02	-4.511540e-06
1.965677720200401e-02	-4.511540e-06
1.966677720200401e-02	-4.511540e-06
1.967677720200401e-02	-4.511540e-06
1.968677720200402e-02	-4.511540e-06
1.969677720200402e-02	-4.511540e-06
1.970677720200402e-02	-4.511540e-06
1.971677720200402e-02	-4.511540e-06
1.972677720200402e-02	-4.511540e-06
1.973677720200401e-02	-4.511540e-06
1.974677720200401e-02	-4.511540e-06
1.975677720200401e-02	-4.511540e-06
1.976677720200402e-02	-4.511540e-06
1.977677720200402e-02	-4.511540e-06
1.978677720200402e-02	-4.511540e-06
1.979677720200402e-02	-4.511540e-06
1.980677720200402e-02	-4.511540e-06
1.981677720200401e-02	-4.511540e-06
1.982677720200401e-02	-4.511540e-06
1.983677720200401e-02	-4.511540e-06
1.984677720200401e-02	-4.511540e-06
1.985677720200402e-02	-4.511540e-06
1.986677720200402e-02	-4.511540e-06
1.987677720200402e-02	-4.511540e-06
1.988677720200402e-02	-4.511540e-06
1.989677720200402e-02	-4.511540e-06
1.990677720200401e-02	-4.511540e-06
1.991677720200401e-02	-4.511540e-06
1.992677720200401e-02	-4.511540e-06
1.993677720200402e-02	-4.511540e-06
1.994677720200402e-02	-4.511540e-06
1.995677720200402e-02	-4.511540e-06
1.996677720200402e-02	-4.511540e-06
1.997677720200402e-02	-4.511540e-06
1.998677720200401e-02	-4.511540e-06
1.999677720200401e-02	-4.511540e-06
2.000000000000000e-02	-nan
