time	V(out_pos,out_neg)
0.000000000000000e+00	5.006790e-06
9.999999439624929e-11	5.006790e-06
1.999999887924986e-10	5.006790e-06
3.999999775849972e-10	5.006790e-06
7.999999551699943e-10	5.006790e-06
1.599999910339989e-09	5.006790e-06
3.199999820679977e-09	5.245209e-06
6.399999641359955e-09	5.006790e-06
1.279999928271991e-08	4.768372e-06
2.559999856543982e-08	3.337860e-06
5.119999713087964e-08	-5.626678e-05
9.252070775647470e-08	2.598763e-05
1.510105614849590e-07	1.685619e-04
2.057097563394625e-07	7.653236e-05
2.711918199481543e-07	5.769730e-05
3.308260921975742e-07	3.576279e-05
4.437653210593508e-07	-1.382828e-05
4.641529771383221e-07	-2.312660e-05
5.049282892962648e-07	-2.455711e-05
5.864789136121502e-07	-2.479553e-05
7.495801622439208e-07	-1.859665e-05
1.075782659507462e-06	-9.059906e-06
1.633817302632812e-06	-2.837181e-05
2.330362374581690e-06	-8.273125e-05
3.315593155943878e-06	-1.883507e-04
4.937628055957390e-06	-4.897118e-04
8.181697855984414e-06	-1.202345e-03
1.466983745603846e-05	-1.158476e-03
2.466983745603846e-05	-4.258156e-04
3.466983745603846e-05	-1.178503e-03
4.466983745603846e-05	-1.835585e-03
5.466983745603846e-05	-2.273321e-03
6.466983745603846e-05	-2.382040e-03
7.466983745603846e-05	-2.083540e-03
8.466983745603846e-05	-1.562595e-03
9.466983745603846e-05	-2.276897e-04
1.000000009999994e-04	-7.867813e-06
1.000000019999994e-04	-7.867813e-06
1.000000179999994e-04	-7.867813e-06
1.000000499999994e-04	-7.867813e-06
1.000001139999994e-04	-7.867813e-06
1.000002419999994e-04	-7.748604e-06
1.000004979999994e-04	-7.748604e-06
1.000010099999994e-04	-7.867813e-06
1.000020339999994e-04	-7.867813e-06
1.000040819999994e-04	-7.867813e-06
1.000081779999994e-04	-7.748604e-06
1.000163699999994e-04	-7.867813e-06
1.000327539999994e-04	-7.867813e-06
1.000655219999995e-04	-7.748604e-06
1.001310579999995e-04	-7.748604e-06
1.002621299999997e-04	-7.510185e-06
1.005242740000000e-04	-6.437302e-06
1.010485620000006e-04	-2.264977e-06
1.020971380000018e-04	1.251698e-05
1.041942900000042e-04	5.006790e-05
1.083885940000089e-04	-4.029274e-05
1.167772020000184e-04	-6.883144e-04
1.267772020000184e-04	-1.152277e-03
1.367772020000184e-04	-1.205564e-03
1.467772020000184e-04	-1.094103e-03
1.567772020000184e-04	-9.516478e-04
1.667772020000184e-04	-7.956028e-04
1.767772020000184e-04	-6.712675e-04
1.867772020000184e-04	-5.563498e-04
1.967772020000184e-04	-4.698038e-04
2.067772020000184e-04	-4.057884e-04
2.167772020000184e-04	-2.855182e-03
2.267772020000184e-04	-1.299191e-02
2.367772020000184e-04	-1.985836e-02
2.467772020000184e-04	-8.558869e-03
2.567772020000184e-04	1.301408e-03
2.667772020000184e-04	-2.379417e-04
2.767772020000184e-04	3.554821e-04
2.867772020000184e-04	2.214909e-04
2.967772020000184e-04	3.399849e-04
3.067772020000184e-04	1.483679e-03
3.167772020000184e-04	1.634836e-03
3.267772020000184e-04	1.493931e-03
3.367772020000184e-04	3.964448e-02
3.467772020000184e-04	1.018567e-01
3.526689974438482e-04	2.118030e-01
3.584169121317970e-04	4.374440e-01
3.654051165794683e-04	7.242525e-01
3.722249489212302e-04	9.609962e-01
3.782766817416345e-04	1.102658e+00
3.843428632561266e-04	1.203248e+00
3.901874126668784e-04	1.293816e+00
4.001874126668784e-04	1.443614e+00
4.101874126668784e-04	1.588853e+00
4.201874126668784e-04	1.730686e+00
4.301874126668784e-04	1.870145e+00
4.401874126668784e-04	2.007853e+00
4.501874126668784e-04	2.144222e+00
4.601874126668784e-04	2.279488e+00
4.701874126668784e-04	2.413873e+00
4.801874126668784e-04	2.547492e+00
4.901874126668784e-04	2.680475e+00
5.001874126668783e-04	2.812878e+00
5.101874126668784e-04	2.944784e+00
5.201874126668784e-04	3.071567e+00
5.301874126668784e-04	3.165995e+00
5.401874126668783e-04	3.207959e+00
5.501874126668784e-04	3.219790e+00
5.601874126668784e-04	3.226318e+00
5.701874126668784e-04	3.230868e+00
5.801874126668783e-04	3.234409e+00
5.901874126668784e-04	3.237259e+00
6.001874126668784e-04	3.239684e+00
6.101874126668784e-04	3.241744e+00
6.201874126668783e-04	3.243577e+00
6.301874126668784e-04	3.245175e+00
6.401874126668784e-04	3.246653e+00
6.501874126668784e-04	3.248147e+00
6.601874126668783e-04	3.249670e+00
6.701874126668784e-04	3.251109e+00
6.801874126668784e-04	3.252489e+00
6.901874126668784e-04	3.253746e+00
7.001874126668783e-04	3.254930e+00
7.101874126668784e-04	3.255994e+00
7.201874126668784e-04	3.256992e+00
7.301874126668784e-04	3.257884e+00
7.401874126668783e-04	3.258723e+00
7.501874126668783e-04	3.259470e+00
7.601874126668784e-04	3.260177e+00
7.701874126668784e-04	3.260804e+00
7.801874126668783e-04	3.261401e+00
7.901874126668783e-04	3.261930e+00
8.001874126668784e-04	3.262438e+00
8.101874126668784e-04	3.262886e+00
8.201874126668783e-04	3.263319e+00
8.301874126668783e-04	3.263700e+00
8.401874126668784e-04	3.264072e+00
8.501874126668784e-04	3.264398e+00
8.601874126668783e-04	3.264719e+00
8.701874126668783e-04	3.264998e+00
8.801874126668784e-04	3.265277e+00
8.901874126668784e-04	3.265517e+00
9.001874126668783e-04	3.265760e+00
9.101874126668783e-04	3.265967e+00
9.201874126668784e-04	3.266179e+00
9.301874126668784e-04	3.266358e+00
9.401874126668783e-04	3.266544e+00
9.501874126668783e-04	3.266700e+00
9.601874126668784e-04	3.266863e+00
9.701874126668784e-04	3.266998e+00
9.801874126668783e-04	3.267142e+00
9.901874126668783e-04	3.267260e+00
1.000000000000000e-03	3.267387e+00
1.000000001000000e-03	3.267387e+00
1.000000017000000e-03	3.267387e+00
1.000000049000000e-03	3.267387e+00
1.000000113000000e-03	3.267387e+00
1.000000241000000e-03	3.267386e+00
1.000000497000000e-03	3.267385e+00
1.000001009000000e-03	3.267384e+00
1.000002033000000e-03	3.267382e+00
1.000004081000000e-03	3.267382e+00
1.000008177000000e-03	3.267382e+00
1.000016369000001e-03	3.267382e+00
1.000032753000001e-03	3.267382e+00
1.000065521000002e-03	3.267382e+00
1.000131057000004e-03	3.267383e+00
1.000262129000007e-03	3.267384e+00
1.000524273000015e-03	3.267387e+00
1.001048561000029e-03	3.267393e+00
1.002097137000058e-03	3.267405e+00
1.004194289000116e-03	3.267429e+00
1.008388593000232e-03	3.267475e+00
1.016777201000463e-03	3.267564e+00
1.026777201000463e-03	3.267664e+00
1.036777201000463e-03	3.267758e+00
1.046777201000463e-03	3.267847e+00
1.056777201000463e-03	3.267929e+00
1.066777201000463e-03	3.268007e+00
1.076777201000463e-03	3.268081e+00
1.086777201000463e-03	3.268150e+00
1.096777201000463e-03	3.268215e+00
1.106777201000463e-03	3.268276e+00
1.116777201000463e-03	3.268333e+00
1.126777201000463e-03	3.268387e+00
1.136777201000463e-03	3.268438e+00
1.146777201000463e-03	3.268486e+00
1.156777201000463e-03	3.268532e+00
1.166777201000463e-03	3.268574e+00
1.176777201000463e-03	3.268615e+00
1.186777201000463e-03	3.268653e+00
1.196777201000463e-03	3.268688e+00
1.206777201000463e-03	3.268722e+00
1.216777201000463e-03	3.268754e+00
1.226777201000463e-03	3.268784e+00
1.236777201000463e-03	3.268812e+00
1.246777201000463e-03	3.268839e+00
1.256777201000463e-03	3.268864e+00
1.266777201000463e-03	3.268888e+00
1.276777201000463e-03	3.268910e+00
1.286777201000463e-03	3.268931e+00
1.296777201000463e-03	3.268951e+00
1.306777201000463e-03	3.268970e+00
1.316777201000463e-03	3.268988e+00
1.326777201000463e-03	3.269005e+00
1.336777201000463e-03	3.269021e+00
1.346777201000463e-03	3.269036e+00
1.356777201000463e-03	3.269050e+00
1.366777201000463e-03	3.269063e+00
1.376777201000463e-03	3.269076e+00
1.386777201000463e-03	3.269088e+00
1.396777201000463e-03	3.269099e+00
1.406777201000463e-03	3.269110e+00
1.416777201000463e-03	3.269120e+00
1.426777201000463e-03	3.269130e+00
1.436777201000463e-03	3.269138e+00
1.446777201000463e-03	3.269147e+00
1.456777201000463e-03	3.269155e+00
1.466777201000463e-03	3.269163e+00
1.476777201000463e-03	3.269170e+00
1.486777201000463e-03	3.269177e+00
1.496777201000463e-03	3.269183e+00
1.506777201000463e-03	3.269189e+00
1.516777201000463e-03	3.269195e+00
1.526777201000463e-03	3.269200e+00
1.536777201000463e-03	3.269205e+00
1.546777201000463e-03	3.269210e+00
1.556777201000463e-03	3.269215e+00
1.566777201000463e-03	3.269219e+00
1.576777201000463e-03	3.269223e+00
1.586777201000463e-03	3.269227e+00
1.596777201000463e-03	3.269231e+00
1.606777201000463e-03	3.269234e+00
1.616777201000463e-03	3.269238e+00
1.626777201000463e-03	3.269241e+00
1.636777201000463e-03	3.269244e+00
1.646777201000463e-03	3.269246e+00
1.656777201000463e-03	3.269249e+00
1.666777201000463e-03	3.269252e+00
1.676777201000463e-03	3.269254e+00
1.686777201000463e-03	3.269256e+00
1.696777201000463e-03	3.269258e+00
1.706777201000463e-03	3.269260e+00
1.716777201000463e-03	3.269262e+00
1.726777201000463e-03	3.269264e+00
1.736777201000463e-03	3.269266e+00
1.746777201000463e-03	3.269267e+00
1.756777201000463e-03	3.269269e+00
1.766777201000463e-03	3.269270e+00
1.776777201000463e-03	3.269271e+00
1.786777201000463e-03	3.269273e+00
1.796777201000463e-03	3.269274e+00
1.806777201000463e-03	3.269275e+00
1.816777201000463e-03	3.269276e+00
1.826777201000463e-03	3.269277e+00
1.836777201000463e-03	3.269278e+00
1.846777201000463e-03	3.269279e+00
1.856777201000463e-03	3.269280e+00
1.866777201000463e-03	3.269281e+00
1.876777201000463e-03	3.269282e+00
1.886777201000463e-03	3.269282e+00
1.896777201000463e-03	3.269283e+00
1.906777201000463e-03	3.269284e+00
1.916777201000463e-03	3.269284e+00
1.926777201000463e-03	3.269285e+00
1.936777201000463e-03	3.269285e+00
1.946777201000463e-03	3.269286e+00
1.956777201000463e-03	3.269286e+00
1.966777201000463e-03	3.269287e+00
1.976777201000463e-03	3.269287e+00
1.986777201000463e-03	3.269288e+00
1.996777201000463e-03	3.269288e+00
2.006777201000463e-03	3.269289e+00
2.016777201000463e-03	3.269289e+00
2.026777201000463e-03	3.269289e+00
2.036777201000463e-03	3.269289e+00
2.046777201000463e-03	3.269290e+00
2.056777201000463e-03	3.269290e+00
2.066777201000463e-03	3.269290e+00
2.076777201000463e-03	3.269291e+00
2.086777201000463e-03	3.269291e+00
2.096777201000463e-03	3.269291e+00
2.106777201000463e-03	3.269291e+00
2.116777201000463e-03	3.269291e+00
2.126777201000463e-03	3.269292e+00
2.136777201000463e-03	3.269292e+00
2.146777201000463e-03	3.269292e+00
2.156777201000463e-03	3.269292e+00
2.166777201000463e-03	3.269292e+00
2.176777201000463e-03	3.269292e+00
2.186777201000463e-03	3.269293e+00
2.196777201000463e-03	3.269293e+00
2.206777201000463e-03	3.269293e+00
2.216777201000463e-03	3.269293e+00
2.226777201000463e-03	3.269293e+00
2.236777201000463e-03	3.269293e+00
2.246777201000463e-03	3.269293e+00
2.256777201000463e-03	3.269294e+00
2.266777201000463e-03	3.269294e+00
2.276777201000463e-03	3.269294e+00
2.286777201000463e-03	3.269294e+00
2.296777201000463e-03	3.269294e+00
2.306777201000463e-03	3.269294e+00
2.316777201000463e-03	3.269294e+00
2.326777201000463e-03	3.269294e+00
2.336777201000463e-03	3.269294e+00
2.346777201000463e-03	3.269294e+00
2.356777201000463e-03	3.269294e+00
2.366777201000463e-03	3.269294e+00
2.376777201000463e-03	3.269294e+00
2.386777201000463e-03	3.269294e+00
2.396777201000463e-03	3.269294e+00
2.406777201000463e-03	3.269294e+00
2.416777201000463e-03	3.269294e+00
2.426777201000463e-03	3.269294e+00
2.436777201000463e-03	3.269295e+00
2.446777201000463e-03	3.269295e+00
2.456777201000463e-03	3.269295e+00
2.466777201000463e-03	3.269295e+00
2.476777201000463e-03	3.269295e+00
2.486777201000463e-03	3.269295e+00
2.496777201000463e-03	3.269295e+00
2.506777201000463e-03	3.269295e+00
2.516777201000463e-03	3.269295e+00
2.526777201000463e-03	3.269295e+00
2.536777201000463e-03	3.269295e+00
2.546777201000463e-03	3.269295e+00
2.556777201000463e-03	3.269295e+00
2.566777201000463e-03	3.269295e+00
2.576777201000463e-03	3.269295e+00
2.586777201000463e-03	3.269295e+00
2.596777201000463e-03	3.269295e+00
2.606777201000463e-03	3.269295e+00
2.616777201000463e-03	3.269295e+00
2.626777201000463e-03	3.269295e+00
2.636777201000463e-03	3.269295e+00
2.646777201000463e-03	3.269295e+00
2.656777201000463e-03	3.269295e+00
2.666777201000463e-03	3.269295e+00
2.676777201000463e-03	3.269295e+00
2.686777201000463e-03	3.269295e+00
2.696777201000463e-03	3.269295e+00
2.706777201000463e-03	3.269295e+00
2.716777201000463e-03	3.269295e+00
2.726777201000463e-03	3.269295e+00
2.736777201000463e-03	3.269295e+00
2.746777201000463e-03	3.269295e+00
2.756777201000463e-03	3.269295e+00
2.766777201000463e-03	3.269295e+00
2.776777201000463e-03	3.269295e+00
2.786777201000463e-03	3.269295e+00
2.796777201000463e-03	3.269295e+00
2.806777201000463e-03	3.269295e+00
2.816777201000463e-03	3.269295e+00
2.826777201000463e-03	3.269295e+00
2.836777201000463e-03	3.269295e+00
2.846777201000463e-03	3.269295e+00
2.856777201000463e-03	3.269295e+00
2.866777201000463e-03	3.269295e+00
2.876777201000463e-03	3.269295e+00
2.886777201000463e-03	3.269295e+00
2.896777201000463e-03	3.269295e+00
2.906777201000463e-03	3.269295e+00
2.916777201000463e-03	3.269295e+00
2.926777201000463e-03	3.269295e+00
2.936777201000463e-03	3.269295e+00
2.946777201000463e-03	3.269295e+00
2.956777201000463e-03	3.269295e+00
2.966777201000463e-03	3.269295e+00
2.976777201000463e-03	3.269295e+00
2.986777201000463e-03	3.269295e+00
2.996777201000463e-03	3.269295e+00
3.006777201000463e-03	3.269295e+00
3.016777201000463e-03	3.269295e+00
3.026777201000463e-03	3.269295e+00
3.036777201000463e-03	3.269295e+00
3.046777201000463e-03	3.269295e+00
3.056777201000463e-03	3.269295e+00
3.066777201000463e-03	3.269295e+00
3.076777201000463e-03	3.269295e+00
3.086777201000463e-03	3.269295e+00
3.096777201000463e-03	3.269295e+00
3.106777201000463e-03	3.269295e+00
3.116777201000463e-03	3.269295e+00
3.126777201000463e-03	3.269295e+00
3.136777201000463e-03	3.269295e+00
3.146777201000463e-03	3.269295e+00
3.156777201000463e-03	3.269295e+00
3.166777201000463e-03	3.269295e+00
3.176777201000463e-03	3.269295e+00
3.186777201000463e-03	3.269295e+00
3.196777201000463e-03	3.269295e+00
3.206777201000463e-03	3.269295e+00
3.216777201000463e-03	3.269295e+00
3.226777201000463e-03	3.269295e+00
3.236777201000463e-03	3.269295e+00
3.246777201000463e-03	3.269295e+00
3.256777201000463e-03	3.269295e+00
3.266777201000463e-03	3.269295e+00
3.276777201000463e-03	3.269295e+00
3.286777201000463e-03	3.269295e+00
3.296777201000463e-03	3.269295e+00
3.306777201000463e-03	3.269295e+00
3.316777201000463e-03	3.269295e+00
3.326777201000463e-03	3.269295e+00
3.336777201000463e-03	3.269295e+00
3.346777201000463e-03	3.269295e+00
3.356777201000463e-03	3.269295e+00
3.366777201000463e-03	3.269295e+00
3.376777201000463e-03	3.269295e+00
3.386777201000463e-03	3.269295e+00
3.396777201000463e-03	3.269295e+00
3.406777201000463e-03	3.269295e+00
3.416777201000463e-03	3.269295e+00
3.426777201000463e-03	3.269295e+00
3.436777201000463e-03	3.269295e+00
3.446777201000463e-03	3.269295e+00
3.456777201000463e-03	3.269295e+00
3.466777201000463e-03	3.269295e+00
3.476777201000463e-03	3.269295e+00
3.486777201000463e-03	3.269295e+00
3.496777201000463e-03	3.269295e+00
3.506777201000463e-03	3.269295e+00
3.516777201000463e-03	3.269295e+00
3.526777201000463e-03	3.269295e+00
3.536777201000463e-03	3.269295e+00
3.546777201000463e-03	3.269295e+00
3.556777201000463e-03	3.269295e+00
3.566777201000463e-03	3.269295e+00
3.576777201000463e-03	3.269295e+00
3.586777201000463e-03	3.269295e+00
3.596777201000463e-03	3.269295e+00
3.606777201000463e-03	3.269295e+00
3.616777201000463e-03	3.269295e+00
3.626777201000463e-03	3.269295e+00
3.636777201000463e-03	3.269295e+00
3.646777201000463e-03	3.269295e+00
3.656777201000463e-03	3.269295e+00
3.666777201000463e-03	3.269295e+00
3.676777201000463e-03	3.269295e+00
3.686777201000463e-03	3.269295e+00
3.696777201000463e-03	3.269295e+00
3.706777201000463e-03	3.269295e+00
3.716777201000463e-03	3.269295e+00
3.726777201000463e-03	3.269295e+00
3.736777201000463e-03	3.269295e+00
3.746777201000463e-03	3.269295e+00
3.756777201000463e-03	3.269295e+00
3.766777201000463e-03	3.269295e+00
3.776777201000463e-03	3.269295e+00
3.786777201000463e-03	3.269295e+00
3.796777201000463e-03	3.269295e+00
3.806777201000463e-03	3.269295e+00
3.816777201000463e-03	3.269295e+00
3.826777201000463e-03	3.269295e+00
3.836777201000463e-03	3.269295e+00
3.846777201000463e-03	3.269295e+00
3.856777201000463e-03	3.269295e+00
3.866777201000463e-03	3.269295e+00
3.876777201000463e-03	3.269295e+00
3.886777201000463e-03	3.269295e+00
3.896777201000463e-03	3.269295e+00
3.906777201000463e-03	3.269295e+00
3.916777201000463e-03	3.269295e+00
3.926777201000463e-03	3.269295e+00
3.936777201000463e-03	3.269295e+00
3.946777201000463e-03	3.269295e+00
3.956777201000463e-03	3.269295e+00
3.966777201000463e-03	3.269295e+00
3.976777201000463e-03	3.269295e+00
3.986777201000463e-03	3.269295e+00
3.996777201000463e-03	3.269295e+00
4.006777201000463e-03	3.269295e+00
4.016777201000463e-03	3.269295e+00
4.026777201000463e-03	3.269295e+00
4.036777201000463e-03	3.269295e+00
4.046777201000462e-03	3.269295e+00
4.056777201000463e-03	3.269295e+00
4.066777201000463e-03	3.269295e+00
4.076777201000463e-03	3.269295e+00
4.086777201000463e-03	3.269295e+00
4.096777201000463e-03	3.269295e+00
4.106777201000463e-03	3.269295e+00
4.116777201000463e-03	3.269295e+00
4.126777201000463e-03	3.269295e+00
4.136777201000463e-03	3.269295e+00
4.146777201000463e-03	3.269295e+00
4.156777201000463e-03	3.269295e+00
4.166777201000463e-03	3.269295e+00
4.176777201000463e-03	3.269295e+00
4.186777201000463e-03	3.269295e+00
4.196777201000462e-03	3.269295e+00
4.206777201000463e-03	3.269295e+00
4.216777201000462e-03	3.269295e+00
4.226777201000463e-03	3.269295e+00
4.236777201000463e-03	3.269295e+00
4.246777201000463e-03	3.269295e+00
4.256777201000463e-03	3.269295e+00
4.266777201000463e-03	3.269295e+00
4.276777201000463e-03	3.269295e+00
4.286777201000463e-03	3.269295e+00
4.296777201000463e-03	3.269295e+00
4.306777201000463e-03	3.269295e+00
4.316777201000463e-03	3.269295e+00
4.326777201000463e-03	3.269295e+00
4.336777201000463e-03	3.269295e+00
4.346777201000463e-03	3.269295e+00
4.356777201000463e-03	3.269295e+00
4.366777201000462e-03	3.269295e+00
4.376777201000463e-03	3.269295e+00
4.386777201000462e-03	3.269295e+00
4.396777201000463e-03	3.269295e+00
4.406777201000463e-03	3.269295e+00
4.416777201000463e-03	3.269295e+00
4.426777201000463e-03	3.269295e+00
4.436777201000463e-03	3.269295e+00
4.446777201000463e-03	3.269295e+00
4.456777201000463e-03	3.269295e+00
4.466777201000463e-03	3.269295e+00
4.476777201000463e-03	3.269295e+00
4.486777201000463e-03	3.269295e+00
4.496777201000463e-03	3.269295e+00
4.506777201000463e-03	3.269295e+00
4.516777201000462e-03	3.269295e+00
4.526777201000463e-03	3.269295e+00
4.536777201000462e-03	3.269295e+00
4.546777201000463e-03	3.269295e+00
4.556777201000463e-03	3.269295e+00
4.566777201000463e-03	3.269295e+00
4.576777201000463e-03	3.269295e+00
4.586777201000463e-03	3.269295e+00
4.596777201000463e-03	3.269295e+00
4.606777201000463e-03	3.269295e+00
4.616777201000463e-03	3.269295e+00
4.626777201000463e-03	3.269295e+00
4.636777201000463e-03	3.269295e+00
4.646777201000463e-03	3.269295e+00
4.656777201000463e-03	3.269295e+00
4.666777201000463e-03	3.269295e+00
4.676777201000463e-03	3.269295e+00
4.686777201000462e-03	3.269295e+00
4.696777201000463e-03	3.269295e+00
4.706777201000462e-03	3.269295e+00
4.716777201000463e-03	3.269295e+00
4.726777201000463e-03	3.269295e+00
4.736777201000463e-03	3.269295e+00
4.746777201000463e-03	3.269295e+00
4.756777201000463e-03	3.269295e+00
4.766777201000463e-03	3.269295e+00
4.776777201000463e-03	3.269295e+00
4.786777201000463e-03	3.269295e+00
4.796777201000463e-03	3.269295e+00
4.806777201000463e-03	3.269295e+00
4.816777201000463e-03	3.269295e+00
4.826777201000463e-03	3.269295e+00
4.836777201000462e-03	3.269295e+00
4.846777201000463e-03	3.269295e+00
4.856777201000462e-03	3.269295e+00
4.866777201000463e-03	3.269295e+00
4.876777201000462e-03	3.269295e+00
4.886777201000463e-03	3.269295e+00
4.896777201000463e-03	3.269295e+00
4.906777201000463e-03	3.269295e+00
4.916777201000463e-03	3.269295e+00
4.926777201000463e-03	3.269295e+00
4.936777201000463e-03	3.269295e+00
4.946777201000463e-03	3.269295e+00
4.956777201000463e-03	3.269295e+00
4.966777201000463e-03	3.269295e+00
4.976777201000463e-03	3.269295e+00
4.986777201000463e-03	3.269295e+00
4.996777201000463e-03	3.269295e+00
5.006777201000462e-03	3.269295e+00
5.016777201000463e-03	3.269295e+00
5.026777201000462e-03	3.269295e+00
5.036777201000463e-03	3.269295e+00
5.046777201000462e-03	3.269295e+00
5.056777201000463e-03	3.269295e+00
5.066777201000463e-03	3.269295e+00
5.076777201000463e-03	3.269295e+00
5.086777201000463e-03	3.269295e+00
5.096777201000463e-03	3.269295e+00
5.106777201000463e-03	3.269295e+00
5.116777201000463e-03	3.269295e+00
5.126777201000463e-03	3.269295e+00
5.136777201000463e-03	3.269295e+00
5.146777201000463e-03	3.269295e+00
5.156777201000462e-03	3.269295e+00
5.166777201000463e-03	3.269295e+00
5.176777201000462e-03	3.269295e+00
5.186777201000463e-03	3.269295e+00
5.196777201000462e-03	3.269295e+00
5.206777201000463e-03	3.269295e+00
5.216777201000463e-03	3.269295e+00
5.226777201000463e-03	3.269295e+00
5.236777201000463e-03	3.269295e+00
5.246777201000463e-03	3.269295e+00
5.256777201000463e-03	3.269295e+00
5.266777201000463e-03	3.269295e+00
5.276777201000463e-03	3.269295e+00
5.286777201000463e-03	3.269295e+00
5.296777201000463e-03	3.269295e+00
5.306777201000463e-03	3.269295e+00
5.316777201000463e-03	3.269295e+00
5.326777201000462e-03	3.269295e+00
5.336777201000463e-03	3.269295e+00
5.346777201000462e-03	3.269295e+00
5.356777201000463e-03	3.269295e+00
5.366777201000462e-03	3.269295e+00
5.376777201000463e-03	3.269295e+00
5.386777201000463e-03	3.269295e+00
5.396777201000463e-03	3.269295e+00
5.406777201000463e-03	3.269295e+00
5.416777201000463e-03	3.269295e+00
5.426777201000463e-03	3.269295e+00
5.436777201000463e-03	3.269295e+00
5.446777201000463e-03	3.269295e+00
5.456777201000463e-03	3.269295e+00
5.466777201000463e-03	3.269295e+00
5.476777201000462e-03	3.269295e+00
5.486777201000463e-03	3.269295e+00
5.496777201000462e-03	3.269295e+00
5.506777201000463e-03	3.269295e+00
5.516777201000462e-03	3.269295e+00
5.526777201000463e-03	3.269295e+00
5.536777201000462e-03	3.269295e+00
5.546777201000463e-03	3.269295e+00
5.556777201000463e-03	3.269295e+00
5.566777201000463e-03	3.269295e+00
5.576777201000463e-03	3.269295e+00
5.586777201000463e-03	3.269295e+00
5.596777201000463e-03	3.269295e+00
5.606777201000463e-03	3.269295e+00
5.616777201000463e-03	3.269295e+00
5.626777201000463e-03	3.269295e+00
5.636777201000463e-03	3.269295e+00
5.646777201000462e-03	3.269295e+00
5.656777201000463e-03	3.269295e+00
5.666777201000462e-03	3.269295e+00
5.676777201000463e-03	3.269295e+00
5.686777201000462e-03	3.269295e+00
5.696777201000463e-03	3.269295e+00
5.706777201000462e-03	3.269295e+00
5.716777201000463e-03	3.269295e+00
5.726777201000463e-03	3.269295e+00
5.736777201000463e-03	3.269295e+00
5.746777201000463e-03	3.269295e+00
5.756777201000463e-03	3.269295e+00
5.766777201000463e-03	3.269295e+00
5.776777201000463e-03	3.269295e+00
5.786777201000463e-03	3.269295e+00
5.796777201000462e-03	3.269295e+00
5.806777201000463e-03	3.269295e+00
5.816777201000462e-03	3.269295e+00
5.826777201000463e-03	3.269295e+00
5.836777201000462e-03	3.269295e+00
5.846777201000463e-03	3.269295e+00
5.856777201000462e-03	3.269295e+00
5.866777201000463e-03	3.269295e+00
5.876777201000462e-03	3.269295e+00
5.886777201000463e-03	3.269295e+00
5.896777201000463e-03	3.269295e+00
5.906777201000463e-03	3.269295e+00
5.916777201000463e-03	3.269295e+00
5.926777201000463e-03	3.269295e+00
5.936777201000463e-03	3.269295e+00
5.946777201000463e-03	3.269295e+00
5.956777201000463e-03	3.269295e+00
5.966777201000462e-03	3.269295e+00
5.976777201000463e-03	3.269295e+00
5.986777201000462e-03	3.269295e+00
5.996777201000463e-03	3.269295e+00
6.006777201000462e-03	3.269295e+00
6.016777201000463e-03	3.269295e+00
6.026777201000462e-03	3.269295e+00
6.036777201000463e-03	3.269295e+00
6.046777201000463e-03	3.269295e+00
6.056777201000463e-03	3.269295e+00
6.066777201000463e-03	3.269295e+00
6.076777201000463e-03	3.269295e+00
6.086777201000463e-03	3.269295e+00
6.096777201000463e-03	3.269295e+00
6.106777201000463e-03	3.269295e+00
6.116777201000462e-03	3.269295e+00
6.126777201000463e-03	3.269295e+00
6.136777201000462e-03	3.269295e+00
6.146777201000463e-03	3.269295e+00
6.156777201000462e-03	3.269295e+00
6.166777201000463e-03	3.269295e+00
6.176777201000462e-03	3.269295e+00
6.186777201000463e-03	3.269295e+00
6.196777201000462e-03	3.269295e+00
6.206777201000463e-03	3.269295e+00
6.216777201000463e-03	3.269295e+00
6.226777201000463e-03	3.269295e+00
6.236777201000463e-03	3.269295e+00
6.246777201000463e-03	3.269295e+00
6.256777201000463e-03	3.269295e+00
6.266777201000463e-03	3.269295e+00
6.276777201000463e-03	3.269295e+00
6.286777201000462e-03	3.269295e+00
6.296777201000463e-03	3.269295e+00
6.306777201000462e-03	3.269295e+00
6.316777201000463e-03	3.269295e+00
6.326777201000462e-03	3.269295e+00
6.336777201000463e-03	3.269295e+00
6.346777201000462e-03	3.269295e+00
6.356777201000463e-03	3.269295e+00
6.366777201000462e-03	3.269295e+00
6.376777201000463e-03	3.269295e+00
6.386777201000463e-03	3.269295e+00
6.396777201000463e-03	3.269295e+00
6.406777201000463e-03	3.269295e+00
6.416777201000463e-03	3.269295e+00
6.426777201000463e-03	3.269295e+00
6.436777201000462e-03	3.269295e+00
6.446777201000463e-03	3.269295e+00
6.456777201000462e-03	3.269295e+00
6.466777201000463e-03	3.269295e+00
6.476777201000462e-03	3.269295e+00
6.486777201000463e-03	3.269295e+00
6.496777201000462e-03	3.269295e+00
6.506777201000463e-03	3.269295e+00
6.516777201000462e-03	3.269295e+00
6.526777201000463e-03	3.269295e+00
6.536777201000462e-03	3.269295e+00
6.546777201000463e-03	3.269295e+00
6.556777201000463e-03	3.269295e+00
6.566777201000463e-03	3.269295e+00
6.576777201000463e-03	3.269295e+00
6.586777201000463e-03	3.269295e+00
6.596777201000463e-03	3.269295e+00
6.606777201000462e-03	3.269295e+00
6.616777201000463e-03	3.269295e+00
6.626777201000462e-03	3.269295e+00
6.636777201000463e-03	3.269295e+00
6.646777201000462e-03	3.269295e+00
6.656777201000463e-03	3.269295e+00
6.666777201000462e-03	3.269295e+00
6.676777201000463e-03	3.269295e+00
6.686777201000462e-03	3.269295e+00
6.696777201000463e-03	3.269295e+00
6.706777201000463e-03	3.269295e+00
6.716777201000463e-03	3.269295e+00
6.726777201000463e-03	3.269295e+00
6.736777201000463e-03	3.269295e+00
6.746777201000463e-03	3.269295e+00
6.756777201000462e-03	3.269295e+00
6.766777201000463e-03	3.269295e+00
6.776777201000462e-03	3.269295e+00
6.786777201000463e-03	3.269295e+00
6.796777201000462e-03	3.269295e+00
6.806777201000463e-03	3.269295e+00
6.816777201000462e-03	3.269295e+00
6.826777201000463e-03	3.269295e+00
6.836777201000462e-03	3.269295e+00
6.846777201000463e-03	3.269295e+00
6.856777201000462e-03	3.269295e+00
6.866777201000463e-03	3.269295e+00
6.876777201000463e-03	3.269295e+00
6.886777201000463e-03	3.269295e+00
6.896777201000463e-03	3.269295e+00
6.906777201000463e-03	3.269295e+00
6.916777201000463e-03	3.269295e+00
6.926777201000462e-03	3.269295e+00
6.936777201000463e-03	3.269295e+00
6.946777201000462e-03	3.269295e+00
6.956777201000463e-03	3.269295e+00
6.966777201000462e-03	3.269295e+00
6.976777201000463e-03	3.269295e+00
6.986777201000462e-03	3.269295e+00
6.996777201000463e-03	3.269295e+00
7.006777201000462e-03	3.269295e+00
7.016777201000463e-03	3.269295e+00
7.026777201000462e-03	3.269295e+00
7.036777201000463e-03	3.269295e+00
7.046777201000463e-03	3.269295e+00
7.056777201000463e-03	3.269295e+00
7.066777201000463e-03	3.269295e+00
7.076777201000462e-03	3.269295e+00
7.086777201000463e-03	3.269295e+00
7.096777201000462e-03	3.269295e+00
7.106777201000463e-03	3.269295e+00
7.116777201000462e-03	3.269295e+00
7.126777201000463e-03	3.269295e+00
7.136777201000462e-03	3.269295e+00
7.146777201000463e-03	3.269295e+00
7.156777201000462e-03	3.269295e+00
7.166777201000463e-03	3.269295e+00
7.176777201000462e-03	3.269295e+00
7.186777201000463e-03	3.269295e+00
7.196777201000462e-03	3.269295e+00
7.206777201000463e-03	3.269295e+00
7.216777201000463e-03	3.269295e+00
7.226777201000463e-03	3.269295e+00
7.236777201000463e-03	3.269295e+00
7.246777201000462e-03	3.269295e+00
7.256777201000463e-03	3.269295e+00
7.266777201000462e-03	3.269295e+00
7.276777201000463e-03	3.269295e+00
7.286777201000462e-03	3.269295e+00
7.296777201000463e-03	3.269295e+00
7.306777201000462e-03	3.269295e+00
7.316777201000463e-03	3.269295e+00
7.326777201000462e-03	3.269295e+00
7.336777201000463e-03	3.269295e+00
7.346777201000462e-03	3.269295e+00
7.356777201000463e-03	3.269295e+00
7.366777201000463e-03	3.269295e+00
7.376777201000463e-03	3.269295e+00
7.386777201000463e-03	3.269295e+00
7.396777201000462e-03	3.269295e+00
7.406777201000463e-03	3.269295e+00
7.416777201000462e-03	3.269295e+00
7.426777201000463e-03	3.269295e+00
7.436777201000462e-03	3.269295e+00
7.446777201000463e-03	3.269295e+00
7.456777201000462e-03	3.269295e+00
7.466777201000463e-03	3.269295e+00
7.476777201000462e-03	3.269295e+00
7.486777201000463e-03	3.269295e+00
7.496777201000462e-03	3.269295e+00
7.506777201000463e-03	3.269295e+00
7.516777201000462e-03	3.269295e+00
7.526777201000463e-03	3.269295e+00
7.536777201000463e-03	3.269295e+00
7.546777201000463e-03	3.269295e+00
7.556777201000463e-03	3.269295e+00
7.566777201000462e-03	3.269295e+00
7.576777201000463e-03	3.269295e+00
7.586777201000462e-03	3.269295e+00
7.596777201000463e-03	3.269295e+00
7.606777201000462e-03	3.269295e+00
7.616777201000463e-03	3.269295e+00
7.626777201000462e-03	3.269295e+00
7.636777201000463e-03	3.269295e+00
7.646777201000462e-03	3.269295e+00
7.656777201000463e-03	3.269295e+00
7.666777201000462e-03	3.269295e+00
7.676777201000463e-03	3.269295e+00
7.686777201000462e-03	3.269295e+00
7.696777201000463e-03	3.269295e+00
7.706777201000463e-03	3.269295e+00
7.716777201000462e-03	3.269295e+00
7.726777201000463e-03	3.269295e+00
7.736777201000462e-03	3.269295e+00
7.746777201000463e-03	3.269295e+00
7.756777201000462e-03	3.269295e+00
7.766777201000463e-03	3.269295e+00
7.776777201000462e-03	3.269295e+00
7.786777201000463e-03	3.269295e+00
7.796777201000462e-03	3.269295e+00
7.806777201000463e-03	3.269295e+00
7.816777201000463e-03	3.269295e+00
7.826777201000463e-03	3.269295e+00
7.836777201000462e-03	3.269295e+00
7.846777201000462e-03	3.269295e+00
7.856777201000463e-03	3.269295e+00
7.866777201000463e-03	3.269295e+00
7.876777201000463e-03	3.269295e+00
7.886777201000462e-03	3.269295e+00
7.896777201000462e-03	3.269295e+00
7.906777201000463e-03	3.269295e+00
7.916777201000463e-03	3.269295e+00
7.926777201000462e-03	3.269295e+00
7.936777201000462e-03	3.269295e+00
7.946777201000463e-03	3.269295e+00
7.956777201000463e-03	3.269295e+00
7.966777201000462e-03	3.269295e+00
7.976777201000462e-03	3.269295e+00
7.986777201000463e-03	3.269295e+00
7.996777201000463e-03	3.269295e+00
8.006777201000462e-03	3.269295e+00
8.016777201000462e-03	3.269295e+00
8.026777201000463e-03	3.269295e+00
8.036777201000463e-03	3.269295e+00
8.046777201000463e-03	3.269295e+00
8.056777201000462e-03	3.269295e+00
8.066777201000462e-03	3.269295e+00
8.076777201000463e-03	3.269295e+00
8.086777201000463e-03	3.269295e+00
8.096777201000462e-03	3.269295e+00
8.106777201000462e-03	3.269295e+00
8.116777201000463e-03	3.269295e+00
8.126777201000463e-03	3.269295e+00
8.136777201000462e-03	3.269295e+00
8.146777201000462e-03	3.269295e+00
8.156777201000463e-03	3.269295e+00
8.166777201000463e-03	3.269295e+00
8.176777201000462e-03	3.269295e+00
8.186777201000462e-03	3.269295e+00
8.196777201000462e-03	3.269295e+00
8.206777201000463e-03	3.269295e+00
8.216777201000463e-03	3.269295e+00
8.226777201000462e-03	3.269295e+00
8.236777201000462e-03	3.269295e+00
8.246777201000463e-03	3.269295e+00
8.256777201000463e-03	3.269295e+00
8.266777201000462e-03	3.269295e+00
8.276777201000462e-03	3.269295e+00
8.286777201000463e-03	3.269295e+00
8.296777201000463e-03	3.269295e+00
8.306777201000462e-03	3.269295e+00
8.316777201000462e-03	3.269295e+00
8.326777201000463e-03	3.269295e+00
8.336777201000463e-03	3.269295e+00
8.346777201000462e-03	3.269295e+00
8.356777201000462e-03	3.269295e+00
8.366777201000462e-03	3.269295e+00
8.376777201000463e-03	3.269295e+00
8.386777201000463e-03	3.269295e+00
8.396777201000462e-03	3.269295e+00
8.406777201000462e-03	3.269295e+00
8.416777201000463e-03	3.269295e+00
8.426777201000463e-03	3.269295e+00
8.436777201000462e-03	3.269295e+00
8.446777201000462e-03	3.269295e+00
8.456777201000463e-03	3.269295e+00
8.466777201000463e-03	3.269295e+00
8.476777201000462e-03	3.269295e+00
8.486777201000462e-03	3.269295e+00
8.496777201000463e-03	3.269295e+00
8.506777201000463e-03	3.269295e+00
8.516777201000462e-03	3.269295e+00
8.526777201000462e-03	3.269295e+00
8.536777201000462e-03	3.269295e+00
8.546777201000463e-03	3.269295e+00
8.556777201000463e-03	3.269295e+00
8.566777201000462e-03	3.269295e+00
8.576777201000462e-03	3.269295e+00
8.586777201000463e-03	3.269295e+00
8.596777201000463e-03	3.269295e+00
8.606777201000462e-03	3.269295e+00
8.616777201000462e-03	3.269295e+00
8.626777201000463e-03	3.269295e+00
8.636777201000463e-03	3.269295e+00
8.646777201000462e-03	3.269295e+00
8.656777201000462e-03	3.269295e+00
8.666777201000463e-03	3.269295e+00
8.676777201000463e-03	3.269295e+00
8.686777201000462e-03	3.269295e+00
8.696777201000462e-03	3.269295e+00
8.706777201000462e-03	3.269295e+00
8.716777201000463e-03	3.269295e+00
8.726777201000463e-03	3.269295e+00
8.736777201000462e-03	3.269295e+00
8.746777201000462e-03	3.269295e+00
8.756777201000463e-03	3.269295e+00
8.766777201000463e-03	3.269295e+00
8.776777201000462e-03	3.269295e+00
8.786777201000462e-03	3.269295e+00
8.796777201000463e-03	3.269295e+00
8.806777201000463e-03	3.269295e+00
8.816777201000462e-03	3.269295e+00
8.826777201000462e-03	3.269295e+00
8.836777201000462e-03	3.269295e+00
8.846777201000463e-03	3.269295e+00
8.856777201000463e-03	3.269295e+00
8.866777201000462e-03	3.269295e+00
8.876777201000462e-03	3.269295e+00
8.886777201000463e-03	3.269295e+00
8.896777201000463e-03	3.269295e+00
8.906777201000462e-03	3.269295e+00
8.916777201000462e-03	3.269295e+00
8.926777201000463e-03	3.269295e+00
8.936777201000463e-03	3.269295e+00
8.946777201000462e-03	3.269295e+00
8.956777201000462e-03	3.269295e+00
8.966777201000463e-03	3.269295e+00
8.976777201000463e-03	3.269295e+00
8.986777201000462e-03	3.269295e+00
8.996777201000462e-03	3.269295e+00
9.006777201000462e-03	3.269295e+00
9.016777201000463e-03	3.269295e+00
9.026777201000463e-03	3.269295e+00
9.036777201000462e-03	3.269295e+00
9.046777201000462e-03	3.269295e+00
9.056777201000463e-03	3.269295e+00
9.066777201000463e-03	3.269295e+00
9.076777201000462e-03	3.269295e+00
9.086777201000462e-03	3.269295e+00
9.096777201000463e-03	3.269295e+00
9.106777201000463e-03	3.269295e+00
9.116777201000462e-03	3.269295e+00
9.126777201000462e-03	3.269295e+00
9.136777201000463e-03	3.269295e+00
9.146777201000463e-03	3.269295e+00
9.156777201000462e-03	3.269295e+00
9.166777201000462e-03	3.269295e+00
9.176777201000462e-03	3.269295e+00
9.186777201000463e-03	3.269295e+00
9.196777201000463e-03	3.269295e+00
9.206777201000462e-03	3.269295e+00
9.216777201000462e-03	3.269295e+00
9.226777201000463e-03	3.269295e+00
9.236777201000463e-03	3.269295e+00
9.246777201000462e-03	3.269295e+00
9.256777201000462e-03	3.269295e+00
9.266777201000463e-03	3.269295e+00
9.276777201000463e-03	3.269295e+00
9.286777201000462e-03	3.269295e+00
9.296777201000462e-03	3.269295e+00
9.306777201000463e-03	3.269295e+00
9.316777201000463e-03	3.269295e+00
9.326777201000462e-03	3.269295e+00
9.336777201000462e-03	3.269295e+00
9.346777201000462e-03	3.269295e+00
9.356777201000463e-03	3.269295e+00
9.366777201000463e-03	3.269295e+00
9.376777201000462e-03	3.269295e+00
9.386777201000462e-03	3.269295e+00
9.396777201000463e-03	3.269295e+00
9.406777201000463e-03	3.269295e+00
9.416777201000462e-03	3.269295e+00
9.426777201000462e-03	3.269295e+00
9.436777201000463e-03	3.269295e+00
9.446777201000463e-03	3.269295e+00
9.456777201000462e-03	3.269295e+00
9.466777201000462e-03	3.269295e+00
9.476777201000462e-03	3.269295e+00
9.486777201000463e-03	3.269295e+00
9.496777201000462e-03	3.269295e+00
9.506777201000462e-03	3.269295e+00
9.516777201000462e-03	3.269295e+00
9.526777201000463e-03	3.269295e+00
9.536777201000463e-03	3.269295e+00
9.546777201000462e-03	3.269295e+00
9.556777201000462e-03	3.269295e+00
9.566777201000463e-03	3.269295e+00
9.576777201000463e-03	3.269295e+00
9.586777201000462e-03	3.269295e+00
9.596777201000462e-03	3.269295e+00
9.606777201000463e-03	3.269295e+00
9.616777201000463e-03	3.269295e+00
9.626777201000462e-03	3.269295e+00
9.636777201000462e-03	3.269295e+00
9.646777201000462e-03	3.269295e+00
9.656777201000463e-03	3.269295e+00
9.666777201000462e-03	3.269295e+00
9.676777201000462e-03	3.269295e+00
9.686777201000462e-03	3.269295e+00
9.696777201000463e-03	3.269295e+00
9.706777201000463e-03	3.269295e+00
9.716777201000462e-03	3.269295e+00
9.726777201000462e-03	3.269295e+00
9.736777201000463e-03	3.269295e+00
9.746777201000463e-03	3.269295e+00
9.756777201000462e-03	3.269295e+00
9.766777201000462e-03	3.269295e+00
9.776777201000463e-03	3.269295e+00
9.786777201000463e-03	3.269295e+00
9.796777201000462e-03	3.269295e+00
9.806777201000462e-03	3.269295e+00
9.816777201000462e-03	3.269295e+00
9.826777201000463e-03	3.269295e+00
9.836777201000462e-03	3.269295e+00
9.846777201000462e-03	3.269295e+00
9.856777201000462e-03	3.269295e+00
9.866777201000463e-03	3.269295e+00
9.876777201000463e-03	3.269295e+00
9.886777201000462e-03	3.269295e+00
9.896777201000462e-03	3.269295e+00
9.906777201000463e-03	3.269295e+00
9.916777201000463e-03	3.269295e+00
9.926777201000462e-03	3.269295e+00
9.936777201000462e-03	3.269295e+00
9.946777201000463e-03	3.269295e+00
9.956777201000463e-03	3.269295e+00
9.966777201000462e-03	3.269295e+00
9.976777201000462e-03	3.269295e+00
9.986777201000462e-03	3.269295e+00
9.996777201000463e-03	3.269295e+00
1.000000000000000e-02	3.269295e+00
1.000000000100000e-02	3.269295e+00
1.000000000200000e-02	3.269295e+00
1.000000000440036e-02	3.269295e+00
1.000000000670974e-02	3.269295e+00
1.000000001132851e-02	3.269295e+00
1.000000002056605e-02	3.269295e+00
1.000000003904114e-02	3.269295e+00
1.000000007599130e-02	3.269295e+00
1.000000014989163e-02	3.269295e+00
1.000000029769228e-02	3.269295e+00
1.000000059329359e-02	3.269295e+00
1.000000118449621e-02	3.269295e+00
1.000000236690145e-02	3.269295e+00
1.000000473171193e-02	3.269295e+00
1.000000946133288e-02	3.269295e+00
1.000001768949127e-02	3.269295e+00
1.000002963204123e-02	3.269295e+00
1.000005351714114e-02	3.269295e+00
1.000010097863585e-02	3.269295e+00
1.000015398679385e-02	3.269295e+00
1.000020604733343e-02	3.269295e+00
1.000026203738533e-02	3.269295e+00
1.000031701191647e-02	3.269295e+00
1.000042696097875e-02	3.269295e+00
1.000045444824432e-02	3.269295e+00
1.000050942277546e-02	3.269296e+00
1.000061937183774e-02	3.269296e+00
1.000083926996230e-02	3.269295e+00
1.000118353605633e-02	3.269294e+00
1.000177805770776e-02	3.269291e+00
1.000249958254068e-02	3.269285e+00
1.000263574895723e-02	3.269283e+00
1.000290808179032e-02	3.269280e+00
1.000345274745650e-02	3.269270e+00
1.000454207878887e-02	3.269241e+00
1.000672074145361e-02	3.267692e+00
1.000945049429114e-02	3.260252e+00
1.001362862358644e-02	3.226341e+00
1.001754925944466e-02	2.971322e+00
1.002063867062948e-02	2.696319e+00
1.002204346079229e-02	2.644004e+00
1.002297941855280e-02	2.632848e+00
1.002391423868055e-02	2.627883e+00
1.002481083938415e-02	2.625200e+00
1.002597288149412e-02	2.623696e+00
1.002727884645715e-02	2.622859e+00
1.002864981346591e-02	2.622617e+00
1.003109632461828e-02	2.622331e+00
1.003346930232657e-02	2.622360e+00
1.003821525774316e-02	2.622198e+00
1.004503392274004e-02	2.622163e+00
1.005503392274004e-02	2.621899e+00
1.006503392274004e-02	2.621778e+00
1.007503392274004e-02	2.621474e+00
1.008503392274004e-02	2.621303e+00
1.009503392274004e-02	2.620948e+00
1.010000000000000e-02	2.620878e+00
1.010000000100000e-02	2.620878e+00
1.010000001700000e-02	2.620878e+00
1.010000004900000e-02	2.620878e+00
1.010000011300000e-02	2.620878e+00
1.010000024100000e-02	2.620878e+00
1.010000049700000e-02	2.620878e+00
1.010000100900000e-02	2.620877e+00
1.010000203300000e-02	2.620875e+00
1.010000408100000e-02	2.620870e+00
1.010000817700000e-02	2.620862e+00
1.010001636900000e-02	2.620852e+00
1.010003275300001e-02	2.620842e+00
1.010006552100002e-02	2.620837e+00
1.010013105700003e-02	2.620836e+00
1.010026212900006e-02	2.620832e+00
1.010052427300013e-02	2.620823e+00
1.010104856100025e-02	2.620806e+00
1.010209713700050e-02	2.620772e+00
1.010419428900100e-02	2.620702e+00
1.010838859300201e-02	2.620555e+00
1.011677720100402e-02	2.620233e+00
1.012677720100402e-02	2.619800e+00
1.013433420477580e-02	2.626994e+00
1.014204763626352e-02	2.829832e+00
1.014500016544683e-02	2.996185e+00
1.014785662270709e-02	3.153780e+00
1.015088562359116e-02	3.319780e+00
1.015694362535931e-02	3.644569e+00
1.016694362535931e-02	4.163873e+00
1.017694362535931e-02	4.450570e+00
1.018694362535931e-02	4.595773e+00
1.019694362535931e-02	4.730539e+00
1.020694362535931e-02	4.859449e+00
1.021694362535931e-02	4.979894e+00
1.022694362535931e-02	5.070875e+00
1.023694362535931e-02	5.112821e+00
1.024694362535931e-02	5.122740e+00
1.025694362535931e-02	5.125286e+00
1.026694362535931e-02	5.126379e+00
1.027694362535931e-02	5.126222e+00
1.028694362535931e-02	5.125471e+00
1.029694362535931e-02	5.124159e+00
1.030694362535931e-02	5.122844e+00
1.031694362535931e-02	5.121527e+00
1.032694362535931e-02	5.121332e+00
1.033694362535931e-02	5.044097e+00
1.034694362535931e-02	4.929899e+00
1.035694362535931e-02	4.815804e+00
1.036694362535931e-02	4.705783e+00
1.037694362535931e-02	4.595396e+00
1.038694362535931e-02	4.479980e+00
1.039694362535931e-02	4.335727e+00
1.040694362535931e-02	4.124686e+00
1.041694362535931e-02	3.851292e+00
1.042694362535931e-02	3.578401e+00
1.043694362535931e-02	3.383034e+00
1.044694362535931e-02	3.286302e+00
1.045694362535931e-02	3.247120e+00
1.046694362535931e-02	3.249015e+00
1.047694362535931e-02	3.240723e+00
1.048694362535931e-02	3.231210e+00
1.049694362535931e-02	3.234576e+00
1.050694362535931e-02	3.235772e+00
1.051694362535931e-02	3.237915e+00
1.052694362535931e-02	3.238688e+00
1.053694362535931e-02	3.240271e+00
1.054694362535931e-02	3.240676e+00
1.055694362535931e-02	3.241852e+00
1.056694362535931e-02	3.242057e+00
1.057694362535931e-02	3.242887e+00
1.058694362535931e-02	3.242857e+00
1.059694362535931e-02	3.243434e+00
1.060694362535931e-02	3.242933e+00
1.061694362535931e-02	3.241980e+00
1.062694362535931e-02	3.238923e+00
1.063694362535931e-02	3.234472e+00
1.064694362535931e-02	3.228032e+00
1.065694362535931e-02	3.220201e+00
1.066694362535931e-02	3.210464e+00
1.067694362535931e-02	3.198956e+00
1.068694362535931e-02	3.185128e+00
1.069694362535931e-02	3.169161e+00
1.070694362535931e-02	3.150765e+00
1.071694362535931e-02	3.130597e+00
1.072694362535931e-02	3.109489e+00
1.073694362535931e-02	3.088786e+00
1.074694362535931e-02	3.068673e+00
1.075694362535931e-02	3.049231e+00
1.076694362535931e-02	3.030204e+00
1.077694362535931e-02	3.011767e+00
1.078694362535931e-02	2.993702e+00
1.079694362535931e-02	2.976162e+00
1.080694362535931e-02	2.958947e+00
1.081694362535931e-02	2.942184e+00
1.082694362535931e-02	2.925671e+00
1.083694362535931e-02	2.909496e+00
1.084694362535931e-02	2.893431e+00
1.085694362535931e-02	2.877500e+00
1.086694362535931e-02	2.861334e+00
1.087694362535931e-02	2.844672e+00
1.088694362535931e-02	2.825837e+00
1.089694362535931e-02	2.802571e+00
1.090694362535931e-02	2.776935e+00
1.091694362535931e-02	2.752293e+00
1.092694362535931e-02	2.729158e+00
1.093694362535931e-02	2.708390e+00
1.094694362535931e-02	2.690213e+00
1.095694362535931e-02	2.674909e+00
1.096694362535931e-02	2.662183e+00
1.097694362535931e-02	2.652056e+00
1.098694362535931e-02	2.643942e+00
1.099694362535931e-02	2.637841e+00
1.100000000100000e-02	2.636252e+00
1.100000000200000e-02	2.636252e+00
1.100000001800000e-02	2.636252e+00
1.100000005000000e-02	2.636252e+00
1.100000011400000e-02	2.636252e+00
1.100000024200000e-02	2.636253e+00
1.100000049800000e-02	2.636254e+00
1.100000101000000e-02	2.636256e+00
1.100000203400000e-02	2.636258e+00
1.100000408200000e-02	2.636263e+00
1.100000817800000e-02	2.636268e+00
1.100001637000000e-02	2.636273e+00
1.100003275400001e-02	2.636273e+00
1.100006552200002e-02	2.636261e+00
1.100013105800003e-02	2.636229e+00
1.100026213000006e-02	2.636166e+00
1.100052427400013e-02	2.636041e+00
1.100104856200025e-02	2.635793e+00
1.100209713800050e-02	2.635308e+00
1.100419429000100e-02	2.634391e+00
1.100838859400201e-02	2.632736e+00
1.101677720200402e-02	2.630062e+00
1.102677720200402e-02	2.627854e+00
1.103677720200402e-02	2.626444e+00
1.104677720200402e-02	2.625565e+00
1.105677720200402e-02	2.625029e+00
1.106677720200402e-02	2.624701e+00
1.107677720200402e-02	2.624500e+00
1.108677720200402e-02	2.624373e+00
1.109677720200402e-02	2.624290e+00
1.110677720200402e-02	2.624233e+00
1.111677720200402e-02	2.624193e+00
1.112677720200402e-02	2.624163e+00
1.113677720200402e-02	2.624141e+00
1.114677720200402e-02	2.624124e+00
1.115677720200402e-02	2.624111e+00
1.116677720200402e-02	2.624101e+00
1.117677720200402e-02	2.624093e+00
1.118677720200402e-02	2.624087e+00
1.119677720200402e-02	2.624081e+00
1.120677720200402e-02	2.624077e+00
1.121677720200402e-02	2.624074e+00
1.122677720200402e-02	2.624071e+00
1.123677720200402e-02	2.624069e+00
1.124677720200402e-02	2.624067e+00
1.125677720200402e-02	2.624065e+00
1.126677720200402e-02	2.624064e+00
1.127677720200402e-02	2.624063e+00
1.128677720200402e-02	2.624062e+00
1.129677720200402e-02	2.624061e+00
1.130677720200402e-02	2.624060e+00
1.131677720200402e-02	2.624060e+00
1.132677720200402e-02	2.624059e+00
1.133677720200402e-02	2.624059e+00
1.134677720200402e-02	2.624059e+00
1.135677720200402e-02	2.624059e+00
1.136677720200402e-02	2.624058e+00
1.137677720200402e-02	2.624058e+00
1.138677720200402e-02	2.624058e+00
1.139677720200402e-02	2.624058e+00
1.140677720200402e-02	2.624058e+00
1.141677720200402e-02	2.624058e+00
1.142677720200402e-02	2.624058e+00
1.143677720200402e-02	2.624058e+00
1.144677720200402e-02	2.624058e+00
1.145677720200402e-02	2.624058e+00
1.146677720200402e-02	2.624058e+00
1.147677720200402e-02	2.624058e+00
1.148677720200402e-02	2.624058e+00
1.149677720200402e-02	2.624058e+00
1.150677720200402e-02	2.624058e+00
1.151677720200402e-02	2.624058e+00
1.152677720200402e-02	2.624058e+00
1.153677720200402e-02	2.624058e+00
1.154677720200402e-02	2.624058e+00
1.155677720200402e-02	2.624058e+00
1.156677720200402e-02	2.624058e+00
1.157677720200402e-02	2.624058e+00
1.158677720200402e-02	2.624058e+00
1.159677720200402e-02	2.624058e+00
1.160677720200402e-02	2.624058e+00
1.161677720200402e-02	2.624058e+00
1.162677720200402e-02	2.624058e+00
1.163677720200402e-02	2.624058e+00
1.164677720200402e-02	2.624058e+00
1.165677720200402e-02	2.624058e+00
1.166677720200402e-02	2.624058e+00
1.167677720200402e-02	2.624058e+00
1.168677720200402e-02	2.624058e+00
1.169677720200402e-02	2.624058e+00
1.170677720200402e-02	2.624058e+00
1.171677720200402e-02	2.624058e+00
1.172677720200402e-02	2.624058e+00
1.173677720200402e-02	2.624058e+00
1.174677720200402e-02	2.624058e+00
1.175677720200402e-02	2.624058e+00
1.176677720200402e-02	2.624058e+00
1.177677720200402e-02	2.624058e+00
1.178677720200402e-02	2.624058e+00
1.179677720200402e-02	2.624058e+00
1.180677720200402e-02	2.624058e+00
1.181677720200402e-02	2.624058e+00
1.182677720200402e-02	2.624058e+00
1.183677720200402e-02	2.624058e+00
1.184677720200402e-02	2.624058e+00
1.185677720200402e-02	2.624058e+00
1.186677720200402e-02	2.624058e+00
1.187677720200402e-02	2.624058e+00
1.188677720200402e-02	2.624058e+00
1.189677720200402e-02	2.624059e+00
1.190677720200402e-02	2.624059e+00
1.191677720200402e-02	2.624059e+00
1.192677720200402e-02	2.624059e+00
1.193677720200402e-02	2.624059e+00
1.194677720200402e-02	2.624059e+00
1.195677720200402e-02	2.624059e+00
1.196677720200402e-02	2.624058e+00
1.197677720200402e-02	2.624059e+00
1.198677720200402e-02	2.624059e+00
1.199677720200402e-02	2.624059e+00
1.200677720200402e-02	2.624059e+00
1.201677720200402e-02	2.624059e+00
1.202677720200402e-02	2.624059e+00
1.203677720200402e-02	2.624059e+00
1.204677720200402e-02	2.624059e+00
1.205677720200402e-02	2.624059e+00
1.206677720200402e-02	2.624059e+00
1.207677720200402e-02	2.624059e+00
1.208677720200402e-02	2.624059e+00
1.209677720200402e-02	2.624059e+00
1.210677720200402e-02	2.624059e+00
1.211677720200402e-02	2.624059e+00
1.212677720200402e-02	2.624059e+00
1.213677720200402e-02	2.624059e+00
1.214677720200402e-02	2.624059e+00
1.215677720200402e-02	2.624059e+00
1.216677720200402e-02	2.624059e+00
1.217677720200402e-02	2.624059e+00
1.218677720200402e-02	2.624059e+00
1.219677720200402e-02	2.624059e+00
1.220677720200402e-02	2.624059e+00
1.221677720200402e-02	2.624059e+00
1.222677720200402e-02	2.624059e+00
1.223677720200402e-02	2.624059e+00
1.224677720200402e-02	2.624059e+00
1.225677720200402e-02	2.624059e+00
1.226677720200402e-02	2.624059e+00
1.227677720200402e-02	2.624059e+00
1.228677720200402e-02	2.624059e+00
1.229677720200402e-02	2.624059e+00
1.230677720200402e-02	2.624059e+00
1.231677720200402e-02	2.624059e+00
1.232677720200402e-02	2.624059e+00
1.233677720200402e-02	2.624059e+00
1.234677720200402e-02	2.624059e+00
1.235677720200402e-02	2.624059e+00
1.236677720200402e-02	2.624059e+00
1.237677720200402e-02	2.624059e+00
1.238677720200402e-02	2.624059e+00
1.239677720200402e-02	2.624059e+00
1.240677720200402e-02	2.624059e+00
1.241677720200402e-02	2.624059e+00
1.242677720200402e-02	2.624059e+00
1.243677720200402e-02	2.624059e+00
1.244677720200402e-02	2.624059e+00
1.245677720200402e-02	2.624059e+00
1.246677720200402e-02	2.624059e+00
1.247677720200402e-02	2.624059e+00
1.248677720200402e-02	2.624059e+00
1.249677720200402e-02	2.624059e+00
1.250677720200402e-02	2.624059e+00
1.251677720200402e-02	2.624059e+00
1.252677720200402e-02	2.624059e+00
1.253677720200402e-02	2.624059e+00
1.254677720200402e-02	2.624059e+00
1.255677720200402e-02	2.624059e+00
1.256677720200402e-02	2.624059e+00
1.257677720200402e-02	2.624059e+00
1.258677720200402e-02	2.624059e+00
1.259677720200402e-02	2.624059e+00
1.260677720200402e-02	2.624059e+00
1.261677720200402e-02	2.624059e+00
1.262677720200402e-02	2.624059e+00
1.263677720200402e-02	2.624059e+00
1.264677720200402e-02	2.624059e+00
1.265677720200402e-02	2.624059e+00
1.266677720200402e-02	2.624059e+00
1.267677720200402e-02	2.624059e+00
1.268677720200402e-02	2.624059e+00
1.269677720200402e-02	2.624059e+00
1.270677720200402e-02	2.624059e+00
1.271677720200402e-02	2.624059e+00
1.272677720200402e-02	2.624059e+00
1.273677720200402e-02	2.624059e+00
1.274677720200402e-02	2.624059e+00
1.275677720200402e-02	2.624059e+00
1.276677720200402e-02	2.624059e+00
1.277677720200402e-02	2.624059e+00
1.278677720200402e-02	2.624059e+00
1.279677720200402e-02	2.624059e+00
1.280677720200402e-02	2.624059e+00
1.281677720200402e-02	2.624059e+00
1.282677720200402e-02	2.624059e+00
1.283677720200402e-02	2.624059e+00
1.284677720200402e-02	2.624059e+00
1.285677720200402e-02	2.624059e+00
1.286677720200402e-02	2.624059e+00
1.287677720200402e-02	2.624059e+00
1.288677720200402e-02	2.624059e+00
1.289677720200402e-02	2.624059e+00
1.290677720200402e-02	2.624059e+00
1.291677720200402e-02	2.624059e+00
1.292677720200402e-02	2.624059e+00
1.293677720200402e-02	2.624059e+00
1.294677720200402e-02	2.624059e+00
1.295677720200402e-02	2.624060e+00
1.296677720200402e-02	2.624059e+00
1.297677720200402e-02	2.624060e+00
1.298677720200402e-02	2.624059e+00
1.299677720200402e-02	2.624060e+00
1.300677720200402e-02	2.624059e+00
1.301677720200402e-02	2.624060e+00
1.302677720200402e-02	2.624059e+00
1.303677720200402e-02	2.624059e+00
1.304677720200402e-02	2.624059e+00
1.305677720200402e-02	2.624059e+00
1.306677720200402e-02	2.624059e+00
1.307677720200402e-02	2.624060e+00
1.308677720200402e-02	2.624059e+00
1.309677720200402e-02	2.624060e+00
1.310677720200402e-02	2.624059e+00
1.311677720200402e-02	2.624059e+00
1.312677720200402e-02	2.624059e+00
1.313677720200402e-02	2.624060e+00
1.314677720200402e-02	2.624059e+00
1.315677720200402e-02	2.624060e+00
1.316677720200402e-02	2.624059e+00
1.317677720200402e-02	2.624059e+00
1.318677720200402e-02	2.624059e+00
1.319677720200402e-02	2.624060e+00
1.320677720200402e-02	2.624059e+00
1.321677720200402e-02	2.624060e+00
1.322677720200402e-02	2.624060e+00
1.323677720200402e-02	2.624059e+00
1.324677720200402e-02	2.624059e+00
1.325677720200402e-02	2.624059e+00
1.326677720200402e-02	2.624059e+00
1.327677720200402e-02	2.624059e+00
1.328677720200402e-02	2.624059e+00
1.329677720200402e-02	2.624059e+00
1.330677720200402e-02	2.624059e+00
1.331677720200402e-02	2.624059e+00
1.332677720200402e-02	2.624059e+00
1.333677720200402e-02	2.624059e+00
1.334677720200402e-02	2.624060e+00
1.335677720200402e-02	2.624060e+00
1.336677720200402e-02	2.624060e+00
1.337677720200402e-02	2.624060e+00
1.338677720200402e-02	2.624059e+00
1.339677720200402e-02	2.624060e+00
1.340677720200402e-02	2.624059e+00
1.341677720200402e-02	2.624059e+00
1.342677720200402e-02	2.624060e+00
1.343677720200402e-02	2.624060e+00
1.344677720200402e-02	2.624060e+00
1.345677720200402e-02	2.624060e+00
1.346677720200402e-02	2.624059e+00
1.347677720200402e-02	2.624059e+00
1.348677720200402e-02	2.624060e+00
1.349677720200402e-02	2.624060e+00
1.350677720200402e-02	2.624059e+00
1.351677720200402e-02	2.624059e+00
1.352677720200402e-02	2.624060e+00
1.353677720200402e-02	2.624060e+00
1.354677720200402e-02	2.624059e+00
1.355677720200401e-02	2.624060e+00
1.356677720200402e-02	2.624060e+00
1.357677720200402e-02	2.624060e+00
1.358677720200402e-02	2.624060e+00
1.359677720200402e-02	2.624060e+00
1.360677720200402e-02	2.624059e+00
1.361677720200402e-02	2.624059e+00
1.362677720200402e-02	2.624060e+00
1.363677720200402e-02	2.624060e+00
1.364677720200402e-02	2.624060e+00
1.365677720200402e-02	2.624060e+00
1.366677720200402e-02	2.624059e+00
1.367677720200402e-02	2.624060e+00
1.368677720200402e-02	2.624060e+00
1.369677720200402e-02	2.624059e+00
1.370677720200402e-02	2.624060e+00
1.371677720200402e-02	2.624060e+00
1.372677720200401e-02	2.624060e+00
1.373677720200402e-02	2.624060e+00
1.374677720200402e-02	2.624060e+00
1.375677720200402e-02	2.624060e+00
1.376677720200402e-02	2.624060e+00
1.377677720200402e-02	2.624060e+00
1.378677720200402e-02	2.624060e+00
1.379677720200402e-02	2.624060e+00
1.380677720200402e-02	2.624060e+00
1.381677720200402e-02	2.624060e+00
1.382677720200402e-02	2.624060e+00
1.383677720200402e-02	2.624060e+00
1.384677720200402e-02	2.624060e+00
1.385677720200402e-02	2.624060e+00
1.386677720200402e-02	2.624060e+00
1.387677720200402e-02	2.624060e+00
1.388677720200402e-02	2.624060e+00
1.389677720200401e-02	2.624060e+00
1.390677720200402e-02	2.624060e+00
1.391677720200402e-02	2.624060e+00
1.392677720200402e-02	2.624060e+00
1.393677720200402e-02	2.624060e+00
1.394677720200402e-02	2.624060e+00
1.395677720200402e-02	2.624060e+00
1.396677720200402e-02	2.624060e+00
1.397677720200402e-02	2.624060e+00
1.398677720200402e-02	2.624059e+00
1.399677720200402e-02	2.624060e+00
1.400677720200402e-02	2.624060e+00
1.401677720200402e-02	2.624060e+00
1.402677720200402e-02	2.624060e+00
1.403677720200402e-02	2.624060e+00
1.404677720200402e-02	2.624060e+00
1.405677720200402e-02	2.624060e+00
1.406677720200402e-02	2.624059e+00
1.407677720200402e-02	2.624060e+00
1.408677720200402e-02	2.624060e+00
1.409677720200402e-02	2.624060e+00
1.410677720200402e-02	2.624060e+00
1.411677720200402e-02	2.624060e+00
1.412677720200402e-02	2.624060e+00
1.413677720200402e-02	2.624060e+00
1.414677720200402e-02	2.624060e+00
1.415677720200402e-02	2.624060e+00
1.416677720200402e-02	2.624060e+00
1.417677720200402e-02	2.624060e+00
1.418677720200402e-02	2.624060e+00
1.419677720200401e-02	2.624060e+00
1.420677720200402e-02	2.624060e+00
1.421677720200402e-02	2.624060e+00
1.422677720200402e-02	2.624060e+00
1.423677720200402e-02	2.624060e+00
1.424677720200402e-02	2.624060e+00
1.425677720200402e-02	2.624060e+00
1.426677720200402e-02	2.624060e+00
1.427677720200402e-02	2.624060e+00
1.428677720200402e-02	2.624060e+00
1.429677720200402e-02	2.624060e+00
1.430677720200402e-02	2.624060e+00
1.431677720200402e-02	2.624060e+00
1.432677720200402e-02	2.624060e+00
1.433677720200402e-02	2.624060e+00
1.434677720200402e-02	2.624060e+00
1.435677720200402e-02	2.624060e+00
1.436677720200401e-02	2.624060e+00
1.437677720200402e-02	2.624060e+00
1.438677720200402e-02	2.624060e+00
1.439677720200402e-02	2.624060e+00
1.440677720200402e-02	2.624060e+00
1.441677720200402e-02	2.624060e+00
1.442677720200402e-02	2.624060e+00
1.443677720200402e-02	2.624060e+00
1.444677720200402e-02	2.624060e+00
1.445677720200402e-02	2.624060e+00
1.446677720200402e-02	2.624060e+00
1.447677720200402e-02	2.624060e+00
1.448677720200402e-02	2.624060e+00
1.449677720200402e-02	2.624060e+00
1.450677720200402e-02	2.624060e+00
1.451677720200402e-02	2.624060e+00
1.452677720200402e-02	2.624060e+00
1.453677720200401e-02	2.624060e+00
1.454677720200402e-02	2.624060e+00
1.455677720200402e-02	2.624060e+00
1.456677720200402e-02	2.624060e+00
1.457677720200402e-02	2.624060e+00
1.458677720200402e-02	2.624060e+00
1.459677720200402e-02	2.624060e+00
1.460677720200402e-02	2.624060e+00
1.461677720200402e-02	2.624060e+00
1.462677720200402e-02	2.624060e+00
1.463677720200402e-02	2.624060e+00
1.464677720200402e-02	2.624060e+00
1.465677720200402e-02	2.624060e+00
1.466677720200402e-02	2.624060e+00
1.467677720200402e-02	2.624060e+00
1.468677720200402e-02	2.624060e+00
1.469677720200402e-02	2.624060e+00
1.470677720200401e-02	2.624060e+00
1.471677720200402e-02	2.624060e+00
1.472677720200402e-02	2.624060e+00
1.473677720200402e-02	2.624060e+00
1.474677720200402e-02	2.624060e+00
1.475677720200402e-02	2.624060e+00
1.476677720200402e-02	2.624060e+00
1.477677720200402e-02	2.624060e+00
1.478677720200402e-02	2.624060e+00
1.479677720200402e-02	2.624060e+00
1.480677720200402e-02	2.624060e+00
1.481677720200402e-02	2.624060e+00
1.482677720200402e-02	2.624060e+00
1.483677720200401e-02	2.624060e+00
1.484677720200402e-02	2.624060e+00
1.485677720200402e-02	2.624060e+00
1.486677720200402e-02	2.624060e+00
1.487677720200401e-02	2.624060e+00
1.488677720200402e-02	2.624060e+00
1.489677720200402e-02	2.624060e+00
1.490677720200402e-02	2.624060e+00
1.491677720200402e-02	2.624060e+00
1.492677720200402e-02	2.624060e+00
1.493677720200402e-02	2.624060e+00
1.494677720200402e-02	2.624060e+00
1.495677720200402e-02	2.624060e+00
1.496677720200402e-02	2.624060e+00
1.497677720200402e-02	2.624060e+00
1.498677720200402e-02	2.624060e+00
1.499677720200402e-02	2.624060e+00
1.500677720200401e-02	2.624060e+00
1.501677720200402e-02	2.624060e+00
1.502677720200402e-02	2.624060e+00
1.503677720200402e-02	2.624060e+00
1.504677720200401e-02	2.624060e+00
1.505677720200402e-02	2.624060e+00
1.506677720200402e-02	2.624060e+00
1.507677720200402e-02	2.624060e+00
1.508677720200402e-02	2.624060e+00
1.509677720200402e-02	2.624060e+00
1.510677720200402e-02	2.624060e+00
1.511677720200402e-02	2.624060e+00
1.512677720200402e-02	2.624060e+00
1.513677720200402e-02	2.624060e+00
1.514677720200402e-02	2.624060e+00
1.515677720200402e-02	2.624060e+00
1.516677720200402e-02	2.624060e+00
1.517677720200401e-02	2.624060e+00
1.518677720200402e-02	2.624060e+00
1.519677720200402e-02	2.624060e+00
1.520677720200402e-02	2.624060e+00
1.521677720200401e-02	2.624060e+00
1.522677720200402e-02	2.624060e+00
1.523677720200402e-02	2.624060e+00
1.524677720200402e-02	2.624060e+00
1.525677720200402e-02	2.624060e+00
1.526677720200402e-02	2.624060e+00
1.527677720200402e-02	2.624060e+00
1.528677720200402e-02	2.624060e+00
1.529677720200402e-02	2.624060e+00
1.530677720200402e-02	2.624060e+00
1.531677720200402e-02	2.624060e+00
1.532677720200402e-02	2.624060e+00
1.533677720200402e-02	2.624060e+00
1.534677720200401e-02	2.624060e+00
1.535677720200402e-02	2.624060e+00
1.536677720200402e-02	2.624060e+00
1.537677720200402e-02	2.624060e+00
1.538677720200401e-02	2.624060e+00
1.539677720200402e-02	2.624060e+00
1.540677720200402e-02	2.624060e+00
1.541677720200402e-02	2.624060e+00
1.542677720200402e-02	2.624060e+00
1.543677720200402e-02	2.624060e+00
1.544677720200402e-02	2.624060e+00
1.545677720200402e-02	2.624060e+00
1.546677720200402e-02	2.624060e+00
1.547677720200401e-02	2.624060e+00
1.548677720200402e-02	2.624060e+00
1.549677720200402e-02	2.624060e+00
1.550677720200402e-02	2.624060e+00
1.551677720200401e-02	2.624060e+00
1.552677720200402e-02	2.624060e+00
1.553677720200402e-02	2.624060e+00
1.554677720200402e-02	2.624060e+00
1.555677720200402e-02	2.624060e+00
1.556677720200402e-02	2.624060e+00
1.557677720200402e-02	2.624060e+00
1.558677720200402e-02	2.624060e+00
1.559677720200402e-02	2.624060e+00
1.560677720200402e-02	2.624060e+00
1.561677720200402e-02	2.624060e+00
1.562677720200402e-02	2.624060e+00
1.563677720200402e-02	2.624060e+00
1.564677720200401e-02	2.624060e+00
1.565677720200401e-02	2.624060e+00
1.566677720200401e-02	2.624060e+00
1.567677720200402e-02	2.624060e+00
1.568677720200402e-02	2.624060e+00
1.569677720200402e-02	2.624060e+00
1.570677720200402e-02	2.624060e+00
1.571677720200402e-02	2.624060e+00
1.572677720200402e-02	2.624060e+00
1.573677720200401e-02	2.624060e+00
1.574677720200401e-02	2.624060e+00
1.575677720200402e-02	2.624060e+00
1.576677720200402e-02	2.624060e+00
1.577677720200402e-02	2.624060e+00
1.578677720200402e-02	2.624060e+00
1.579677720200402e-02	2.624060e+00
1.580677720200402e-02	2.624060e+00
1.581677720200401e-02	2.624060e+00
1.582677720200401e-02	2.624060e+00
1.583677720200401e-02	2.624060e+00
1.584677720200402e-02	2.624060e+00
1.585677720200402e-02	2.624060e+00
1.586677720200402e-02	2.624060e+00
1.587677720200402e-02	2.624060e+00
1.588677720200402e-02	2.624060e+00
1.589677720200402e-02	2.624060e+00
1.590677720200401e-02	2.624060e+00
1.591677720200401e-02	2.624060e+00
1.592677720200402e-02	2.624060e+00
1.593677720200402e-02	2.624060e+00
1.594677720200402e-02	2.624060e+00
1.595677720200402e-02	2.624060e+00
1.596677720200402e-02	2.624060e+00
1.597677720200402e-02	2.624060e+00
1.598677720200401e-02	2.624060e+00
1.599677720200401e-02	2.624060e+00
1.600677720200401e-02	2.624060e+00
1.601677720200402e-02	2.624060e+00
1.602677720200402e-02	2.624060e+00
1.603677720200402e-02	2.624060e+00
1.604677720200402e-02	2.624060e+00
1.605677720200402e-02	2.624060e+00
1.606677720200402e-02	2.624060e+00
1.607677720200401e-02	2.624060e+00
1.608677720200401e-02	2.624060e+00
1.609677720200402e-02	2.624060e+00
1.610677720200402e-02	2.624060e+00
1.611677720200402e-02	2.624060e+00
1.612677720200402e-02	2.624060e+00
1.613677720200402e-02	2.624060e+00
1.614677720200402e-02	2.624060e+00
1.615677720200401e-02	2.624060e+00
1.616677720200401e-02	2.624060e+00
1.617677720200401e-02	2.624060e+00
1.618677720200402e-02	2.624060e+00
1.619677720200402e-02	2.624060e+00
1.620677720200402e-02	2.624060e+00
1.621677720200402e-02	2.624060e+00
1.622677720200402e-02	2.624060e+00
1.623677720200402e-02	2.624060e+00
1.624677720200401e-02	2.624060e+00
1.625677720200401e-02	2.624060e+00
1.626677720200402e-02	2.624060e+00
1.627677720200402e-02	2.624060e+00
1.628677720200402e-02	2.624060e+00
1.629677720200402e-02	2.624060e+00
1.630677720200402e-02	2.624060e+00
1.631677720200402e-02	2.624060e+00
1.632677720200401e-02	2.624060e+00
1.633677720200401e-02	2.624060e+00
1.634677720200401e-02	2.624060e+00
1.635677720200402e-02	2.624060e+00
1.636677720200402e-02	2.624060e+00
1.637677720200402e-02	2.624060e+00
1.638677720200402e-02	2.624060e+00
1.639677720200402e-02	2.624060e+00
1.640677720200402e-02	2.624060e+00
1.641677720200401e-02	2.624060e+00
1.642677720200401e-02	2.624060e+00
1.643677720200401e-02	2.624060e+00
1.644677720200402e-02	2.624060e+00
1.645677720200402e-02	2.624060e+00
1.646677720200402e-02	2.624060e+00
1.647677720200402e-02	2.624060e+00
1.648677720200402e-02	2.624060e+00
1.649677720200401e-02	2.624060e+00
1.650677720200401e-02	2.624060e+00
1.651677720200401e-02	2.624060e+00
1.652677720200402e-02	2.624060e+00
1.653677720200402e-02	2.624060e+00
1.654677720200402e-02	2.624060e+00
1.655677720200402e-02	2.624060e+00
1.656677720200402e-02	2.624060e+00
1.657677720200402e-02	2.624060e+00
1.658677720200401e-02	2.624060e+00
1.659677720200401e-02	2.624060e+00
1.660677720200401e-02	2.624060e+00
1.661677720200402e-02	2.624060e+00
1.662677720200402e-02	2.624060e+00
1.663677720200402e-02	2.624060e+00
1.664677720200402e-02	2.624060e+00
1.665677720200402e-02	2.624060e+00
1.666677720200401e-02	2.624060e+00
1.667677720200401e-02	2.624060e+00
1.668677720200401e-02	2.624060e+00
1.669677720200402e-02	2.624060e+00
1.670677720200402e-02	2.624060e+00
1.671677720200402e-02	2.624060e+00
1.672677720200402e-02	2.624060e+00
1.673677720200402e-02	2.624060e+00
1.674677720200402e-02	2.624060e+00
1.675677720200401e-02	2.624060e+00
1.676677720200401e-02	2.624060e+00
1.677677720200401e-02	2.624060e+00
1.678677720200402e-02	2.624060e+00
1.679677720200402e-02	2.624060e+00
1.680677720200402e-02	2.624060e+00
1.681677720200402e-02	2.624060e+00
1.682677720200402e-02	2.624060e+00
1.683677720200401e-02	2.624060e+00
1.684677720200401e-02	2.624060e+00
1.685677720200401e-02	2.624060e+00
1.686677720200402e-02	2.624060e+00
1.687677720200402e-02	2.624060e+00
1.688677720200402e-02	2.624060e+00
1.689677720200402e-02	2.624060e+00
1.690677720200402e-02	2.624060e+00
1.691677720200402e-02	2.624060e+00
1.692677720200401e-02	2.624060e+00
1.693677720200401e-02	2.624060e+00
1.694677720200401e-02	2.624060e+00
1.695677720200402e-02	2.624060e+00
1.696677720200402e-02	2.624060e+00
1.697677720200402e-02	2.624060e+00
1.698677720200402e-02	2.624060e+00
1.699677720200402e-02	2.624060e+00
1.700677720200401e-02	2.624060e+00
1.701677720200401e-02	2.624060e+00
1.702677720200401e-02	2.624060e+00
1.703677720200402e-02	2.624060e+00
1.704677720200402e-02	2.624060e+00
1.705677720200402e-02	2.624060e+00
1.706677720200402e-02	2.624060e+00
1.707677720200402e-02	2.624060e+00
1.708677720200402e-02	2.624060e+00
1.709677720200401e-02	2.624060e+00
1.710677720200401e-02	2.624060e+00
1.711677720200401e-02	2.624060e+00
1.712677720200402e-02	2.624060e+00
1.713677720200402e-02	2.624060e+00
1.714677720200402e-02	2.624060e+00
1.715677720200402e-02	2.624060e+00
1.716677720200402e-02	2.624060e+00
1.717677720200401e-02	2.624060e+00
1.718677720200401e-02	2.624060e+00
1.719677720200401e-02	2.624060e+00
1.720677720200402e-02	2.624060e+00
1.721677720200402e-02	2.624060e+00
1.722677720200402e-02	2.624060e+00
1.723677720200402e-02	2.624060e+00
1.724677720200402e-02	2.624060e+00
1.725677720200402e-02	2.624060e+00
1.726677720200401e-02	2.624060e+00
1.727677720200401e-02	2.624060e+00
1.728677720200401e-02	2.624060e+00
1.729677720200402e-02	2.624060e+00
1.730677720200402e-02	2.624060e+00
1.731677720200402e-02	2.624060e+00
1.732677720200402e-02	2.624060e+00
1.733677720200402e-02	2.624060e+00
1.734677720200401e-02	2.624060e+00
1.735677720200401e-02	2.624060e+00
1.736677720200401e-02	2.624060e+00
1.737677720200402e-02	2.624060e+00
1.738677720200402e-02	2.624060e+00
1.739677720200402e-02	2.624060e+00
1.740677720200402e-02	2.624060e+00
1.741677720200402e-02	2.624060e+00
1.742677720200402e-02	2.624060e+00
1.743677720200401e-02	2.624060e+00
1.744677720200401e-02	2.624060e+00
1.745677720200401e-02	2.624060e+00
1.746677720200402e-02	2.624060e+00
1.747677720200402e-02	2.624060e+00
1.748677720200402e-02	2.624060e+00
1.749677720200402e-02	2.624060e+00
1.750677720200402e-02	2.624060e+00
1.751677720200401e-02	2.624060e+00
1.752677720200401e-02	2.624060e+00
1.753677720200401e-02	2.624060e+00
1.754677720200402e-02	2.624060e+00
1.755677720200402e-02	2.624060e+00
1.756677720200402e-02	2.624060e+00
1.757677720200402e-02	2.624060e+00
1.758677720200402e-02	2.624060e+00
1.759677720200402e-02	2.624060e+00
1.760677720200401e-02	2.624060e+00
1.761677720200401e-02	2.624060e+00
1.762677720200401e-02	2.624060e+00
1.763677720200402e-02	2.624060e+00
1.764677720200402e-02	2.624060e+00
1.765677720200402e-02	2.624060e+00
1.766677720200402e-02	2.624060e+00
1.767677720200402e-02	2.624060e+00
1.768677720200401e-02	2.624060e+00
1.769677720200401e-02	2.624060e+00
1.770677720200401e-02	2.624060e+00
1.771677720200401e-02	2.624060e+00
1.772677720200402e-02	2.624060e+00
1.773677720200402e-02	2.624060e+00
1.774677720200402e-02	2.624060e+00
1.775677720200402e-02	2.624060e+00
1.776677720200402e-02	2.624060e+00
1.777677720200401e-02	2.624060e+00
1.778677720200401e-02	2.624060e+00
1.779677720200401e-02	2.624060e+00
1.780677720200402e-02	2.624060e+00
1.781677720200402e-02	2.624060e+00
1.782677720200402e-02	2.624060e+00
1.783677720200402e-02	2.624060e+00
1.784677720200402e-02	2.624060e+00
1.785677720200401e-02	2.624060e+00
1.786677720200401e-02	2.624060e+00
1.787677720200401e-02	2.624060e+00
1.788677720200401e-02	2.624060e+00
1.789677720200402e-02	2.624060e+00
1.790677720200402e-02	2.624060e+00
1.791677720200402e-02	2.624060e+00
1.792677720200402e-02	2.624060e+00
1.793677720200402e-02	2.624060e+00
1.794677720200401e-02	2.624060e+00
1.795677720200401e-02	2.624060e+00
1.796677720200401e-02	2.624060e+00
1.797677720200402e-02	2.624060e+00
1.798677720200402e-02	2.624060e+00
1.799677720200402e-02	2.624060e+00
1.800677720200402e-02	2.624060e+00
1.801677720200402e-02	2.624060e+00
1.802677720200401e-02	2.624060e+00
1.803677720200401e-02	2.624060e+00
1.804677720200401e-02	2.624060e+00
1.805677720200401e-02	2.624060e+00
1.806677720200402e-02	2.624060e+00
1.807677720200402e-02	2.624060e+00
1.808677720200402e-02	2.624060e+00
1.809677720200402e-02	2.624060e+00
1.810677720200402e-02	2.624060e+00
1.811677720200401e-02	2.624060e+00
1.812677720200401e-02	2.624060e+00
1.813677720200401e-02	2.624060e+00
1.814677720200402e-02	2.624060e+00
1.815677720200402e-02	2.624060e+00
1.816677720200402e-02	2.624060e+00
1.817677720200402e-02	2.624060e+00
1.818677720200402e-02	2.624060e+00
1.819677720200401e-02	2.624060e+00
1.820677720200401e-02	2.624060e+00
1.821677720200401e-02	2.624060e+00
1.822677720200401e-02	2.624060e+00
1.823677720200402e-02	2.624060e+00
1.824677720200402e-02	2.624060e+00
1.825677720200402e-02	2.624060e+00
1.826677720200402e-02	2.624060e+00
1.827677720200402e-02	2.624060e+00
1.828677720200401e-02	2.624060e+00
1.829677720200401e-02	2.624060e+00
1.830677720200401e-02	2.624060e+00
1.831677720200402e-02	2.624060e+00
1.832677720200402e-02	2.624060e+00
1.833677720200402e-02	2.624060e+00
1.834677720200402e-02	2.624060e+00
1.835677720200402e-02	2.624060e+00
1.836677720200402e-02	2.624060e+00
1.837677720200401e-02	2.624060e+00
1.838677720200401e-02	2.624060e+00
1.839677720200401e-02	2.624060e+00
1.840677720200402e-02	2.624060e+00
1.841677720200402e-02	2.624060e+00
1.842677720200402e-02	2.624060e+00
1.843677720200402e-02	2.624060e+00
1.844677720200402e-02	2.624060e+00
1.845677720200401e-02	2.624060e+00
1.846677720200401e-02	2.624060e+00
1.847677720200401e-02	2.624060e+00
1.848677720200402e-02	2.624060e+00
1.849677720200402e-02	2.624060e+00
1.850677720200402e-02	2.624060e+00
1.851677720200402e-02	2.624060e+00
1.852677720200402e-02	2.624060e+00
1.853677720200402e-02	2.624060e+00
1.854677720200401e-02	2.624060e+00
1.855677720200401e-02	2.624060e+00
1.856677720200401e-02	2.624060e+00
1.857677720200402e-02	2.624060e+00
1.858677720200402e-02	2.624060e+00
1.859677720200402e-02	2.624060e+00
1.860677720200402e-02	2.624060e+00
1.861677720200402e-02	2.624060e+00
1.862677720200401e-02	2.624060e+00
1.863677720200401e-02	2.624060e+00
1.864677720200401e-02	2.624060e+00
1.865677720200402e-02	2.624060e+00
1.866677720200402e-02	2.624060e+00
1.867677720200402e-02	2.624060e+00
1.868677720200402e-02	2.624060e+00
1.869677720200402e-02	2.624060e+00
1.870677720200402e-02	2.624060e+00
1.871677720200401e-02	2.624060e+00
1.872677720200401e-02	2.624060e+00
1.873677720200401e-02	2.624060e+00
1.874677720200402e-02	2.624060e+00
1.875677720200402e-02	2.624060e+00
1.876677720200402e-02	2.624060e+00
1.877677720200402e-02	2.624060e+00
1.878677720200402e-02	2.624060e+00
1.879677720200401e-02	2.624060e+00
1.880677720200401e-02	2.624060e+00
1.881677720200401e-02	2.624060e+00
1.882677720200402e-02	2.624060e+00
1.883677720200402e-02	2.624060e+00
1.884677720200402e-02	2.624060e+00
1.885677720200402e-02	2.624060e+00
1.886677720200402e-02	2.624060e+00
1.887677720200402e-02	2.624060e+00
1.888677720200401e-02	2.624060e+00
1.889677720200401e-02	2.624060e+00
1.890677720200401e-02	2.624060e+00
1.891677720200402e-02	2.624060e+00
1.892677720200402e-02	2.624060e+00
1.893677720200402e-02	2.624060e+00
1.894677720200402e-02	2.624060e+00
1.895677720200402e-02	2.624060e+00
1.896677720200401e-02	2.624060e+00
1.897677720200401e-02	2.624060e+00
1.898677720200401e-02	2.624060e+00
1.899677720200401e-02	2.624060e+00
1.900677720200402e-02	2.624060e+00
1.901677720200402e-02	2.624060e+00
1.902677720200402e-02	2.624060e+00
1.903677720200402e-02	2.624060e+00
1.904677720200402e-02	2.624060e+00
1.905677720200401e-02	2.624060e+00
1.906677720200401e-02	2.624060e+00
1.907677720200401e-02	2.624060e+00
1.908677720200402e-02	2.624060e+00
1.909677720200402e-02	2.624060e+00
1.910677720200402e-02	2.624060e+00
1.911677720200402e-02	2.624060e+00
1.912677720200402e-02	2.624060e+00
1.913677720200401e-02	2.624060e+00
1.914677720200401e-02	2.624060e+00
1.915677720200401e-02	2.624060e+00
1.916677720200401e-02	2.624060e+00
1.917677720200402e-02	2.624060e+00
1.918677720200402e-02	2.624060e+00
1.919677720200402e-02	2.624060e+00
1.920677720200402e-02	2.624060e+00
1.921677720200402e-02	2.624060e+00
1.922677720200401e-02	2.624060e+00
1.923677720200401e-02	2.624060e+00
1.924677720200401e-02	2.624060e+00
1.925677720200402e-02	2.624060e+00
1.926677720200402e-02	2.624060e+00
1.927677720200402e-02	2.624060e+00
1.928677720200402e-02	2.624060e+00
1.929677720200402e-02	2.624060e+00
1.930677720200401e-02	2.624060e+00
1.931677720200401e-02	2.624060e+00
1.932677720200401e-02	2.624060e+00
1.933677720200401e-02	2.624060e+00
1.934677720200402e-02	2.624060e+00
1.935677720200402e-02	2.624060e+00
1.936677720200402e-02	2.624060e+00
1.937677720200402e-02	2.624060e+00
1.938677720200402e-02	2.624060e+00
1.939677720200401e-02	2.624060e+00
1.940677720200401e-02	2.624060e+00
1.941677720200401e-02	2.624060e+00
1.942677720200402e-02	2.624060e+00
1.943677720200402e-02	2.624060e+00
1.944677720200402e-02	2.624060e+00
1.945677720200402e-02	2.624060e+00
1.946677720200402e-02	2.624060e+00
1.947677720200401e-02	2.624060e+00
1.948677720200401e-02	2.624060e+00
1.949677720200401e-02	2.624060e+00
1.950677720200401e-02	2.624060e+00
1.951677720200402e-02	2.624060e+00
1.952677720200402e-02	2.624060e+00
1.953677720200402e-02	2.624060e+00
1.954677720200402e-02	2.624060e+00
1.955677720200402e-02	2.624060e+00
1.956677720200401e-02	2.624060e+00
1.957677720200401e-02	2.624060e+00
1.958677720200401e-02	2.624060e+00
1.959677720200402e-02	2.624060e+00
1.960677720200402e-02	2.624060e+00
1.961677720200402e-02	2.624060e+00
1.962677720200402e-02	2.624060e+00
1.963677720200402e-02	2.624060e+00
1.964677720200401e-02	2.624060e+00
1.965677720200401e-02	2.624060e+00
1.966677720200401e-02	2.624060e+00
1.967677720200401e-02	2.624060e+00
1.968677720200402e-02	2.624060e+00
1.969677720200402e-02	2.624060e+00
1.970677720200402e-02	2.624060e+00
1.971677720200402e-02	2.624060e+00
1.972677720200402e-02	2.624060e+00
1.973677720200401e-02	2.624060e+00
1.974677720200401e-02	2.624060e+00
1.975677720200401e-02	2.624060e+00
1.976677720200402e-02	2.624060e+00
1.977677720200402e-02	2.624060e+00
1.978677720200402e-02	2.624060e+00
1.979677720200402e-02	2.624060e+00
1.980677720200402e-02	2.624060e+00
1.981677720200401e-02	2.624060e+00
1.982677720200401e-02	2.624060e+00
1.983677720200401e-02	2.624060e+00
1.984677720200401e-02	2.624060e+00
1.985677720200402e-02	2.624060e+00
1.986677720200402e-02	2.624060e+00
1.987677720200402e-02	2.624060e+00
1.988677720200402e-02	2.624060e+00
1.989677720200402e-02	2.624060e+00
1.990677720200401e-02	2.624060e+00
1.991677720200401e-02	2.624060e+00
1.992677720200401e-02	2.624060e+00
1.993677720200402e-02	2.624060e+00
1.994677720200402e-02	2.624060e+00
1.995677720200402e-02	2.624060e+00
1.996677720200402e-02	2.624060e+00
1.997677720200402e-02	2.624060e+00
1.998677720200401e-02	2.624060e+00
1.999677720200401e-02	2.624060e+00
2.000000000000000e-02	2.624060e+00
