time	Ix(M3:D)
0.000000000000000e+00	-1.047624e-06
9.999999439624929e-11	-1.046349e-06
1.999999887924986e-10	-1.045103e-06
3.999999775849972e-10	-1.042629e-06
7.999999551699943e-10	-1.037669e-06
1.599999910339989e-09	-1.027852e-06
3.199999820679977e-09	-1.009025e-06
6.399999641359955e-09	-9.745144e-07
1.279999928271991e-08	-9.137717e-07
2.559999856543982e-08	-7.979061e-07
5.119999713087964e-08	3.672978e-07
9.246836417723533e-08	1.711667e-06
1.509242075100819e-07	-4.415937e-07
2.056174244703025e-07	-2.489529e-06
2.710765642440253e-07	-3.810613e-06
3.306952379877461e-07	-4.729417e-06
4.437995133823612e-07	-5.619801e-06
4.655979855252423e-07	-5.667814e-06
5.091949298110046e-07	-5.600411e-06
5.963888183825291e-07	-5.608927e-06
7.707765955255781e-07	-5.639769e-06
1.119552149811676e-06	-5.686951e-06
1.689222017952657e-06	-5.740515e-06
2.396118455308188e-06	-5.773361e-06
3.398941274866276e-06	-5.799779e-06
5.089102328211127e-06	-5.867580e-06
8.469424434900830e-06	-6.730360e-06
1.523006864828024e-05	-1.143888e-05
2.523006864828024e-05	-2.198604e-05
3.523006864828024e-05	-3.108356e-05
4.523006864828024e-05	-3.451118e-05
5.523006864828023e-05	-3.396729e-05
6.523006864828023e-05	-3.244092e-05
7.523006864828023e-05	-3.093241e-05
8.523006864828023e-05	-2.951126e-05
9.523006864828022e-05	-2.813937e-05
1.000000009999994e-04	-2.694527e-05
1.000000019999994e-04	-2.694657e-05
1.000000179999994e-04	-2.697802e-05
1.000000499999994e-04	-2.700183e-05
1.000001139999994e-04	-2.700821e-05
1.000002419999994e-04	-2.701390e-05
1.000004979999994e-04	-2.702632e-05
1.000010099999994e-04	-2.704888e-05
1.000020339999994e-04	-2.708927e-05
1.000040819999994e-04	-2.715626e-05
1.000081779999994e-04	-2.725431e-05
1.000163699999994e-04	-2.736815e-05
1.000327539999994e-04	-2.745777e-05
1.000655219999995e-04	-2.749310e-05
1.001310579999995e-04	-2.748944e-05
1.002621299999997e-04	-2.747263e-05
1.005242740000000e-04	-2.744025e-05
1.010485620000006e-04	-2.737511e-05
1.020971380000018e-04	-2.724545e-05
1.041942900000042e-04	-2.698875e-05
1.083885940000089e-04	-2.648754e-05
1.167772020000184e-04	-2.552349e-05
1.267772020000184e-04	-2.443270e-05
1.367772020000184e-04	-2.339108e-05
1.467772020000184e-04	-2.237145e-05
1.567772020000184e-04	-2.138148e-05
1.667772020000184e-04	-2.045256e-05
1.767772020000184e-04	-1.959206e-05
1.867772020000184e-04	-1.878933e-05
1.967772020000184e-04	-1.803640e-05
2.067772020000184e-04	-1.732961e-05
2.167772020000184e-04	-1.666566e-05
2.267772020000184e-04	-1.604158e-05
2.367772020000184e-04	-1.545476e-05
2.467772020000184e-04	-1.490280e-05
2.567772020000184e-04	-1.466111e-05
2.667772020000184e-04	-1.717325e-05
2.767772020000184e-04	-1.634919e-05
2.835310670063409e-04	-1.218853e-05
2.900097651985191e-04	-1.002343e-05
2.955519010219953e-04	-9.482636e-06
3.007019764923531e-04	-9.090993e-06
3.066665354848595e-04	-8.408534e-06
3.121238906876391e-04	-7.926971e-06
3.176258009527081e-04	-7.810404e-06
3.233143742601884e-04	-7.712939e-06
3.333143742601884e-04	-7.661197e-06
3.433143742601884e-04	-7.587253e-06
3.533143742601884e-04	-7.521377e-06
3.633143742601884e-04	-7.458891e-06
3.733143742601883e-04	-7.401276e-06
3.833143742601884e-04	-7.345040e-06
3.933143742601883e-04	-7.292680e-06
4.033143742601884e-04	-7.241240e-06
4.133143742601883e-04	-7.193116e-06
4.233143742601884e-04	-7.145623e-06
4.333143742601883e-04	-7.101059e-06
4.433143742601884e-04	-7.056936e-06
4.533143742601883e-04	-7.083277e-06
4.633143742601884e-04	-8.920395e-06
4.733143742601883e-04	-1.098378e-05
4.833143742601884e-04	-1.117790e-05
4.933143742601884e-04	-1.103371e-05
5.033143742601883e-04	-1.083471e-05
5.133143742601883e-04	-1.061955e-05
5.233143742601884e-04	-1.040047e-05
5.333143742601884e-04	-1.018330e-05
5.433143742601883e-04	-9.971167e-06
5.533143742601883e-04	-9.765690e-06
5.633143742601884e-04	-9.567536e-06
5.733143742601884e-04	-9.377157e-06
5.833143742601883e-04	-9.194585e-06
5.933143742601883e-04	-9.019879e-06
6.033143742601884e-04	-8.852840e-06
6.133143742601884e-04	-8.693369e-06
6.233143742601883e-04	-8.541170e-06
6.333143742601883e-04	-8.396082e-06
6.433143742601884e-04	-8.257775e-06
6.533143742601884e-04	-8.126063e-06
6.633143742601883e-04	-8.000610e-06
6.733143742601883e-04	-7.881225e-06
6.833143742601883e-04	-7.767579e-06
6.933143742601884e-04	-7.659487e-06
7.033143742601883e-04	-7.556636e-06
7.133143742601883e-04	-7.458850e-06
7.233143742601883e-04	-7.365834e-06
7.333143742601884e-04	-7.277427e-06
7.433143742601883e-04	-7.193351e-06
7.533143742601883e-04	-7.113461e-06
7.633143742601883e-04	-7.037497e-06
7.733143742601884e-04	-6.965329e-06
7.833143742601883e-04	-6.896716e-06
7.933143742601883e-04	-6.831541e-06
8.033143742601883e-04	-6.769581e-06
8.133143742601884e-04	-6.710736e-06
8.233143742601883e-04	-6.654794e-06
8.333143742601883e-04	-6.601670e-06
8.433143742601883e-04	-6.551169e-06
8.533143742601884e-04	-6.503216e-06
8.633143742601883e-04	-6.457630e-06
8.733143742601883e-04	-6.414348e-06
8.833143742601883e-04	-6.373202e-06
8.933143742601884e-04	-6.334139e-06
9.033143742601883e-04	-6.297002e-06
9.133143742601883e-04	-6.261747e-06
9.233143742601883e-04	-6.228229e-06
9.333143742601884e-04	-6.196412e-06
9.433143742601883e-04	-6.166160e-06
9.533143742601883e-04	-6.137446e-06
9.633143742601883e-04	-6.110142e-06
9.733143742601884e-04	-6.084228e-06
9.833143742601883e-04	-6.059584e-06
9.933143742601883e-04	-6.035080e-06
1.000000000000000e-03	-7.370616e-06
1.000000001000000e-03	-7.370527e-06
1.000000017000000e-03	-7.366619e-06
1.000000049000000e-03	-7.353823e-06
1.000000113000000e-03	-7.320266e-06
1.000000241000000e-03	-7.251290e-06
1.000000497000000e-03	-7.130837e-06
1.000001009000000e-03	-6.948894e-06
1.000002033000000e-03	-6.725375e-06
1.000004081000000e-03	-6.518238e-06
1.000008177000000e-03	-6.366919e-06
1.000016369000001e-03	-6.243207e-06
1.000032753000001e-03	-6.124142e-06
1.000065521000002e-03	-6.044944e-06
1.000131057000004e-03	-6.020953e-06
1.000262129000007e-03	-6.020282e-06
1.000524273000015e-03	-6.019792e-06
1.001048561000029e-03	-6.018611e-06
1.002097137000058e-03	-6.016339e-06
1.004194289000116e-03	-6.011807e-06
1.008388593000232e-03	-6.002938e-06
1.016777201000463e-03	-5.985738e-06
1.026777201000463e-03	-5.966069e-06
1.036777201000463e-03	-5.947342e-06
1.046777201000463e-03	-5.929549e-06
1.056777201000463e-03	-5.912646e-06
1.066777201000463e-03	-5.896586e-06
1.076777201000463e-03	-5.881328e-06
1.086777201000463e-03	-5.866831e-06
1.096777201000463e-03	-5.853058e-06
1.106777201000463e-03	-5.839971e-06
1.116777201000463e-03	-5.827538e-06
1.126777201000463e-03	-5.815725e-06
1.136777201000463e-03	-5.804500e-06
1.146777201000463e-03	-5.793835e-06
1.156777201000463e-03	-5.783701e-06
1.166777201000463e-03	-5.774073e-06
1.176777201000463e-03	-5.764924e-06
1.186777201000463e-03	-5.756231e-06
1.196777201000463e-03	-5.747971e-06
1.206777201000463e-03	-5.740122e-06
1.216777201000463e-03	-5.732663e-06
1.226777201000463e-03	-5.725576e-06
1.236777201000463e-03	-5.718841e-06
1.246777201000463e-03	-5.712442e-06
1.256777201000463e-03	-5.706360e-06
1.266777201000463e-03	-5.700581e-06
1.276777201000463e-03	-5.695089e-06
1.286777201000463e-03	-5.689871e-06
1.296777201000463e-03	-5.684911e-06
1.306777201000463e-03	-5.680198e-06
1.316777201000463e-03	-5.675719e-06
1.326777201000463e-03	-5.671463e-06
1.336777201000463e-03	-5.667418e-06
1.346777201000463e-03	-5.663574e-06
1.356777201000463e-03	-5.659920e-06
1.366777201000463e-03	-5.656448e-06
1.376777201000463e-03	-5.653147e-06
1.386777201000463e-03	-5.650011e-06
1.396777201000463e-03	-5.647030e-06
1.406777201000463e-03	-5.644197e-06
1.416777201000463e-03	-5.641505e-06
1.426777201000463e-03	-5.638945e-06
1.436777201000463e-03	-5.636513e-06
1.446777201000463e-03	-5.634201e-06
1.456777201000463e-03	-5.632004e-06
1.466777201000463e-03	-5.629915e-06
1.476777201000463e-03	-5.627930e-06
1.486777201000463e-03	-5.626043e-06
1.496777201000463e-03	-5.624250e-06
1.506777201000463e-03	-5.622545e-06
1.516777201000463e-03	-5.620925e-06
1.526777201000463e-03	-5.619385e-06
1.536777201000463e-03	-5.617921e-06
1.546777201000463e-03	-5.616529e-06
1.556777201000463e-03	-5.615206e-06
1.566777201000463e-03	-5.613949e-06
1.576777201000463e-03	-5.612753e-06
1.586777201000463e-03	-5.611617e-06
1.596777201000463e-03	-5.610537e-06
1.606777201000463e-03	-5.609510e-06
1.616777201000463e-03	-5.608534e-06
1.626777201000463e-03	-5.607606e-06
1.636777201000463e-03	-5.606724e-06
1.646777201000463e-03	-5.605886e-06
1.656777201000463e-03	-5.605089e-06
1.666777201000463e-03	-5.604331e-06
1.676777201000463e-03	-5.603610e-06
1.686777201000463e-03	-5.602925e-06
1.696777201000463e-03	-5.602274e-06
1.706777201000463e-03	-5.601655e-06
1.716777201000463e-03	-5.601067e-06
1.726777201000463e-03	-5.600507e-06
1.736777201000463e-03	-5.599975e-06
1.746777201000463e-03	-5.599469e-06
1.756777201000463e-03	-5.598989e-06
1.766777201000463e-03	-5.598531e-06
1.776777201000463e-03	-5.598096e-06
1.786777201000463e-03	-5.597683e-06
1.796777201000463e-03	-5.597290e-06
1.806777201000463e-03	-5.596917e-06
1.816777201000463e-03	-5.596562e-06
1.826777201000463e-03	-5.596224e-06
1.836777201000463e-03	-5.595903e-06
1.846777201000463e-03	-5.595597e-06
1.856777201000463e-03	-5.595307e-06
1.866777201000463e-03	-5.595031e-06
1.876777201000463e-03	-5.594768e-06
1.886777201000463e-03	-5.594518e-06
1.896777201000463e-03	-5.594281e-06
1.906777201000463e-03	-5.594055e-06
1.916777201000463e-03	-5.593841e-06
1.926777201000463e-03	-5.593637e-06
1.936777201000463e-03	-5.593442e-06
1.946777201000463e-03	-5.593258e-06
1.956777201000463e-03	-5.593083e-06
1.966777201000463e-03	-5.592916e-06
1.976777201000463e-03	-5.592757e-06
1.986777201000463e-03	-5.592606e-06
1.996777201000463e-03	-5.592462e-06
2.006777201000463e-03	-5.592326e-06
2.016777201000463e-03	-5.592196e-06
2.026777201000463e-03	-5.592073e-06
2.036777201000463e-03	-5.591955e-06
2.046777201000463e-03	-5.591844e-06
2.056777201000463e-03	-5.591737e-06
2.066777201000463e-03	-5.591636e-06
2.076777201000463e-03	-5.591540e-06
2.086777201000463e-03	-5.591449e-06
2.096777201000463e-03	-5.591362e-06
2.106777201000463e-03	-5.591279e-06
2.116777201000463e-03	-5.591201e-06
2.126777201000463e-03	-5.591126e-06
2.136777201000463e-03	-5.591054e-06
2.146777201000463e-03	-5.590987e-06
2.156777201000463e-03	-5.590922e-06
2.166777201000463e-03	-5.590861e-06
2.176777201000463e-03	-5.590803e-06
2.186777201000463e-03	-5.590748e-06
2.196777201000463e-03	-5.590695e-06
2.206777201000463e-03	-5.590645e-06
2.216777201000463e-03	-5.590597e-06
2.226777201000463e-03	-5.590552e-06
2.236777201000463e-03	-5.590508e-06
2.246777201000463e-03	-5.590467e-06
2.256777201000463e-03	-5.590428e-06
2.266777201000463e-03	-5.590391e-06
2.276777201000463e-03	-5.590356e-06
2.286777201000463e-03	-5.590322e-06
2.296777201000463e-03	-5.590290e-06
2.306777201000463e-03	-5.590260e-06
2.316777201000463e-03	-5.590231e-06
2.326777201000463e-03	-5.590203e-06
2.336777201000463e-03	-5.590176e-06
2.346777201000463e-03	-5.590151e-06
2.356777201000463e-03	-5.590128e-06
2.366777201000463e-03	-5.590105e-06
2.376777201000463e-03	-5.590084e-06
2.386777201000463e-03	-5.590063e-06
2.396777201000463e-03	-5.590044e-06
2.406777201000463e-03	-5.590025e-06
2.416777201000463e-03	-5.590007e-06
2.426777201000463e-03	-5.589990e-06
2.436777201000463e-03	-5.589975e-06
2.446777201000463e-03	-5.589959e-06
2.456777201000463e-03	-5.589945e-06
2.466777201000463e-03	-5.589931e-06
2.476777201000463e-03	-5.589918e-06
2.486777201000463e-03	-5.589905e-06
2.496777201000463e-03	-5.589893e-06
2.506777201000463e-03	-5.589882e-06
2.516777201000463e-03	-5.589871e-06
2.526777201000463e-03	-5.589861e-06
2.536777201000463e-03	-5.589851e-06
2.546777201000463e-03	-5.589842e-06
2.556777201000463e-03	-5.589833e-06
2.566777201000463e-03	-5.589824e-06
2.576777201000463e-03	-5.589816e-06
2.586777201000463e-03	-5.589809e-06
2.596777201000463e-03	-5.589801e-06
2.606777201000463e-03	-5.589794e-06
2.616777201000463e-03	-5.589788e-06
2.626777201000463e-03	-5.589781e-06
2.636777201000463e-03	-5.589775e-06
2.646777201000463e-03	-5.589769e-06
2.656777201000463e-03	-5.589764e-06
2.666777201000463e-03	-5.589759e-06
2.676777201000463e-03	-5.589754e-06
2.686777201000463e-03	-5.589749e-06
2.696777201000463e-03	-5.589745e-06
2.706777201000463e-03	-5.589740e-06
2.716777201000463e-03	-5.589736e-06
2.726777201000463e-03	-5.589733e-06
2.736777201000463e-03	-5.589729e-06
2.746777201000463e-03	-5.589725e-06
2.756777201000463e-03	-5.589722e-06
2.766777201000463e-03	-5.589719e-06
2.776777201000463e-03	-5.589715e-06
2.786777201000463e-03	-5.589713e-06
2.796777201000463e-03	-5.589710e-06
2.806777201000463e-03	-5.589707e-06
2.816777201000463e-03	-5.589704e-06
2.826777201000463e-03	-5.589702e-06
2.836777201000463e-03	-5.589700e-06
2.846777201000463e-03	-5.589697e-06
2.856777201000463e-03	-5.589695e-06
2.866777201000463e-03	-5.589693e-06
2.876777201000463e-03	-5.589691e-06
2.886777201000463e-03	-5.589689e-06
2.896777201000463e-03	-5.589688e-06
2.906777201000463e-03	-5.589686e-06
2.916777201000463e-03	-5.589684e-06
2.926777201000463e-03	-5.589683e-06
2.936777201000463e-03	-5.589682e-06
2.946777201000463e-03	-5.589680e-06
2.956777201000463e-03	-5.589679e-06
2.966777201000463e-03	-5.589677e-06
2.976777201000463e-03	-5.589676e-06
2.986777201000463e-03	-5.589675e-06
2.996777201000463e-03	-5.589674e-06
3.006777201000463e-03	-5.589673e-06
3.016777201000463e-03	-5.589672e-06
3.026777201000463e-03	-5.589671e-06
3.036777201000463e-03	-5.589670e-06
3.046777201000463e-03	-5.589669e-06
3.056777201000463e-03	-5.589668e-06
3.066777201000463e-03	-5.589667e-06
3.076777201000463e-03	-5.589667e-06
3.086777201000463e-03	-5.589666e-06
3.096777201000463e-03	-5.589665e-06
3.106777201000463e-03	-5.589664e-06
3.116777201000463e-03	-5.589663e-06
3.126777201000463e-03	-5.589663e-06
3.136777201000463e-03	-5.589663e-06
3.146777201000463e-03	-5.589662e-06
3.156777201000463e-03	-5.589661e-06
3.166777201000463e-03	-5.589661e-06
3.176777201000463e-03	-5.589660e-06
3.186777201000463e-03	-5.589660e-06
3.196777201000463e-03	-5.589659e-06
3.206777201000463e-03	-5.589659e-06
3.216777201000463e-03	-5.589658e-06
3.226777201000463e-03	-5.589658e-06
3.236777201000463e-03	-5.589657e-06
3.246777201000463e-03	-5.589657e-06
3.256777201000463e-03	-5.589657e-06
3.266777201000463e-03	-5.589656e-06
3.276777201000463e-03	-5.589656e-06
3.286777201000463e-03	-5.589655e-06
3.296777201000463e-03	-5.589655e-06
3.306777201000463e-03	-5.589655e-06
3.316777201000463e-03	-5.589654e-06
3.326777201000463e-03	-5.589654e-06
3.336777201000463e-03	-5.589654e-06
3.346777201000463e-03	-5.589654e-06
3.356777201000463e-03	-5.589653e-06
3.366777201000463e-03	-5.589653e-06
3.376777201000463e-03	-5.589653e-06
3.386777201000463e-03	-5.589653e-06
3.396777201000463e-03	-5.589653e-06
3.406777201000463e-03	-5.589653e-06
3.416777201000463e-03	-5.589652e-06
3.426777201000463e-03	-5.589652e-06
3.436777201000463e-03	-5.589652e-06
3.446777201000463e-03	-5.589652e-06
3.456777201000463e-03	-5.589651e-06
3.466777201000463e-03	-5.589651e-06
3.476777201000463e-03	-5.589651e-06
3.486777201000463e-03	-5.589651e-06
3.496777201000463e-03	-5.589651e-06
3.506777201000463e-03	-5.589651e-06
3.516777201000463e-03	-5.589650e-06
3.526777201000463e-03	-5.589650e-06
3.536777201000463e-03	-5.589650e-06
3.546777201000463e-03	-5.589650e-06
3.556777201000463e-03	-5.589650e-06
3.566777201000463e-03	-5.589650e-06
3.576777201000463e-03	-5.589649e-06
3.586777201000463e-03	-5.589649e-06
3.596777201000463e-03	-5.589649e-06
3.606777201000463e-03	-5.589649e-06
3.616777201000463e-03	-5.589649e-06
3.626777201000463e-03	-5.589649e-06
3.636777201000463e-03	-5.589649e-06
3.646777201000463e-03	-5.589649e-06
3.656777201000463e-03	-5.589648e-06
3.666777201000463e-03	-5.589648e-06
3.676777201000463e-03	-5.589648e-06
3.686777201000463e-03	-5.589648e-06
3.696777201000463e-03	-5.589648e-06
3.706777201000463e-03	-5.589648e-06
3.716777201000463e-03	-5.589648e-06
3.726777201000463e-03	-5.589648e-06
3.736777201000463e-03	-5.589648e-06
3.746777201000463e-03	-5.589648e-06
3.756777201000463e-03	-5.589648e-06
3.766777201000463e-03	-5.589648e-06
3.776777201000463e-03	-5.589648e-06
3.786777201000463e-03	-5.589648e-06
3.796777201000463e-03	-5.589648e-06
3.806777201000463e-03	-5.589647e-06
3.816777201000463e-03	-5.589647e-06
3.826777201000463e-03	-5.589647e-06
3.836777201000463e-03	-5.589647e-06
3.846777201000463e-03	-5.589647e-06
3.856777201000463e-03	-5.589647e-06
3.866777201000463e-03	-5.589647e-06
3.876777201000463e-03	-5.589647e-06
3.886777201000463e-03	-5.589647e-06
3.896777201000463e-03	-5.589647e-06
3.906777201000463e-03	-5.589647e-06
3.916777201000463e-03	-5.589647e-06
3.926777201000463e-03	-5.589647e-06
3.936777201000463e-03	-5.589647e-06
3.946777201000463e-03	-5.589646e-06
3.956777201000463e-03	-5.589646e-06
3.966777201000463e-03	-5.589646e-06
3.976777201000463e-03	-5.589646e-06
3.986777201000463e-03	-5.589646e-06
3.996777201000463e-03	-5.589646e-06
4.006777201000463e-03	-5.589646e-06
4.016777201000463e-03	-5.589646e-06
4.026777201000463e-03	-5.589646e-06
4.036777201000463e-03	-5.589646e-06
4.046777201000462e-03	-5.589646e-06
4.056777201000463e-03	-5.589646e-06
4.066777201000463e-03	-5.589646e-06
4.076777201000463e-03	-5.589646e-06
4.086777201000463e-03	-5.589646e-06
4.096777201000463e-03	-5.589646e-06
4.106777201000463e-03	-5.589646e-06
4.116777201000463e-03	-5.589646e-06
4.126777201000463e-03	-5.589646e-06
4.136777201000463e-03	-5.589646e-06
4.146777201000463e-03	-5.589645e-06
4.156777201000463e-03	-5.589645e-06
4.166777201000463e-03	-5.589645e-06
4.176777201000463e-03	-5.589645e-06
4.186777201000463e-03	-5.589645e-06
4.196777201000462e-03	-5.589645e-06
4.206777201000463e-03	-5.589645e-06
4.216777201000462e-03	-5.589645e-06
4.226777201000463e-03	-5.589645e-06
4.236777201000463e-03	-5.589645e-06
4.246777201000463e-03	-5.589645e-06
4.256777201000463e-03	-5.589645e-06
4.266777201000463e-03	-5.589645e-06
4.276777201000463e-03	-5.589645e-06
4.286777201000463e-03	-5.589645e-06
4.296777201000463e-03	-5.589645e-06
4.306777201000463e-03	-5.589645e-06
4.316777201000463e-03	-5.589645e-06
4.326777201000463e-03	-5.589645e-06
4.336777201000463e-03	-5.589645e-06
4.346777201000463e-03	-5.589645e-06
4.356777201000463e-03	-5.589645e-06
4.366777201000462e-03	-5.589645e-06
4.376777201000463e-03	-5.589645e-06
4.386777201000462e-03	-5.589645e-06
4.396777201000463e-03	-5.589645e-06
4.406777201000463e-03	-5.589645e-06
4.416777201000463e-03	-5.589645e-06
4.426777201000463e-03	-5.589645e-06
4.436777201000463e-03	-5.589645e-06
4.446777201000463e-03	-5.589645e-06
4.456777201000463e-03	-5.589645e-06
4.466777201000463e-03	-5.589645e-06
4.476777201000463e-03	-5.589645e-06
4.486777201000463e-03	-5.589645e-06
4.496777201000463e-03	-5.589645e-06
4.506777201000463e-03	-5.589644e-06
4.516777201000462e-03	-5.589644e-06
4.526777201000463e-03	-5.589644e-06
4.536777201000462e-03	-5.589644e-06
4.546777201000463e-03	-5.589644e-06
4.556777201000463e-03	-5.589644e-06
4.566777201000463e-03	-5.589644e-06
4.576777201000463e-03	-5.589644e-06
4.586777201000463e-03	-5.589644e-06
4.596777201000463e-03	-5.589644e-06
4.606777201000463e-03	-5.589644e-06
4.616777201000463e-03	-5.589644e-06
4.626777201000463e-03	-5.589644e-06
4.636777201000463e-03	-5.589644e-06
4.646777201000463e-03	-5.589644e-06
4.656777201000463e-03	-5.589644e-06
4.666777201000463e-03	-5.589644e-06
4.676777201000463e-03	-5.589644e-06
4.686777201000462e-03	-5.589644e-06
4.696777201000463e-03	-5.589644e-06
4.706777201000462e-03	-5.589644e-06
4.716777201000463e-03	-5.589644e-06
4.726777201000463e-03	-5.589644e-06
4.736777201000463e-03	-5.589644e-06
4.746777201000463e-03	-5.589644e-06
4.756777201000463e-03	-5.589644e-06
4.766777201000463e-03	-5.589644e-06
4.776777201000463e-03	-5.589644e-06
4.786777201000463e-03	-5.589644e-06
4.796777201000463e-03	-5.589644e-06
4.806777201000463e-03	-5.589644e-06
4.816777201000463e-03	-5.589644e-06
4.826777201000463e-03	-5.589644e-06
4.836777201000462e-03	-5.589644e-06
4.846777201000463e-03	-5.589644e-06
4.856777201000462e-03	-5.589644e-06
4.866777201000463e-03	-5.589644e-06
4.876777201000462e-03	-5.589644e-06
4.886777201000463e-03	-5.589644e-06
4.896777201000463e-03	-5.589644e-06
4.906777201000463e-03	-5.589644e-06
4.916777201000463e-03	-5.589644e-06
4.926777201000463e-03	-5.589644e-06
4.936777201000463e-03	-5.589644e-06
4.946777201000463e-03	-5.589644e-06
4.956777201000463e-03	-5.589644e-06
4.966777201000463e-03	-5.589644e-06
4.976777201000463e-03	-5.589644e-06
4.986777201000463e-03	-5.589644e-06
4.996777201000463e-03	-5.589644e-06
5.006777201000462e-03	-5.589644e-06
5.016777201000463e-03	-5.589644e-06
5.026777201000462e-03	-5.589644e-06
5.036777201000463e-03	-5.589644e-06
5.046777201000462e-03	-5.589644e-06
5.056777201000463e-03	-5.589644e-06
5.066777201000463e-03	-5.589644e-06
5.076777201000463e-03	-5.589644e-06
5.086777201000463e-03	-5.589644e-06
5.096777201000463e-03	-5.589644e-06
5.106777201000463e-03	-5.589644e-06
5.116777201000463e-03	-5.589644e-06
5.126777201000463e-03	-5.589644e-06
5.136777201000463e-03	-5.589644e-06
5.146777201000463e-03	-5.589644e-06
5.156777201000462e-03	-5.589644e-06
5.166777201000463e-03	-5.589644e-06
5.176777201000462e-03	-5.589644e-06
5.186777201000463e-03	-5.589644e-06
5.196777201000462e-03	-5.589644e-06
5.206777201000463e-03	-5.589644e-06
5.216777201000463e-03	-5.589643e-06
5.226777201000463e-03	-5.589643e-06
5.236777201000463e-03	-5.589643e-06
5.246777201000463e-03	-5.589643e-06
5.256777201000463e-03	-5.589644e-06
5.266777201000463e-03	-5.589644e-06
5.276777201000463e-03	-5.589644e-06
5.286777201000463e-03	-5.589644e-06
5.296777201000463e-03	-5.589643e-06
5.306777201000463e-03	-5.589643e-06
5.316777201000463e-03	-5.589643e-06
5.326777201000462e-03	-5.589643e-06
5.336777201000463e-03	-5.589643e-06
5.346777201000462e-03	-5.589643e-06
5.356777201000463e-03	-5.589644e-06
5.366777201000462e-03	-5.589644e-06
5.376777201000463e-03	-5.589643e-06
5.386777201000463e-03	-5.589643e-06
5.396777201000463e-03	-5.589643e-06
5.406777201000463e-03	-5.589643e-06
5.416777201000463e-03	-5.589643e-06
5.426777201000463e-03	-5.589643e-06
5.436777201000463e-03	-5.589643e-06
5.446777201000463e-03	-5.589643e-06
5.456777201000463e-03	-5.589643e-06
5.466777201000463e-03	-5.589643e-06
5.476777201000462e-03	-5.589643e-06
5.486777201000463e-03	-5.589643e-06
5.496777201000462e-03	-5.589643e-06
5.506777201000463e-03	-5.589643e-06
5.516777201000462e-03	-5.589643e-06
5.526777201000463e-03	-5.589643e-06
5.536777201000462e-03	-5.589643e-06
5.546777201000463e-03	-5.589643e-06
5.556777201000463e-03	-5.589643e-06
5.566777201000463e-03	-5.589643e-06
5.576777201000463e-03	-5.589643e-06
5.586777201000463e-03	-5.589643e-06
5.596777201000463e-03	-5.589643e-06
5.606777201000463e-03	-5.589643e-06
5.616777201000463e-03	-5.589643e-06
5.626777201000463e-03	-5.589643e-06
5.636777201000463e-03	-5.589643e-06
5.646777201000462e-03	-5.589643e-06
5.656777201000463e-03	-5.589643e-06
5.666777201000462e-03	-5.589643e-06
5.676777201000463e-03	-5.589643e-06
5.686777201000462e-03	-5.589643e-06
5.696777201000463e-03	-5.589643e-06
5.706777201000462e-03	-5.589643e-06
5.716777201000463e-03	-5.589643e-06
5.726777201000463e-03	-5.589643e-06
5.736777201000463e-03	-5.589643e-06
5.746777201000463e-03	-5.589643e-06
5.756777201000463e-03	-5.589643e-06
5.766777201000463e-03	-5.589643e-06
5.776777201000463e-03	-5.589643e-06
5.786777201000463e-03	-5.589643e-06
5.796777201000462e-03	-5.589643e-06
5.806777201000463e-03	-5.589643e-06
5.816777201000462e-03	-5.589643e-06
5.826777201000463e-03	-5.589643e-06
5.836777201000462e-03	-5.589643e-06
5.846777201000463e-03	-5.589643e-06
5.856777201000462e-03	-5.589643e-06
5.866777201000463e-03	-5.589643e-06
5.876777201000462e-03	-5.589643e-06
5.886777201000463e-03	-5.589643e-06
5.896777201000463e-03	-5.589643e-06
5.906777201000463e-03	-5.589643e-06
5.916777201000463e-03	-5.589643e-06
5.926777201000463e-03	-5.589643e-06
5.936777201000463e-03	-5.589643e-06
5.946777201000463e-03	-5.589643e-06
5.956777201000463e-03	-5.589643e-06
5.966777201000462e-03	-5.589643e-06
5.976777201000463e-03	-5.589643e-06
5.986777201000462e-03	-5.589643e-06
5.996777201000463e-03	-5.589643e-06
6.006777201000462e-03	-5.589643e-06
6.016777201000463e-03	-5.589643e-06
6.026777201000462e-03	-5.589643e-06
6.036777201000463e-03	-5.589643e-06
6.046777201000463e-03	-5.589643e-06
6.056777201000463e-03	-5.589643e-06
6.066777201000463e-03	-5.589643e-06
6.076777201000463e-03	-5.589643e-06
6.086777201000463e-03	-5.589643e-06
6.096777201000463e-03	-5.589643e-06
6.106777201000463e-03	-5.589643e-06
6.116777201000462e-03	-5.589643e-06
6.126777201000463e-03	-5.589643e-06
6.136777201000462e-03	-5.589643e-06
6.146777201000463e-03	-5.589643e-06
6.156777201000462e-03	-5.589643e-06
6.166777201000463e-03	-5.589643e-06
6.176777201000462e-03	-5.589643e-06
6.186777201000463e-03	-5.589643e-06
6.196777201000462e-03	-5.589643e-06
6.206777201000463e-03	-5.589643e-06
6.216777201000463e-03	-5.589643e-06
6.226777201000463e-03	-5.589643e-06
6.236777201000463e-03	-5.589643e-06
6.246777201000463e-03	-5.589643e-06
6.256777201000463e-03	-5.589643e-06
6.266777201000463e-03	-5.589643e-06
6.276777201000463e-03	-5.589643e-06
6.286777201000462e-03	-5.589643e-06
6.296777201000463e-03	-5.589643e-06
6.306777201000462e-03	-5.589643e-06
6.316777201000463e-03	-5.589643e-06
6.326777201000462e-03	-5.589643e-06
6.336777201000463e-03	-5.589643e-06
6.346777201000462e-03	-5.589643e-06
6.356777201000463e-03	-5.589643e-06
6.366777201000462e-03	-5.589643e-06
6.376777201000463e-03	-5.589643e-06
6.386777201000463e-03	-5.589643e-06
6.396777201000463e-03	-5.589643e-06
6.406777201000463e-03	-5.589643e-06
6.416777201000463e-03	-5.589643e-06
6.426777201000463e-03	-5.589643e-06
6.436777201000462e-03	-5.589643e-06
6.446777201000463e-03	-5.589643e-06
6.456777201000462e-03	-5.589643e-06
6.466777201000463e-03	-5.589643e-06
6.476777201000462e-03	-5.589643e-06
6.486777201000463e-03	-5.589643e-06
6.496777201000462e-03	-5.589643e-06
6.506777201000463e-03	-5.589643e-06
6.516777201000462e-03	-5.589643e-06
6.526777201000463e-03	-5.589643e-06
6.536777201000462e-03	-5.589643e-06
6.546777201000463e-03	-5.589643e-06
6.556777201000463e-03	-5.589643e-06
6.566777201000463e-03	-5.589643e-06
6.576777201000463e-03	-5.589643e-06
6.586777201000463e-03	-5.589643e-06
6.596777201000463e-03	-5.589643e-06
6.606777201000462e-03	-5.589643e-06
6.616777201000463e-03	-5.589643e-06
6.626777201000462e-03	-5.589643e-06
6.636777201000463e-03	-5.589643e-06
6.646777201000462e-03	-5.589643e-06
6.656777201000463e-03	-5.589643e-06
6.666777201000462e-03	-5.589643e-06
6.676777201000463e-03	-5.589643e-06
6.686777201000462e-03	-5.589643e-06
6.696777201000463e-03	-5.589643e-06
6.706777201000463e-03	-5.589643e-06
6.716777201000463e-03	-5.589643e-06
6.726777201000463e-03	-5.589643e-06
6.736777201000463e-03	-5.589643e-06
6.746777201000463e-03	-5.589643e-06
6.756777201000462e-03	-5.589643e-06
6.766777201000463e-03	-5.589643e-06
6.776777201000462e-03	-5.589643e-06
6.786777201000463e-03	-5.589643e-06
6.796777201000462e-03	-5.589643e-06
6.806777201000463e-03	-5.589643e-06
6.816777201000462e-03	-5.589643e-06
6.826777201000463e-03	-5.589643e-06
6.836777201000462e-03	-5.589643e-06
6.846777201000463e-03	-5.589643e-06
6.856777201000462e-03	-5.589643e-06
6.866777201000463e-03	-5.589643e-06
6.876777201000463e-03	-5.589643e-06
6.886777201000463e-03	-5.589643e-06
6.896777201000463e-03	-5.589643e-06
6.906777201000463e-03	-5.589643e-06
6.916777201000463e-03	-5.589643e-06
6.926777201000462e-03	-5.589643e-06
6.936777201000463e-03	-5.589643e-06
6.946777201000462e-03	-5.589643e-06
6.956777201000463e-03	-5.589643e-06
6.966777201000462e-03	-5.589643e-06
6.976777201000463e-03	-5.589643e-06
6.986777201000462e-03	-5.589643e-06
6.996777201000463e-03	-5.589643e-06
7.006777201000462e-03	-5.589643e-06
7.016777201000463e-03	-5.589643e-06
7.026777201000462e-03	-5.589643e-06
7.036777201000463e-03	-5.589643e-06
7.046777201000463e-03	-5.589643e-06
7.056777201000463e-03	-5.589643e-06
7.066777201000463e-03	-5.589643e-06
7.076777201000462e-03	-5.589643e-06
7.086777201000463e-03	-5.589643e-06
7.096777201000462e-03	-5.589643e-06
7.106777201000463e-03	-5.589643e-06
7.116777201000462e-03	-5.589643e-06
7.126777201000463e-03	-5.589643e-06
7.136777201000462e-03	-5.589643e-06
7.146777201000463e-03	-5.589643e-06
7.156777201000462e-03	-5.589643e-06
7.166777201000463e-03	-5.589643e-06
7.176777201000462e-03	-5.589643e-06
7.186777201000463e-03	-5.589643e-06
7.196777201000462e-03	-5.589643e-06
7.206777201000463e-03	-5.589643e-06
7.216777201000463e-03	-5.589643e-06
7.226777201000463e-03	-5.589643e-06
7.236777201000463e-03	-5.589643e-06
7.246777201000462e-03	-5.589643e-06
7.256777201000463e-03	-5.589643e-06
7.266777201000462e-03	-5.589643e-06
7.276777201000463e-03	-5.589643e-06
7.286777201000462e-03	-5.589643e-06
7.296777201000463e-03	-5.589643e-06
7.306777201000462e-03	-5.589643e-06
7.316777201000463e-03	-5.589643e-06
7.326777201000462e-03	-5.589643e-06
7.336777201000463e-03	-5.589643e-06
7.346777201000462e-03	-5.589643e-06
7.356777201000463e-03	-5.589643e-06
7.366777201000463e-03	-5.589643e-06
7.376777201000463e-03	-5.589643e-06
7.386777201000463e-03	-5.589643e-06
7.396777201000462e-03	-5.589643e-06
7.406777201000463e-03	-5.589643e-06
7.416777201000462e-03	-5.589643e-06
7.426777201000463e-03	-5.589643e-06
7.436777201000462e-03	-5.589643e-06
7.446777201000463e-03	-5.589643e-06
7.456777201000462e-03	-5.589643e-06
7.466777201000463e-03	-5.589643e-06
7.476777201000462e-03	-5.589643e-06
7.486777201000463e-03	-5.589643e-06
7.496777201000462e-03	-5.589643e-06
7.506777201000463e-03	-5.589643e-06
7.516777201000462e-03	-5.589643e-06
7.526777201000463e-03	-5.589643e-06
7.536777201000463e-03	-5.589643e-06
7.546777201000463e-03	-5.589643e-06
7.556777201000463e-03	-5.589643e-06
7.566777201000462e-03	-5.589643e-06
7.576777201000463e-03	-5.589643e-06
7.586777201000462e-03	-5.589643e-06
7.596777201000463e-03	-5.589643e-06
7.606777201000462e-03	-5.589643e-06
7.616777201000463e-03	-5.589643e-06
7.626777201000462e-03	-5.589643e-06
7.636777201000463e-03	-5.589643e-06
7.646777201000462e-03	-5.589643e-06
7.656777201000463e-03	-5.589643e-06
7.666777201000462e-03	-5.589643e-06
7.676777201000463e-03	-5.589643e-06
7.686777201000462e-03	-5.589643e-06
7.696777201000463e-03	-5.589643e-06
7.706777201000463e-03	-5.589643e-06
7.716777201000462e-03	-5.589643e-06
7.726777201000463e-03	-5.589643e-06
7.736777201000462e-03	-5.589643e-06
7.746777201000463e-03	-5.589643e-06
7.756777201000462e-03	-5.589643e-06
7.766777201000463e-03	-5.589643e-06
7.776777201000462e-03	-5.589643e-06
7.786777201000463e-03	-5.589643e-06
7.796777201000462e-03	-5.589643e-06
7.806777201000463e-03	-5.589643e-06
7.816777201000463e-03	-5.589643e-06
7.826777201000463e-03	-5.589643e-06
7.836777201000462e-03	-5.589643e-06
7.846777201000462e-03	-5.589643e-06
7.856777201000463e-03	-5.589643e-06
7.866777201000463e-03	-5.589643e-06
7.876777201000463e-03	-5.589643e-06
7.886777201000462e-03	-5.589643e-06
7.896777201000462e-03	-5.589643e-06
7.906777201000463e-03	-5.589643e-06
7.916777201000463e-03	-5.589643e-06
7.926777201000462e-03	-5.589643e-06
7.936777201000462e-03	-5.589643e-06
7.946777201000463e-03	-5.589643e-06
7.956777201000463e-03	-5.589643e-06
7.966777201000462e-03	-5.589643e-06
7.976777201000462e-03	-5.589643e-06
7.986777201000463e-03	-5.589643e-06
7.996777201000463e-03	-5.589643e-06
8.006777201000462e-03	-5.589643e-06
8.016777201000462e-03	-5.589643e-06
8.026777201000463e-03	-5.589643e-06
8.036777201000463e-03	-5.589643e-06
8.046777201000463e-03	-5.589643e-06
8.056777201000462e-03	-5.589643e-06
8.066777201000462e-03	-5.589643e-06
8.076777201000463e-03	-5.589643e-06
8.086777201000463e-03	-5.589643e-06
8.096777201000462e-03	-5.589643e-06
8.106777201000462e-03	-5.589643e-06
8.116777201000463e-03	-5.589643e-06
8.126777201000463e-03	-5.589643e-06
8.136777201000462e-03	-5.589643e-06
8.146777201000462e-03	-5.589643e-06
8.156777201000463e-03	-5.589643e-06
8.166777201000463e-03	-5.589643e-06
8.176777201000462e-03	-5.589643e-06
8.186777201000462e-03	-5.589643e-06
8.196777201000462e-03	-5.589643e-06
8.206777201000463e-03	-5.589643e-06
8.216777201000463e-03	-5.589643e-06
8.226777201000462e-03	-5.589643e-06
8.236777201000462e-03	-5.589643e-06
8.246777201000463e-03	-5.589643e-06
8.256777201000463e-03	-5.589643e-06
8.266777201000462e-03	-5.589643e-06
8.276777201000462e-03	-5.589643e-06
8.286777201000463e-03	-5.589643e-06
8.296777201000463e-03	-5.589643e-06
8.306777201000462e-03	-5.589643e-06
8.316777201000462e-03	-5.589643e-06
8.326777201000463e-03	-5.589643e-06
8.336777201000463e-03	-5.589643e-06
8.346777201000462e-03	-5.589643e-06
8.356777201000462e-03	-5.589643e-06
8.366777201000462e-03	-5.589643e-06
8.376777201000463e-03	-5.589643e-06
8.386777201000463e-03	-5.589643e-06
8.396777201000462e-03	-5.589643e-06
8.406777201000462e-03	-5.589643e-06
8.416777201000463e-03	-5.589643e-06
8.426777201000463e-03	-5.589643e-06
8.436777201000462e-03	-5.589643e-06
8.446777201000462e-03	-5.589643e-06
8.456777201000463e-03	-5.589643e-06
8.466777201000463e-03	-5.589643e-06
8.476777201000462e-03	-5.589643e-06
8.486777201000462e-03	-5.589643e-06
8.496777201000463e-03	-5.589643e-06
8.506777201000463e-03	-5.589643e-06
8.516777201000462e-03	-5.589643e-06
8.526777201000462e-03	-5.589643e-06
8.536777201000462e-03	-5.589643e-06
8.546777201000463e-03	-5.589643e-06
8.556777201000463e-03	-5.589643e-06
8.566777201000462e-03	-5.589643e-06
8.576777201000462e-03	-5.589643e-06
8.586777201000463e-03	-5.589643e-06
8.596777201000463e-03	-5.589643e-06
8.606777201000462e-03	-5.589643e-06
8.616777201000462e-03	-5.589643e-06
8.626777201000463e-03	-5.589643e-06
8.636777201000463e-03	-5.589643e-06
8.646777201000462e-03	-5.589643e-06
8.656777201000462e-03	-5.589643e-06
8.666777201000463e-03	-5.589643e-06
8.676777201000463e-03	-5.589643e-06
8.686777201000462e-03	-5.589643e-06
8.696777201000462e-03	-5.589643e-06
8.706777201000462e-03	-5.589643e-06
8.716777201000463e-03	-5.589643e-06
8.726777201000463e-03	-5.589643e-06
8.736777201000462e-03	-5.589643e-06
8.746777201000462e-03	-5.589643e-06
8.756777201000463e-03	-5.589643e-06
8.766777201000463e-03	-5.589643e-06
8.776777201000462e-03	-5.589643e-06
8.786777201000462e-03	-5.589643e-06
8.796777201000463e-03	-5.589643e-06
8.806777201000463e-03	-5.589643e-06
8.816777201000462e-03	-5.589643e-06
8.826777201000462e-03	-5.589643e-06
8.836777201000462e-03	-5.589643e-06
8.846777201000463e-03	-5.589643e-06
8.856777201000463e-03	-5.589643e-06
8.866777201000462e-03	-5.589643e-06
8.876777201000462e-03	-5.589643e-06
8.886777201000463e-03	-5.589643e-06
8.896777201000463e-03	-5.589643e-06
8.906777201000462e-03	-5.589643e-06
8.916777201000462e-03	-5.589643e-06
8.926777201000463e-03	-5.589643e-06
8.936777201000463e-03	-5.589643e-06
8.946777201000462e-03	-5.589643e-06
8.956777201000462e-03	-5.589643e-06
8.966777201000463e-03	-5.589643e-06
8.976777201000463e-03	-5.589643e-06
8.986777201000462e-03	-5.589643e-06
8.996777201000462e-03	-5.589643e-06
9.006777201000462e-03	-5.589643e-06
9.016777201000463e-03	-5.589643e-06
9.026777201000463e-03	-5.589643e-06
9.036777201000462e-03	-5.589643e-06
9.046777201000462e-03	-5.589643e-06
9.056777201000463e-03	-5.589643e-06
9.066777201000463e-03	-5.589643e-06
9.076777201000462e-03	-5.589643e-06
9.086777201000462e-03	-5.589643e-06
9.096777201000463e-03	-5.589643e-06
9.106777201000463e-03	-5.589643e-06
9.116777201000462e-03	-5.589643e-06
9.126777201000462e-03	-5.589643e-06
9.136777201000463e-03	-5.589643e-06
9.146777201000463e-03	-5.589643e-06
9.156777201000462e-03	-5.589643e-06
9.166777201000462e-03	-5.589643e-06
9.176777201000462e-03	-5.589643e-06
9.186777201000463e-03	-5.589643e-06
9.196777201000463e-03	-5.589643e-06
9.206777201000462e-03	-5.589643e-06
9.216777201000462e-03	-5.589643e-06
9.226777201000463e-03	-5.589643e-06
9.236777201000463e-03	-5.589643e-06
9.246777201000462e-03	-5.589643e-06
9.256777201000462e-03	-5.589643e-06
9.266777201000463e-03	-5.589643e-06
9.276777201000463e-03	-5.589643e-06
9.286777201000462e-03	-5.589643e-06
9.296777201000462e-03	-5.589643e-06
9.306777201000463e-03	-5.589643e-06
9.316777201000463e-03	-5.589643e-06
9.326777201000462e-03	-5.589643e-06
9.336777201000462e-03	-5.589643e-06
9.346777201000462e-03	-5.589643e-06
9.356777201000463e-03	-5.589643e-06
9.366777201000463e-03	-5.589643e-06
9.376777201000462e-03	-5.589643e-06
9.386777201000462e-03	-5.589643e-06
9.396777201000463e-03	-5.589643e-06
9.406777201000463e-03	-5.589643e-06
9.416777201000462e-03	-5.589643e-06
9.426777201000462e-03	-5.589643e-06
9.436777201000463e-03	-5.589643e-06
9.446777201000463e-03	-5.589643e-06
9.456777201000462e-03	-5.589643e-06
9.466777201000462e-03	-5.589643e-06
9.476777201000462e-03	-5.589643e-06
9.486777201000463e-03	-5.589643e-06
9.496777201000462e-03	-5.589643e-06
9.506777201000462e-03	-5.589643e-06
9.516777201000462e-03	-5.589643e-06
9.526777201000463e-03	-5.589643e-06
9.536777201000463e-03	-5.589643e-06
9.546777201000462e-03	-5.589643e-06
9.556777201000462e-03	-5.589643e-06
9.566777201000463e-03	-5.589643e-06
9.576777201000463e-03	-5.589643e-06
9.586777201000462e-03	-5.589643e-06
9.596777201000462e-03	-5.589643e-06
9.606777201000463e-03	-5.589643e-06
9.616777201000463e-03	-5.589643e-06
9.626777201000462e-03	-5.589643e-06
9.636777201000462e-03	-5.589643e-06
9.646777201000462e-03	-5.589643e-06
9.656777201000463e-03	-5.589643e-06
9.666777201000462e-03	-5.589643e-06
9.676777201000462e-03	-5.589643e-06
9.686777201000462e-03	-5.589643e-06
9.696777201000463e-03	-5.589643e-06
9.706777201000463e-03	-5.589643e-06
9.716777201000462e-03	-5.589643e-06
9.726777201000462e-03	-5.589643e-06
9.736777201000463e-03	-5.589643e-06
9.746777201000463e-03	-5.589643e-06
9.756777201000462e-03	-5.589643e-06
9.766777201000462e-03	-5.589643e-06
9.776777201000463e-03	-5.589643e-06
9.786777201000463e-03	-5.589643e-06
9.796777201000462e-03	-5.589643e-06
9.806777201000462e-03	-5.589643e-06
9.816777201000462e-03	-5.589643e-06
9.826777201000463e-03	-5.589643e-06
9.836777201000462e-03	-5.589643e-06
9.846777201000462e-03	-5.589643e-06
9.856777201000462e-03	-5.589643e-06
9.866777201000463e-03	-5.589643e-06
9.876777201000463e-03	-5.589643e-06
9.886777201000462e-03	-5.589643e-06
9.896777201000462e-03	-5.589643e-06
9.906777201000463e-03	-5.589643e-06
9.916777201000463e-03	-5.589643e-06
9.926777201000462e-03	-5.589643e-06
9.936777201000462e-03	-5.589643e-06
9.946777201000463e-03	-5.589643e-06
9.956777201000463e-03	-5.589643e-06
9.966777201000462e-03	-5.589643e-06
9.976777201000462e-03	-5.589643e-06
9.986777201000462e-03	-5.589643e-06
9.996777201000463e-03	-5.589644e-06
1.000000000000000e-02	-5.588807e-06
1.000000000100000e-02	-5.588800e-06
1.000000000200000e-02	-5.588799e-06
1.000000000440036e-02	-5.588799e-06
1.000000000670974e-02	-5.588783e-06
1.000000001132851e-02	-5.588746e-06
1.000000002056605e-02	-5.588664e-06
1.000000003904114e-02	-5.588491e-06
1.000000007599130e-02	-5.588140e-06
1.000000014989163e-02	-5.587429e-06
1.000000029769228e-02	-5.585967e-06
1.000000059329359e-02	-5.582892e-06
1.000000118449621e-02	-5.576213e-06
1.000000236690145e-02	-5.561245e-06
1.000000473171193e-02	-5.527379e-06
1.000000946133288e-02	-5.452969e-06
1.000001768949127e-02	-5.317771e-06
1.000002963204123e-02	-5.100409e-06
1.000005351714114e-02	-3.196142e-06
1.000010097863585e-02	-2.968730e-08
1.000015398679389e-02	-3.316615e-06
1.000020604733347e-02	-7.500332e-06
1.000026203738538e-02	-9.750356e-06
1.000031701191653e-02	-1.141163e-05
1.000042696097884e-02	-1.350556e-05
1.000045444824441e-02	-1.376336e-05
1.000050942277557e-02	-1.399067e-05
1.000061937183787e-02	-1.458293e-05
1.000083926996248e-02	-1.593955e-05
1.000118353605681e-02	-1.786328e-05
1.000177805770837e-02	-2.010845e-05
1.000249958254154e-02	-2.132916e-05
1.000263574895813e-02	-2.134556e-05
1.000290808179131e-02	-2.117351e-05
1.000345274745768e-02	-2.076918e-05
1.000454207879041e-02	-1.993362e-05
1.000672074145588e-02	-1.850794e-05
1.000945049428811e-02	-1.723896e-05
1.001362862358279e-02	-1.580052e-05
1.001754925944139e-02	-1.456228e-05
1.002063867064516e-02	-1.380311e-05
1.002204346081350e-02	-1.367747e-05
1.002297941857569e-02	-1.369729e-05
1.002391423870453e-02	-1.372912e-05
1.002481083941511e-02	-1.375522e-05
1.002597288152203e-02	-1.378389e-05
1.002727884648705e-02	-1.381083e-05
1.002864981349575e-02	-1.383256e-05
1.003109632465831e-02	-1.385622e-05
1.003346930237903e-02	-1.385868e-05
1.003821525782047e-02	-1.381329e-05
1.004503392288171e-02	-1.368740e-05
1.005503392288171e-02	-1.345260e-05
1.006503392288171e-02	-1.321359e-05
1.007503392288171e-02	-1.299092e-05
1.008503392288171e-02	-1.278599e-05
1.009503392288171e-02	-1.259371e-05
1.010000000000000e-02	-1.250752e-05
1.010000000100000e-02	-1.250751e-05
1.010000001700000e-02	-1.250755e-05
1.010000004900000e-02	-1.250777e-05
1.010000011300000e-02	-1.250770e-05
1.010000024100000e-02	-1.250670e-05
1.010000049700000e-02	-1.250361e-05
1.010000100900000e-02	-1.249711e-05
1.010000203300000e-02	-1.248834e-05
1.010000408100000e-02	-1.248292e-05
1.010000817700000e-02	-1.248553e-05
1.010001636900000e-02	-1.249312e-05
1.010003275300001e-02	-1.249923e-05
1.010006552100002e-02	-1.250097e-05
1.010013105700003e-02	-1.249966e-05
1.010026212900006e-02	-1.249718e-05
1.010052427300013e-02	-1.249252e-05
1.010104856100025e-02	-1.248316e-05
1.010209713700050e-02	-1.246457e-05
1.010419428900100e-02	-1.242775e-05
1.010838859300201e-02	-1.235565e-05
1.011677720100402e-02	-1.221612e-05
1.012677720100402e-02	-1.206309e-05
1.013433420684462e-02	-1.210067e-05
1.014204763814038e-02	-1.247833e-05
1.014500016728764e-02	-1.270311e-05
1.014785662457738e-02	-1.288364e-05
1.015088562540706e-02	-1.301503e-05
1.015694362706643e-02	-1.324544e-05
1.016694362706643e-02	-1.347014e-05
1.017694362706643e-02	-1.346453e-05
1.018694362706643e-02	-1.344199e-05
1.019694362706643e-02	-1.351585e-05
1.020694362706643e-02	-1.367739e-05
1.021694362706643e-02	-1.408081e-05
1.022694362706643e-02	-1.592264e-05
1.023694362706643e-02	-1.795614e-05
1.024694362706643e-02	-1.850127e-05
1.025694362706643e-02	-1.864725e-05
1.026694362706643e-02	-1.877869e-05
1.027694362706643e-02	-1.889746e-05
1.028694362706643e-02	-1.900712e-05
1.029694362706643e-02	-1.910681e-05
1.030694362706643e-02	-1.919822e-05
1.031694362706643e-02	-1.927803e-05
1.032694362706643e-02	-1.926677e-05
1.033694362706643e-02	-1.913619e-05
1.034694362706643e-02	-1.888192e-05
1.035694362706643e-02	-1.850246e-05
1.036694362706643e-02	-1.829365e-05
1.037694362706643e-02	-1.827754e-05
1.038694362706643e-02	-1.822002e-05
1.039694362706643e-02	-1.773995e-05
1.040694362706643e-02	-1.697069e-05
1.041694362706643e-02	-1.665573e-05
1.042694362706643e-02	-1.618195e-05
1.043694362706643e-02	-1.499008e-05
1.044694362706643e-02	-1.407753e-05
1.045694362706643e-02	-1.371185e-05
1.046694362706643e-02	-1.217241e-05
1.047694362706643e-02	-1.000734e-05
1.048694362706643e-02	-1.028610e-05
1.049694362706643e-02	-1.193292e-05
1.050694362706643e-02	-1.248910e-05
1.051694362706643e-02	-1.241581e-05
1.052694362706643e-02	-1.235263e-05
1.053694362706643e-02	-1.228699e-05
1.054694362706643e-02	-1.222275e-05
1.055694362706643e-02	-1.215950e-05
1.056694362706643e-02	-1.209734e-05
1.057694362706643e-02	-1.203614e-05
1.058694362706643e-02	-1.197600e-05
1.059694362706643e-02	-1.191661e-05
1.060694362706643e-02	-1.185632e-05
1.061694362706643e-02	-1.179341e-05
1.062694362706643e-02	-1.172836e-05
1.063694362706643e-02	-1.166206e-05
1.064694362706643e-02	-1.159544e-05
1.065694362706643e-02	-1.152894e-05
1.066694362706643e-02	-1.146305e-05
1.067694362706643e-02	-1.139795e-05
1.068694362706643e-02	-1.133394e-05
1.069694362706643e-02	-1.127104e-05
1.070694362706643e-02	-1.120946e-05
1.071694362706643e-02	-1.114916e-05
1.072694362706643e-02	-1.109028e-05
1.073694362706643e-02	-1.103276e-05
1.074694362706643e-02	-1.097668e-05
1.075694362706643e-02	-1.092195e-05
1.076694362706643e-02	-1.086866e-05
1.077694362706643e-02	-1.081669e-05
1.078694362706643e-02	-1.076610e-05
1.079694362706643e-02	-1.071679e-05
1.080694362706643e-02	-1.066881e-05
1.081694362706643e-02	-1.062203e-05
1.082694362706643e-02	-1.057651e-05
1.083694362706643e-02	-1.053213e-05
1.084694362706643e-02	-1.048893e-05
1.085694362706643e-02	-1.044681e-05
1.086694362706643e-02	-1.040579e-05
1.087694362706643e-02	-1.036577e-05
1.088694362706643e-02	-1.032678e-05
1.089694362706643e-02	-1.028873e-05
1.090694362706643e-02	-1.025165e-05
1.091694362706643e-02	-1.021543e-05
1.092694362706643e-02	-1.018011e-05
1.093694362706643e-02	-1.014559e-05
1.094694362706643e-02	-1.011191e-05
1.095694362706643e-02	-1.007898e-05
1.096694362706643e-02	-1.004682e-05
1.097694362706643e-02	-1.001536e-05
1.098694362706643e-02	-9.984626e-06
1.099694362706643e-02	-9.960442e-06
1.100000000100000e-02	-9.118455e-06
1.100000000200000e-02	-9.118578e-06
1.100000001800000e-02	-9.119482e-06
1.100000005000000e-02	-9.115553e-06
1.100000011400000e-02	-9.108995e-06
1.100000024200000e-02	-9.097380e-06
1.100000049800000e-02	-9.076591e-06
1.100000101000000e-02	-9.048070e-06
1.100000203400000e-02	-9.038431e-06
1.100000408200000e-02	-9.112689e-06
1.100000817800000e-02	-9.319993e-06
1.100001637000000e-02	-9.604797e-06
1.100003275400001e-02	-9.835365e-06
1.100006552200002e-02	-9.934704e-06
1.100013105800003e-02	-9.946094e-06
1.100026213000006e-02	-9.944230e-06
1.100052427400013e-02	-9.943887e-06
1.100104856200025e-02	-9.942173e-06
1.100209713800050e-02	-9.939162e-06
1.100419429000100e-02	-9.932983e-06
1.100838859400201e-02	-9.920814e-06
1.101677720200402e-02	-9.896749e-06
1.102677720200402e-02	-9.868560e-06
1.103677720200402e-02	-9.840925e-06
1.104677720200402e-02	-9.813852e-06
1.105677720200402e-02	-9.787320e-06
1.106677720200402e-02	-9.761311e-06
1.107677720200402e-02	-9.735807e-06
1.108677720200402e-02	-9.710791e-06
1.109677720200402e-02	-9.686248e-06
1.110677720200402e-02	-9.662161e-06
1.111677720200402e-02	-9.638516e-06
1.112677720200402e-02	-9.615296e-06
1.113677720200402e-02	-9.592492e-06
1.114677720200402e-02	-9.570087e-06
1.115677720200402e-02	-9.548070e-06
1.116677720200402e-02	-9.526429e-06
1.117677720200402e-02	-9.505155e-06
1.118677720200402e-02	-9.484233e-06
1.119677720200402e-02	-9.463654e-06
1.120677720200402e-02	-9.443409e-06
1.121677720200402e-02	-9.423489e-06
1.122677720200402e-02	-9.403883e-06
1.123677720200402e-02	-9.384584e-06
1.124677720200402e-02	-9.365582e-06
1.125677720200402e-02	-9.346870e-06
1.126677720200402e-02	-9.328440e-06
1.127677720200402e-02	-9.310284e-06
1.128677720200402e-02	-9.292397e-06
1.129677720200402e-02	-9.274772e-06
1.130677720200402e-02	-9.257401e-06
1.131677720200402e-02	-9.240279e-06
1.132677720200402e-02	-9.223399e-06
1.133677720200402e-02	-9.206756e-06
1.134677720200402e-02	-9.190345e-06
1.135677720200402e-02	-9.174160e-06
1.136677720200402e-02	-9.158196e-06
1.137677720200402e-02	-9.142450e-06
1.138677720200402e-02	-9.126915e-06
1.139677720200402e-02	-9.111587e-06
1.140677720200402e-02	-9.096463e-06
1.141677720200402e-02	-9.081537e-06
1.142677720200402e-02	-9.066808e-06
1.143677720200402e-02	-9.052270e-06
1.144677720200402e-02	-9.037920e-06
1.145677720200402e-02	-9.023754e-06
1.146677720200402e-02	-9.009768e-06
1.147677720200402e-02	-8.995960e-06
1.148677720200402e-02	-8.982328e-06
1.149677720200402e-02	-8.968866e-06
1.150677720200402e-02	-8.955574e-06
1.151677720200402e-02	-8.942447e-06
1.152677720200402e-02	-8.929484e-06
1.153677720200402e-02	-8.916682e-06
1.154677720200402e-02	-8.904037e-06
1.155677720200402e-02	-8.891549e-06
1.156677720200402e-02	-8.879213e-06
1.157677720200402e-02	-8.867029e-06
1.158677720200402e-02	-8.854995e-06
1.159677720200402e-02	-8.843108e-06
1.160677720200402e-02	-8.831366e-06
1.161677720200402e-02	-8.819768e-06
1.162677720200402e-02	-8.808312e-06
1.163677720200402e-02	-8.796995e-06
1.164677720200402e-02	-8.785817e-06
1.165677720200402e-02	-8.774775e-06
1.166677720200402e-02	-8.763869e-06
1.167677720200402e-02	-8.753097e-06
1.168677720200402e-02	-8.742457e-06
1.169677720200402e-02	-8.731949e-06
1.170677720200402e-02	-8.721570e-06
1.171677720200402e-02	-8.711320e-06
1.172677720200402e-02	-8.701199e-06
1.173677720200402e-02	-8.691206e-06
1.174677720200402e-02	-8.681337e-06
1.175677720200402e-02	-8.671595e-06
1.176677720200402e-02	-8.661976e-06
1.177677720200402e-02	-8.652481e-06
1.178677720200402e-02	-8.643110e-06
1.179677720200402e-02	-8.633862e-06
1.180677720200402e-02	-8.624736e-06
1.181677720200402e-02	-8.615732e-06
1.182677720200402e-02	-8.606850e-06
1.183677720200402e-02	-8.598090e-06
1.184677720200402e-02	-8.589451e-06
1.185677720200402e-02	-8.580932e-06
1.186677720200402e-02	-8.572537e-06
1.187677720200402e-02	-8.564262e-06
1.188677720200402e-02	-8.556110e-06
1.189677720200402e-02	-8.548079e-06
1.190677720200402e-02	-8.540172e-06
1.191677720200402e-02	-8.532387e-06
1.192677720200402e-02	-8.524727e-06
1.193677720200402e-02	-8.517191e-06
1.194677720200402e-02	-8.509782e-06
1.195677720200402e-02	-8.502499e-06
1.196677720200402e-02	-8.495344e-06
1.197677720200402e-02	-8.488319e-06
1.198677720200402e-02	-8.481424e-06
1.199677720200402e-02	-8.474660e-06
1.200677720200402e-02	-8.468031e-06
1.201677720200402e-02	-8.461537e-06
1.202677720200402e-02	-8.455180e-06
1.203677720200402e-02	-8.448963e-06
1.204677720200402e-02	-8.442888e-06
1.205677720200402e-02	-8.436958e-06
1.206677720200402e-02	-8.431173e-06
1.207677720200402e-02	-8.425538e-06
1.208677720200402e-02	-8.420056e-06
1.209677720200402e-02	-8.414728e-06
1.210677720200402e-02	-8.409557e-06
1.211677720200402e-02	-8.404549e-06
1.212677720200402e-02	-8.399704e-06
1.213677720200402e-02	-8.395025e-06
1.214677720200402e-02	-8.390518e-06
1.215677720200402e-02	-8.386183e-06
1.216677720200402e-02	-8.382023e-06
1.217677720200402e-02	-8.378042e-06
1.218677720200402e-02	-8.374241e-06
1.219677720200402e-02	-8.370622e-06
1.220677720200402e-02	-8.367184e-06
1.221677720200402e-02	-8.363929e-06
1.222677720200402e-02	-8.360855e-06
1.223677720200402e-02	-8.357960e-06
1.224677720200402e-02	-8.355240e-06
1.225677720200402e-02	-8.352688e-06
1.226677720200402e-02	-8.350300e-06
1.227677720200402e-02	-8.348064e-06
1.228677720200402e-02	-8.345969e-06
1.229677720200402e-02	-8.344005e-06
1.230677720200402e-02	-8.342153e-06
1.231677720200402e-02	-8.340400e-06
1.232677720200402e-02	-8.338728e-06
1.233677720200402e-02	-8.337118e-06
1.234677720200402e-02	-8.335555e-06
1.235677720200402e-02	-8.334022e-06
1.236677720200402e-02	-8.332504e-06
1.237677720200402e-02	-8.330990e-06
1.238677720200402e-02	-8.329468e-06
1.239677720200402e-02	-8.327935e-06
1.240677720200402e-02	-8.326387e-06
1.241677720200402e-02	-8.324824e-06
1.242677720200402e-02	-8.323250e-06
1.243677720200402e-02	-8.321669e-06
1.244677720200402e-02	-8.320091e-06
1.245677720200402e-02	-8.318524e-06
1.246677720200402e-02	-8.316980e-06
1.247677720200402e-02	-8.315466e-06
1.248677720200402e-02	-8.313996e-06
1.249677720200402e-02	-8.312579e-06
1.250677720200402e-02	-8.311224e-06
1.251677720200402e-02	-8.309938e-06
1.252677720200402e-02	-8.308733e-06
1.253677720200402e-02	-8.307611e-06
1.254677720200402e-02	-8.306579e-06
1.255677720200402e-02	-8.305640e-06
1.256677720200402e-02	-8.304799e-06
1.257677720200402e-02	-8.304057e-06
1.258677720200402e-02	-8.303415e-06
1.259677720200402e-02	-8.302873e-06
1.260677720200402e-02	-8.302432e-06
1.261677720200402e-02	-8.302088e-06
1.262677720200402e-02	-8.301841e-06
1.263677720200402e-02	-8.301689e-06
1.264677720200402e-02	-8.301628e-06
1.265677720200402e-02	-8.301657e-06
1.266677720200402e-02	-8.301769e-06
1.267677720200402e-02	-8.301962e-06
1.268677720200402e-02	-8.302233e-06
1.269677720200402e-02	-8.302576e-06
1.270677720200402e-02	-8.302988e-06
1.271677720200402e-02	-8.303465e-06
1.272677720200402e-02	-8.304000e-06
1.273677720200402e-02	-8.304592e-06
1.274677720200402e-02	-8.305235e-06
1.275677720200402e-02	-8.305923e-06
1.276677720200402e-02	-8.306654e-06
1.277677720200402e-02	-8.307424e-06
1.278677720200402e-02	-8.308227e-06
1.279677720200402e-02	-8.309060e-06
1.280677720200402e-02	-8.309920e-06
1.281677720200402e-02	-8.310802e-06
1.282677720200402e-02	-8.311703e-06
1.283677720200402e-02	-8.312619e-06
1.284677720200402e-02	-8.313547e-06
1.285677720200402e-02	-8.314486e-06
1.286677720200402e-02	-8.315431e-06
1.287677720200402e-02	-8.316380e-06
1.288677720200402e-02	-8.317329e-06
1.289677720200402e-02	-8.318278e-06
1.290677720200402e-02	-8.319224e-06
1.291677720200402e-02	-8.320164e-06
1.292677720200402e-02	-8.321097e-06
1.293677720200402e-02	-8.322022e-06
1.294677720200402e-02	-8.322936e-06
1.295677720200402e-02	-8.323839e-06
1.296677720200402e-02	-8.324729e-06
1.297677720200402e-02	-8.325604e-06
1.298677720200402e-02	-8.326465e-06
1.299677720200402e-02	-8.327310e-06
1.300677720200402e-02	-8.328137e-06
1.301677720200402e-02	-8.328949e-06
1.302677720200402e-02	-8.329742e-06
1.303677720200402e-02	-8.330517e-06
1.304677720200402e-02	-8.331273e-06
1.305677720200402e-02	-8.332011e-06
1.306677720200402e-02	-8.332730e-06
1.307677720200402e-02	-8.333429e-06
1.308677720200402e-02	-8.334109e-06
1.309677720200402e-02	-8.334770e-06
1.310677720200402e-02	-8.335412e-06
1.311677720200402e-02	-8.336035e-06
1.312677720200402e-02	-8.336639e-06
1.313677720200402e-02	-8.337223e-06
1.314677720200402e-02	-8.337790e-06
1.315677720200402e-02	-8.338338e-06
1.316677720200402e-02	-8.338870e-06
1.317677720200402e-02	-8.339382e-06
1.318677720200402e-02	-8.339877e-06
1.319677720200402e-02	-8.340356e-06
1.320677720200402e-02	-8.340817e-06
1.321677720200402e-02	-8.341262e-06
1.322677720200402e-02	-8.341692e-06
1.323677720200402e-02	-8.342106e-06
1.324677720200402e-02	-8.342505e-06
1.325677720200402e-02	-8.342889e-06
1.326677720200402e-02	-8.343260e-06
1.327677720200402e-02	-8.343615e-06
1.328677720200402e-02	-8.343958e-06
1.329677720200402e-02	-8.344287e-06
1.330677720200402e-02	-8.344605e-06
1.331677720200402e-02	-8.344909e-06
1.332677720200402e-02	-8.345201e-06
1.333677720200402e-02	-8.345483e-06
1.334677720200402e-02	-8.345753e-06
1.335677720200402e-02	-8.346012e-06
1.336677720200402e-02	-8.346261e-06
1.337677720200402e-02	-8.346500e-06
1.338677720200402e-02	-8.346729e-06
1.339677720200402e-02	-8.346949e-06
1.340677720200402e-02	-8.347160e-06
1.341677720200402e-02	-8.347362e-06
1.342677720200402e-02	-8.347555e-06
1.343677720200402e-02	-8.347741e-06
1.344677720200402e-02	-8.347919e-06
1.345677720200402e-02	-8.348090e-06
1.346677720200402e-02	-8.348253e-06
1.347677720200402e-02	-8.348409e-06
1.348677720200402e-02	-8.348559e-06
1.349677720200402e-02	-8.348703e-06
1.350677720200402e-02	-8.348840e-06
1.351677720200402e-02	-8.348971e-06
1.352677720200402e-02	-8.349098e-06
1.353677720200402e-02	-8.349218e-06
1.354677720200402e-02	-8.349332e-06
1.355677720200401e-02	-8.349443e-06
1.356677720200402e-02	-8.349548e-06
1.357677720200402e-02	-8.349649e-06
1.358677720200402e-02	-8.349745e-06
1.359677720200402e-02	-8.349838e-06
1.360677720200402e-02	-8.349925e-06
1.361677720200402e-02	-8.350010e-06
1.362677720200402e-02	-8.350090e-06
1.363677720200402e-02	-8.350167e-06
1.364677720200402e-02	-8.350240e-06
1.365677720200402e-02	-8.350311e-06
1.366677720200402e-02	-8.350378e-06
1.367677720200402e-02	-8.350442e-06
1.368677720200402e-02	-8.350503e-06
1.369677720200402e-02	-8.350561e-06
1.370677720200402e-02	-8.350617e-06
1.371677720200402e-02	-8.350670e-06
1.372677720200401e-02	-8.350721e-06
1.373677720200402e-02	-8.350769e-06
1.374677720200402e-02	-8.350816e-06
1.375677720200402e-02	-8.350860e-06
1.376677720200402e-02	-8.350902e-06
1.377677720200402e-02	-8.350942e-06
1.378677720200402e-02	-8.350980e-06
1.379677720200402e-02	-8.351017e-06
1.380677720200402e-02	-8.351052e-06
1.381677720200402e-02	-8.351085e-06
1.382677720200402e-02	-8.351117e-06
1.383677720200402e-02	-8.351148e-06
1.384677720200402e-02	-8.351177e-06
1.385677720200402e-02	-8.351204e-06
1.386677720200402e-02	-8.351230e-06
1.387677720200402e-02	-8.351255e-06
1.388677720200402e-02	-8.351279e-06
1.389677720200401e-02	-8.351300e-06
1.390677720200402e-02	-8.351322e-06
1.391677720200402e-02	-8.351343e-06
1.392677720200402e-02	-8.351362e-06
1.393677720200402e-02	-8.351381e-06
1.394677720200402e-02	-8.351399e-06
1.395677720200402e-02	-8.351416e-06
1.396677720200402e-02	-8.351431e-06
1.397677720200402e-02	-8.351446e-06
1.398677720200402e-02	-8.351461e-06
1.399677720200402e-02	-8.351475e-06
1.400677720200402e-02	-8.351488e-06
1.401677720200402e-02	-8.351501e-06
1.402677720200402e-02	-8.351512e-06
1.403677720200402e-02	-8.351523e-06
1.404677720200402e-02	-8.351534e-06
1.405677720200402e-02	-8.351544e-06
1.406677720200402e-02	-8.351553e-06
1.407677720200402e-02	-8.351562e-06
1.408677720200402e-02	-8.351572e-06
1.409677720200402e-02	-8.351579e-06
1.410677720200402e-02	-8.351587e-06
1.411677720200402e-02	-8.351594e-06
1.412677720200402e-02	-8.351602e-06
1.413677720200402e-02	-8.351608e-06
1.414677720200402e-02	-8.351614e-06
1.415677720200402e-02	-8.351620e-06
1.416677720200402e-02	-8.351625e-06
1.417677720200402e-02	-8.351631e-06
1.418677720200402e-02	-8.351636e-06
1.419677720200401e-02	-8.351641e-06
1.420677720200402e-02	-8.351645e-06
1.421677720200402e-02	-8.351650e-06
1.422677720200402e-02	-8.351653e-06
1.423677720200402e-02	-8.351657e-06
1.424677720200402e-02	-8.351661e-06
1.425677720200402e-02	-8.351664e-06
1.426677720200402e-02	-8.351667e-06
1.427677720200402e-02	-8.351670e-06
1.428677720200402e-02	-8.351672e-06
1.429677720200402e-02	-8.351675e-06
1.430677720200402e-02	-8.351677e-06
1.431677720200402e-02	-8.351679e-06
1.432677720200402e-02	-8.351682e-06
1.433677720200402e-02	-8.351683e-06
1.434677720200402e-02	-8.351685e-06
1.435677720200402e-02	-8.351686e-06
1.436677720200401e-02	-8.351688e-06
1.437677720200402e-02	-8.351690e-06
1.438677720200402e-02	-8.351691e-06
1.439677720200402e-02	-8.351692e-06
1.440677720200402e-02	-8.351693e-06
1.441677720200402e-02	-8.351694e-06
1.442677720200402e-02	-8.351695e-06
1.443677720200402e-02	-8.351696e-06
1.444677720200402e-02	-8.351697e-06
1.445677720200402e-02	-8.351697e-06
1.446677720200402e-02	-8.351698e-06
1.447677720200402e-02	-8.351699e-06
1.448677720200402e-02	-8.351699e-06
1.449677720200402e-02	-8.351700e-06
1.450677720200402e-02	-8.351701e-06
1.451677720200402e-02	-8.351701e-06
1.452677720200402e-02	-8.351701e-06
1.453677720200401e-02	-8.351701e-06
1.454677720200402e-02	-8.351701e-06
1.455677720200402e-02	-8.351701e-06
1.456677720200402e-02	-8.351701e-06
1.457677720200402e-02	-8.351702e-06
1.458677720200402e-02	-8.351702e-06
1.459677720200402e-02	-8.351701e-06
1.460677720200402e-02	-8.351701e-06
1.461677720200402e-02	-8.351701e-06
1.462677720200402e-02	-8.351701e-06
1.463677720200402e-02	-8.351701e-06
1.464677720200402e-02	-8.351701e-06
1.465677720200402e-02	-8.351701e-06
1.466677720200402e-02	-8.351700e-06
1.467677720200402e-02	-8.351700e-06
1.468677720200402e-02	-8.351700e-06
1.469677720200402e-02	-8.351699e-06
1.470677720200401e-02	-8.351699e-06
1.471677720200402e-02	-8.351699e-06
1.472677720200402e-02	-8.351699e-06
1.473677720200402e-02	-8.351698e-06
1.474677720200402e-02	-8.351698e-06
1.475677720200402e-02	-8.351697e-06
1.476677720200402e-02	-8.351697e-06
1.477677720200402e-02	-8.351697e-06
1.478677720200402e-02	-8.351696e-06
1.479677720200402e-02	-8.351696e-06
1.480677720200402e-02	-8.351695e-06
1.481677720200402e-02	-8.351695e-06
1.482677720200402e-02	-8.351695e-06
1.483677720200401e-02	-8.351694e-06
1.484677720200402e-02	-8.351693e-06
1.485677720200402e-02	-8.351693e-06
1.486677720200402e-02	-8.351693e-06
1.487677720200401e-02	-8.351692e-06
1.488677720200402e-02	-8.351692e-06
1.489677720200402e-02	-8.351692e-06
1.490677720200402e-02	-8.351692e-06
1.491677720200402e-02	-8.351692e-06
1.492677720200402e-02	-8.351691e-06
1.493677720200402e-02	-8.351690e-06
1.494677720200402e-02	-8.351690e-06
1.495677720200402e-02	-8.351689e-06
1.496677720200402e-02	-8.351689e-06
1.497677720200402e-02	-8.351688e-06
1.498677720200402e-02	-8.351688e-06
1.499677720200402e-02	-8.351688e-06
1.500677720200401e-02	-8.351687e-06
1.501677720200402e-02	-8.351687e-06
1.502677720200402e-02	-8.351686e-06
1.503677720200402e-02	-8.351686e-06
1.504677720200401e-02	-8.351685e-06
1.505677720200402e-02	-8.351684e-06
1.506677720200402e-02	-8.351684e-06
1.507677720200402e-02	-8.351683e-06
1.508677720200402e-02	-8.351683e-06
1.509677720200402e-02	-8.351682e-06
1.510677720200402e-02	-8.351682e-06
1.511677720200402e-02	-8.351682e-06
1.512677720200402e-02	-8.351682e-06
1.513677720200402e-02	-8.351682e-06
1.514677720200402e-02	-8.351681e-06
1.515677720200402e-02	-8.351681e-06
1.516677720200402e-02	-8.351681e-06
1.517677720200401e-02	-8.351680e-06
1.518677720200402e-02	-8.351680e-06
1.519677720200402e-02	-8.351679e-06
1.520677720200402e-02	-8.351679e-06
1.521677720200401e-02	-8.351678e-06
1.522677720200402e-02	-8.351678e-06
1.523677720200402e-02	-8.351677e-06
1.524677720200402e-02	-8.351677e-06
1.525677720200402e-02	-8.351677e-06
1.526677720200402e-02	-8.351677e-06
1.527677720200402e-02	-8.351676e-06
1.528677720200402e-02	-8.351676e-06
1.529677720200402e-02	-8.351675e-06
1.530677720200402e-02	-8.351675e-06
1.531677720200402e-02	-8.351674e-06
1.532677720200402e-02	-8.351674e-06
1.533677720200402e-02	-8.351674e-06
1.534677720200401e-02	-8.351673e-06
1.535677720200402e-02	-8.351673e-06
1.536677720200402e-02	-8.351673e-06
1.537677720200402e-02	-8.351672e-06
1.538677720200401e-02	-8.351672e-06
1.539677720200402e-02	-8.351672e-06
1.540677720200402e-02	-8.351672e-06
1.541677720200402e-02	-8.351672e-06
1.542677720200402e-02	-8.351671e-06
1.543677720200402e-02	-8.351671e-06
1.544677720200402e-02	-8.351671e-06
1.545677720200402e-02	-8.351671e-06
1.546677720200402e-02	-8.351670e-06
1.547677720200401e-02	-8.351670e-06
1.548677720200402e-02	-8.351670e-06
1.549677720200402e-02	-8.351669e-06
1.550677720200402e-02	-8.351669e-06
1.551677720200401e-02	-8.351669e-06
1.552677720200402e-02	-8.351668e-06
1.553677720200402e-02	-8.351668e-06
1.554677720200402e-02	-8.351668e-06
1.555677720200402e-02	-8.351667e-06
1.556677720200402e-02	-8.351667e-06
1.557677720200402e-02	-8.351667e-06
1.558677720200402e-02	-8.351666e-06
1.559677720200402e-02	-8.351666e-06
1.560677720200402e-02	-8.351666e-06
1.561677720200402e-02	-8.351666e-06
1.562677720200402e-02	-8.351666e-06
1.563677720200402e-02	-8.351665e-06
1.564677720200401e-02	-8.351665e-06
1.565677720200401e-02	-8.351664e-06
1.566677720200401e-02	-8.351664e-06
1.567677720200402e-02	-8.351664e-06
1.568677720200402e-02	-8.351664e-06
1.569677720200402e-02	-8.351664e-06
1.570677720200402e-02	-8.351664e-06
1.571677720200402e-02	-8.351663e-06
1.572677720200402e-02	-8.351663e-06
1.573677720200401e-02	-8.351663e-06
1.574677720200401e-02	-8.351662e-06
1.575677720200402e-02	-8.351662e-06
1.576677720200402e-02	-8.351662e-06
1.577677720200402e-02	-8.351662e-06
1.578677720200402e-02	-8.351662e-06
1.579677720200402e-02	-8.351662e-06
1.580677720200402e-02	-8.351662e-06
1.581677720200401e-02	-8.351662e-06
1.582677720200401e-02	-8.351662e-06
1.583677720200401e-02	-8.351662e-06
1.584677720200402e-02	-8.351661e-06
1.585677720200402e-02	-8.351661e-06
1.586677720200402e-02	-8.351661e-06
1.587677720200402e-02	-8.351661e-06
1.588677720200402e-02	-8.351661e-06
1.589677720200402e-02	-8.351661e-06
1.590677720200401e-02	-8.351661e-06
1.591677720200401e-02	-8.351660e-06
1.592677720200402e-02	-8.351660e-06
1.593677720200402e-02	-8.351660e-06
1.594677720200402e-02	-8.351660e-06
1.595677720200402e-02	-8.351660e-06
1.596677720200402e-02	-8.351659e-06
1.597677720200402e-02	-8.351659e-06
1.598677720200401e-02	-8.351659e-06
1.599677720200401e-02	-8.351659e-06
1.600677720200401e-02	-8.351659e-06
1.601677720200402e-02	-8.351659e-06
1.602677720200402e-02	-8.351659e-06
1.603677720200402e-02	-8.351658e-06
1.604677720200402e-02	-8.351658e-06
1.605677720200402e-02	-8.351658e-06
1.606677720200402e-02	-8.351658e-06
1.607677720200401e-02	-8.351658e-06
1.608677720200401e-02	-8.351658e-06
1.609677720200402e-02	-8.351658e-06
1.610677720200402e-02	-8.351657e-06
1.611677720200402e-02	-8.351657e-06
1.612677720200402e-02	-8.351657e-06
1.613677720200402e-02	-8.351657e-06
1.614677720200402e-02	-8.351657e-06
1.615677720200401e-02	-8.351657e-06
1.616677720200401e-02	-8.351657e-06
1.617677720200401e-02	-8.351657e-06
1.618677720200402e-02	-8.351657e-06
1.619677720200402e-02	-8.351656e-06
1.620677720200402e-02	-8.351656e-06
1.621677720200402e-02	-8.351656e-06
1.622677720200402e-02	-8.351656e-06
1.623677720200402e-02	-8.351656e-06
1.624677720200401e-02	-8.351655e-06
1.625677720200401e-02	-8.351655e-06
1.626677720200402e-02	-8.351655e-06
1.627677720200402e-02	-8.351655e-06
1.628677720200402e-02	-8.351655e-06
1.629677720200402e-02	-8.351655e-06
1.630677720200402e-02	-8.351655e-06
1.631677720200402e-02	-8.351655e-06
1.632677720200401e-02	-8.351655e-06
1.633677720200401e-02	-8.351655e-06
1.634677720200401e-02	-8.351655e-06
1.635677720200402e-02	-8.351655e-06
1.636677720200402e-02	-8.351655e-06
1.637677720200402e-02	-8.351655e-06
1.638677720200402e-02	-8.351654e-06
1.639677720200402e-02	-8.351654e-06
1.640677720200402e-02	-8.351654e-06
1.641677720200401e-02	-8.351654e-06
1.642677720200401e-02	-8.351654e-06
1.643677720200401e-02	-8.351654e-06
1.644677720200402e-02	-8.351654e-06
1.645677720200402e-02	-8.351654e-06
1.646677720200402e-02	-8.351654e-06
1.647677720200402e-02	-8.351654e-06
1.648677720200402e-02	-8.351654e-06
1.649677720200401e-02	-8.351653e-06
1.650677720200401e-02	-8.351653e-06
1.651677720200401e-02	-8.351653e-06
1.652677720200402e-02	-8.351653e-06
1.653677720200402e-02	-8.351653e-06
1.654677720200402e-02	-8.351653e-06
1.655677720200402e-02	-8.351653e-06
1.656677720200402e-02	-8.351653e-06
1.657677720200402e-02	-8.351653e-06
1.658677720200401e-02	-8.351653e-06
1.659677720200401e-02	-8.351653e-06
1.660677720200401e-02	-8.351653e-06
1.661677720200402e-02	-8.351653e-06
1.662677720200402e-02	-8.351653e-06
1.663677720200402e-02	-8.351653e-06
1.664677720200402e-02	-8.351653e-06
1.665677720200402e-02	-8.351653e-06
1.666677720200401e-02	-8.351652e-06
1.667677720200401e-02	-8.351652e-06
1.668677720200401e-02	-8.351652e-06
1.669677720200402e-02	-8.351652e-06
1.670677720200402e-02	-8.351652e-06
1.671677720200402e-02	-8.351652e-06
1.672677720200402e-02	-8.351652e-06
1.673677720200402e-02	-8.351652e-06
1.674677720200402e-02	-8.351652e-06
1.675677720200401e-02	-8.351652e-06
1.676677720200401e-02	-8.351652e-06
1.677677720200401e-02	-8.351652e-06
1.678677720200402e-02	-8.351652e-06
1.679677720200402e-02	-8.351652e-06
1.680677720200402e-02	-8.351652e-06
1.681677720200402e-02	-8.351652e-06
1.682677720200402e-02	-8.351652e-06
1.683677720200401e-02	-8.351652e-06
1.684677720200401e-02	-8.351652e-06
1.685677720200401e-02	-8.351652e-06
1.686677720200402e-02	-8.351652e-06
1.687677720200402e-02	-8.351652e-06
1.688677720200402e-02	-8.351652e-06
1.689677720200402e-02	-8.351652e-06
1.690677720200402e-02	-8.351652e-06
1.691677720200402e-02	-8.351652e-06
1.692677720200401e-02	-8.351652e-06
1.693677720200401e-02	-8.351652e-06
1.694677720200401e-02	-8.351652e-06
1.695677720200402e-02	-8.351652e-06
1.696677720200402e-02	-8.351652e-06
1.697677720200402e-02	-8.351652e-06
1.698677720200402e-02	-8.351652e-06
1.699677720200402e-02	-8.351652e-06
1.700677720200401e-02	-8.351652e-06
1.701677720200401e-02	-8.351652e-06
1.702677720200401e-02	-8.351652e-06
1.703677720200402e-02	-8.351652e-06
1.704677720200402e-02	-8.351652e-06
1.705677720200402e-02	-8.351652e-06
1.706677720200402e-02	-8.351652e-06
1.707677720200402e-02	-8.351652e-06
1.708677720200402e-02	-8.351651e-06
1.709677720200401e-02	-8.351651e-06
1.710677720200401e-02	-8.351652e-06
1.711677720200401e-02	-8.351652e-06
1.712677720200402e-02	-8.351651e-06
1.713677720200402e-02	-8.351651e-06
1.714677720200402e-02	-8.351651e-06
1.715677720200402e-02	-8.351651e-06
1.716677720200402e-02	-8.351651e-06
1.717677720200401e-02	-8.351651e-06
1.718677720200401e-02	-8.351651e-06
1.719677720200401e-02	-8.351651e-06
1.720677720200402e-02	-8.351651e-06
1.721677720200402e-02	-8.351651e-06
1.722677720200402e-02	-8.351651e-06
1.723677720200402e-02	-8.351651e-06
1.724677720200402e-02	-8.351651e-06
1.725677720200402e-02	-8.351651e-06
1.726677720200401e-02	-8.351651e-06
1.727677720200401e-02	-8.351651e-06
1.728677720200401e-02	-8.351651e-06
1.729677720200402e-02	-8.351651e-06
1.730677720200402e-02	-8.351651e-06
1.731677720200402e-02	-8.351651e-06
1.732677720200402e-02	-8.351651e-06
1.733677720200402e-02	-8.351650e-06
1.734677720200401e-02	-8.351650e-06
1.735677720200401e-02	-8.351651e-06
1.736677720200401e-02	-8.351651e-06
1.737677720200402e-02	-8.351650e-06
1.738677720200402e-02	-8.351650e-06
1.739677720200402e-02	-8.351650e-06
1.740677720200402e-02	-8.351650e-06
1.741677720200402e-02	-8.351651e-06
1.742677720200402e-02	-8.351651e-06
1.743677720200401e-02	-8.351650e-06
1.744677720200401e-02	-8.351650e-06
1.745677720200401e-02	-8.351651e-06
1.746677720200402e-02	-8.351651e-06
1.747677720200402e-02	-8.351650e-06
1.748677720200402e-02	-8.351650e-06
1.749677720200402e-02	-8.351650e-06
1.750677720200402e-02	-8.351650e-06
1.751677720200401e-02	-8.351650e-06
1.752677720200401e-02	-8.351650e-06
1.753677720200401e-02	-8.351650e-06
1.754677720200402e-02	-8.351650e-06
1.755677720200402e-02	-8.351650e-06
1.756677720200402e-02	-8.351650e-06
1.757677720200402e-02	-8.351650e-06
1.758677720200402e-02	-8.351650e-06
1.759677720200402e-02	-8.351650e-06
1.760677720200401e-02	-8.351650e-06
1.761677720200401e-02	-8.351650e-06
1.762677720200401e-02	-8.351650e-06
1.763677720200402e-02	-8.351650e-06
1.764677720200402e-02	-8.351650e-06
1.765677720200402e-02	-8.351650e-06
1.766677720200402e-02	-8.351650e-06
1.767677720200402e-02	-8.351650e-06
1.768677720200401e-02	-8.351650e-06
1.769677720200401e-02	-8.351650e-06
1.770677720200401e-02	-8.351650e-06
1.771677720200401e-02	-8.351650e-06
1.772677720200402e-02	-8.351650e-06
1.773677720200402e-02	-8.351650e-06
1.774677720200402e-02	-8.351650e-06
1.775677720200402e-02	-8.351650e-06
1.776677720200402e-02	-8.351650e-06
1.777677720200401e-02	-8.351650e-06
1.778677720200401e-02	-8.351650e-06
1.779677720200401e-02	-8.351650e-06
1.780677720200402e-02	-8.351650e-06
1.781677720200402e-02	-8.351650e-06
1.782677720200402e-02	-8.351650e-06
1.783677720200402e-02	-8.351650e-06
1.784677720200402e-02	-8.351650e-06
1.785677720200401e-02	-8.351650e-06
1.786677720200401e-02	-8.351650e-06
1.787677720200401e-02	-8.351650e-06
1.788677720200401e-02	-8.351650e-06
1.789677720200402e-02	-8.351650e-06
1.790677720200402e-02	-8.351650e-06
1.791677720200402e-02	-8.351650e-06
1.792677720200402e-02	-8.351650e-06
1.793677720200402e-02	-8.351650e-06
1.794677720200401e-02	-8.351650e-06
1.795677720200401e-02	-8.351650e-06
1.796677720200401e-02	-8.351650e-06
1.797677720200402e-02	-8.351650e-06
1.798677720200402e-02	-8.351650e-06
1.799677720200402e-02	-8.351650e-06
1.800677720200402e-02	-8.351650e-06
1.801677720200402e-02	-8.351650e-06
1.802677720200401e-02	-8.351650e-06
1.803677720200401e-02	-8.351650e-06
1.804677720200401e-02	-8.351650e-06
1.805677720200401e-02	-8.351650e-06
1.806677720200402e-02	-8.351650e-06
1.807677720200402e-02	-8.351650e-06
1.808677720200402e-02	-8.351650e-06
1.809677720200402e-02	-8.351650e-06
1.810677720200402e-02	-8.351650e-06
1.811677720200401e-02	-8.351650e-06
1.812677720200401e-02	-8.351650e-06
1.813677720200401e-02	-8.351650e-06
1.814677720200402e-02	-8.351650e-06
1.815677720200402e-02	-8.351650e-06
1.816677720200402e-02	-8.351650e-06
1.817677720200402e-02	-8.351650e-06
1.818677720200402e-02	-8.351650e-06
1.819677720200401e-02	-8.351650e-06
1.820677720200401e-02	-8.351650e-06
1.821677720200401e-02	-8.351650e-06
1.822677720200401e-02	-8.351650e-06
1.823677720200402e-02	-8.351650e-06
1.824677720200402e-02	-8.351650e-06
1.825677720200402e-02	-8.351650e-06
1.826677720200402e-02	-8.351650e-06
1.827677720200402e-02	-8.351650e-06
1.828677720200401e-02	-8.351650e-06
1.829677720200401e-02	-8.351650e-06
1.830677720200401e-02	-8.351650e-06
1.831677720200402e-02	-8.351650e-06
1.832677720200402e-02	-8.351650e-06
1.833677720200402e-02	-8.351650e-06
1.834677720200402e-02	-8.351650e-06
1.835677720200402e-02	-8.351650e-06
1.836677720200402e-02	-8.351650e-06
1.837677720200401e-02	-8.351650e-06
1.838677720200401e-02	-8.351650e-06
1.839677720200401e-02	-8.351650e-06
1.840677720200402e-02	-8.351650e-06
1.841677720200402e-02	-8.351650e-06
1.842677720200402e-02	-8.351650e-06
1.843677720200402e-02	-8.351650e-06
1.844677720200402e-02	-8.351650e-06
1.845677720200401e-02	-8.351650e-06
1.846677720200401e-02	-8.351650e-06
1.847677720200401e-02	-8.351650e-06
1.848677720200402e-02	-8.351650e-06
1.849677720200402e-02	-8.351650e-06
1.850677720200402e-02	-8.351650e-06
1.851677720200402e-02	-8.351650e-06
1.852677720200402e-02	-8.351650e-06
1.853677720200402e-02	-8.351650e-06
1.854677720200401e-02	-8.351650e-06
1.855677720200401e-02	-8.351650e-06
1.856677720200401e-02	-8.351650e-06
1.857677720200402e-02	-8.351650e-06
1.858677720200402e-02	-8.351650e-06
1.859677720200402e-02	-8.351649e-06
1.860677720200402e-02	-8.351649e-06
1.861677720200402e-02	-8.351650e-06
1.862677720200401e-02	-8.351650e-06
1.863677720200401e-02	-8.351650e-06
1.864677720200401e-02	-8.351650e-06
1.865677720200402e-02	-8.351650e-06
1.866677720200402e-02	-8.351650e-06
1.867677720200402e-02	-8.351650e-06
1.868677720200402e-02	-8.351650e-06
1.869677720200402e-02	-8.351650e-06
1.870677720200402e-02	-8.351650e-06
1.871677720200401e-02	-8.351650e-06
1.872677720200401e-02	-8.351650e-06
1.873677720200401e-02	-8.351649e-06
1.874677720200402e-02	-8.351649e-06
1.875677720200402e-02	-8.351649e-06
1.876677720200402e-02	-8.351649e-06
1.877677720200402e-02	-8.351650e-06
1.878677720200402e-02	-8.351650e-06
1.879677720200401e-02	-8.351650e-06
1.880677720200401e-02	-8.351650e-06
1.881677720200401e-02	-8.351650e-06
1.882677720200402e-02	-8.351650e-06
1.883677720200402e-02	-8.351650e-06
1.884677720200402e-02	-8.351650e-06
1.885677720200402e-02	-8.351649e-06
1.886677720200402e-02	-8.351649e-06
1.887677720200402e-02	-8.351650e-06
1.888677720200401e-02	-8.351650e-06
1.889677720200401e-02	-8.351650e-06
1.890677720200401e-02	-8.351650e-06
1.891677720200402e-02	-8.351650e-06
1.892677720200402e-02	-8.351650e-06
1.893677720200402e-02	-8.351650e-06
1.894677720200402e-02	-8.351650e-06
1.895677720200402e-02	-8.351649e-06
1.896677720200401e-02	-8.351649e-06
1.897677720200401e-02	-8.351650e-06
1.898677720200401e-02	-8.351650e-06
1.899677720200401e-02	-8.351650e-06
1.900677720200402e-02	-8.351650e-06
1.901677720200402e-02	-8.351650e-06
1.902677720200402e-02	-8.351650e-06
1.903677720200402e-02	-8.351649e-06
1.904677720200402e-02	-8.351649e-06
1.905677720200401e-02	-8.351650e-06
1.906677720200401e-02	-8.351650e-06
1.907677720200401e-02	-8.351650e-06
1.908677720200402e-02	-8.351650e-06
1.909677720200402e-02	-8.351649e-06
1.910677720200402e-02	-8.351649e-06
1.911677720200402e-02	-8.351649e-06
1.912677720200402e-02	-8.351649e-06
1.913677720200401e-02	-8.351650e-06
1.914677720200401e-02	-8.351650e-06
1.915677720200401e-02	-8.351650e-06
1.916677720200401e-02	-8.351650e-06
1.917677720200402e-02	-8.351649e-06
1.918677720200402e-02	-8.351649e-06
1.919677720200402e-02	-8.351650e-06
1.920677720200402e-02	-8.351650e-06
1.921677720200402e-02	-8.351650e-06
1.922677720200401e-02	-8.351650e-06
1.923677720200401e-02	-8.351649e-06
1.924677720200401e-02	-8.351649e-06
1.925677720200402e-02	-8.351650e-06
1.926677720200402e-02	-8.351650e-06
1.927677720200402e-02	-8.351650e-06
1.928677720200402e-02	-8.351650e-06
1.929677720200402e-02	-8.351649e-06
1.930677720200401e-02	-8.351649e-06
1.931677720200401e-02	-8.351650e-06
1.932677720200401e-02	-8.351650e-06
1.933677720200401e-02	-8.351650e-06
1.934677720200402e-02	-8.351650e-06
1.935677720200402e-02	-8.351649e-06
1.936677720200402e-02	-8.351649e-06
1.937677720200402e-02	-8.351650e-06
1.938677720200402e-02	-8.351650e-06
1.939677720200401e-02	-8.351649e-06
1.940677720200401e-02	-8.351649e-06
1.941677720200401e-02	-8.351649e-06
1.942677720200402e-02	-8.351649e-06
1.943677720200402e-02	-8.351650e-06
1.944677720200402e-02	-8.351650e-06
1.945677720200402e-02	-8.351649e-06
1.946677720200402e-02	-8.351649e-06
1.947677720200401e-02	-8.351650e-06
1.948677720200401e-02	-8.351650e-06
1.949677720200401e-02	-8.351650e-06
1.950677720200401e-02	-8.351650e-06
1.951677720200402e-02	-8.351649e-06
1.952677720200402e-02	-8.351649e-06
1.953677720200402e-02	-8.351650e-06
1.954677720200402e-02	-8.351650e-06
1.955677720200402e-02	-8.351649e-06
1.956677720200401e-02	-8.351649e-06
1.957677720200401e-02	-8.351650e-06
1.958677720200401e-02	-8.351650e-06
1.959677720200402e-02	-8.351649e-06
1.960677720200402e-02	-8.351649e-06
1.961677720200402e-02	-8.351649e-06
1.962677720200402e-02	-8.351649e-06
1.963677720200402e-02	-8.351650e-06
1.964677720200401e-02	-8.351650e-06
1.965677720200401e-02	-8.351649e-06
1.966677720200401e-02	-8.351649e-06
1.967677720200401e-02	-8.351650e-06
1.968677720200402e-02	-8.351650e-06
1.969677720200402e-02	-8.351649e-06
1.970677720200402e-02	-8.351649e-06
1.971677720200402e-02	-8.351650e-06
1.972677720200402e-02	-8.351650e-06
1.973677720200401e-02	-8.351649e-06
1.974677720200401e-02	-8.351649e-06
1.975677720200401e-02	-8.351650e-06
1.976677720200402e-02	-8.351650e-06
1.977677720200402e-02	-8.351649e-06
1.978677720200402e-02	-8.351649e-06
1.979677720200402e-02	-8.351650e-06
1.980677720200402e-02	-8.351650e-06
1.981677720200401e-02	-8.351649e-06
1.982677720200401e-02	-8.351649e-06
1.983677720200401e-02	-8.351649e-06
1.984677720200401e-02	-8.351649e-06
1.985677720200402e-02	-8.351649e-06
1.986677720200402e-02	-8.351649e-06
1.987677720200402e-02	-8.351649e-06
1.988677720200402e-02	-8.351649e-06
1.989677720200402e-02	-8.351649e-06
1.990677720200401e-02	-8.351649e-06
1.991677720200401e-02	-8.351649e-06
1.992677720200401e-02	-8.351649e-06
1.993677720200402e-02	-8.351649e-06
1.994677720200402e-02	-8.351649e-06
1.995677720200402e-02	-8.351650e-06
1.996677720200402e-02	-8.351650e-06
1.997677720200402e-02	-8.351649e-06
1.998677720200401e-02	-8.351649e-06
1.999677720200401e-02	-8.351650e-06
2.000000000000000e-02	-8.351650e-06
