time	I(Vcell25)
0.000000000000000e+00	-2.670391e-07
9.999999439624929e-11	-2.667350e-07
1.999999887924986e-10	-2.664393e-07
3.999999775849972e-10	-2.658422e-07
7.999999551699943e-10	-2.646437e-07
1.599999910339989e-09	-2.622935e-07
3.199999820679977e-09	-2.577281e-07
6.399999641359955e-09	-2.489200e-07
1.279999928271991e-08	-2.321324e-07
2.559999856543982e-08	-2.006581e-07
5.119999713087964e-08	-1.130617e-07
9.246836417723533e-08	2.445025e-06
1.509242075100819e-07	-3.598663e-07
2.056174244703025e-07	-6.350895e-07
2.710765642440253e-07	-1.114933e-06
3.306952379877461e-07	-1.333390e-06
4.437995133823612e-07	-1.535727e-06
4.655979855252423e-07	-1.524980e-06
5.091949298110046e-07	-1.518554e-06
5.963888183825291e-07	-1.518437e-06
7.707765955255781e-07	-1.516103e-06
1.119552149811676e-06	-1.522229e-06
1.689222017952657e-06	-1.521519e-06
2.396118455308188e-06	-1.519164e-06
3.398941274866276e-06	-1.508096e-06
5.089102328211127e-06	-1.488300e-06
8.469424434900830e-06	-1.412916e-06
1.523006864828024e-05	-8.526712e-07
2.523006864828024e-05	2.048874e-07
3.523006864828024e-05	6.115549e-07
4.523006864828024e-05	8.653890e-07
5.523006864828023e-05	8.380340e-07
6.523006864828023e-05	8.977917e-07
7.523006864828023e-05	9.106034e-07
8.523006864828023e-05	9.943781e-07
9.523006864828022e-05	9.711719e-07
1.000000009999994e-04	1.025541e-06
1.000000019999994e-04	1.025232e-06
1.000000179999994e-04	1.025903e-06
1.000000499999994e-04	1.025460e-06
1.000001139999994e-04	1.026134e-06
1.000002419999994e-04	1.026160e-06
1.000004979999994e-04	1.026140e-06
1.000010099999994e-04	1.024982e-06
1.000020339999994e-04	1.023233e-06
1.000040819999994e-04	1.019780e-06
1.000081779999994e-04	1.014946e-06
1.000163699999994e-04	1.008898e-06
1.000327539999994e-04	1.004705e-06
1.000655219999995e-04	1.003491e-06
1.001310579999995e-04	1.003630e-06
1.002621299999997e-04	1.003304e-06
1.005242740000000e-04	1.003891e-06
1.010485620000006e-04	1.004562e-06
1.020971380000018e-04	1.006481e-06
1.041942900000042e-04	1.009467e-06
1.083885940000089e-04	1.015416e-06
1.167772020000184e-04	1.024411e-06
1.267772020000184e-04	1.032047e-06
1.367772020000184e-04	1.035213e-06
1.467772020000184e-04	7.000480e-07
1.567772020000184e-04	2.811263e-07
1.667772020000184e-04	9.059671e-08
1.767772020000184e-04	2.222014e-08
1.867772020000184e-04	-1.325715e-08
1.967772020000184e-04	-5.109694e-08
2.067772020000184e-04	-5.788263e-08
2.167772020000184e-04	-8.108996e-08
2.267772020000184e-04	-8.266122e-08
2.367772020000184e-04	-1.018145e-07
2.467772020000184e-04	-1.015201e-07
2.567772020000184e-04	-1.190334e-07
2.667772020000184e-04	-9.214128e-08
2.767772020000184e-04	1.868472e-07
2.835310670063409e-04	-1.299959e-06
2.900097651985191e-04	-3.790727e-07
2.955519010219953e-04	-9.392570e-07
3.007019764923531e-04	-1.997016e-07
3.066665354848595e-04	-5.938979e-07
3.121238906876391e-04	5.946033e-07
3.176258009527081e-04	-5.194951e-07
3.233143742601884e-04	6.024081e-07
3.333143742601884e-04	-5.701983e-07
3.433143742601884e-04	5.577705e-07
3.533143742601884e-04	-6.288817e-07
3.633143742601884e-04	5.158317e-07
3.733143742601883e-04	-6.808320e-07
3.833143742601884e-04	4.806779e-07
3.933143742601883e-04	-7.248780e-07
4.033143742601884e-04	4.513811e-07
4.133143742601883e-04	-7.623028e-07
4.233143742601884e-04	4.272255e-07
4.333143742601883e-04	-7.940205e-07
4.433143742601884e-04	4.075359e-07
4.533143742601883e-04	-8.208535e-07
4.633143742601884e-04	3.975559e-07
4.733143742601883e-04	-6.905455e-07
4.833143742601884e-04	4.064634e-07
4.933143742601884e-04	-7.048189e-07
5.033143742601883e-04	3.989857e-07
5.133143742601883e-04	-6.991176e-07
5.233143742601884e-04	3.964369e-07
5.333143742601884e-04	-7.092132e-07
5.433143742601883e-04	3.850415e-07
5.533143742601883e-04	-7.232243e-07
5.633143742601884e-04	3.723567e-07
5.733143742601884e-04	-7.369796e-07
5.833143742601883e-04	3.606497e-07
5.933143742601883e-04	-7.492957e-07
6.033143742601884e-04	3.505025e-07
6.133143742601884e-04	-7.599544e-07
6.233143742601883e-04	3.419370e-07
6.333143742601883e-04	-7.690571e-07
6.433143742601884e-04	3.347962e-07
6.533143742601884e-04	-7.767978e-07
6.633143742601883e-04	3.288810e-07
6.733143742601883e-04	-7.833805e-07
6.833143742601883e-04	3.239992e-07
6.933143742601884e-04	-7.889915e-07
7.033143742601883e-04	3.199809e-07
7.133143742601883e-04	-7.937916e-07
7.233143742601883e-04	3.166816e-07
7.333143742601884e-04	-7.979161e-07
7.433143742601883e-04	3.139805e-07
7.533143742601883e-04	-8.014777e-07
7.633143742601883e-04	3.117773e-07
7.733143742601884e-04	-8.045699e-07
7.833143742601883e-04	3.099889e-07
7.933143742601883e-04	-8.072699e-07
8.033143742601883e-04	3.085470e-07
8.133143742601884e-04	-8.096416e-07
8.233143742601883e-04	3.073949e-07
8.333143742601883e-04	-8.117377e-07
8.433143742601883e-04	3.064857e-07
8.533143742601884e-04	-8.136021e-07
8.633143742601883e-04	3.057807e-07
8.733143742601883e-04	-8.152713e-07
8.833143742601883e-04	3.052477e-07
8.933143742601884e-04	-8.167752e-07
9.033143742601883e-04	3.048598e-07
9.133143742601883e-04	-8.181393e-07
9.233143742601883e-04	3.045949e-07
9.333143742601884e-04	-8.193845e-07
9.433143742601883e-04	3.044342e-07
9.533143742601883e-04	-8.205284e-07
9.633143742601883e-04	3.043621e-07
9.733143742601884e-04	-8.215860e-07
9.833143742601883e-04	3.043656e-07
9.933143742601883e-04	-8.225694e-07
1.000000000000000e-03	3.046292e-07
1.000000001000000e-03	2.485329e-07
1.000000017000000e-03	-1.786703e-06
1.000000049000000e-03	-1.025657e-06
1.000000113000000e-03	-7.663405e-07
1.000000241000000e-03	-7.263369e-07
1.000000497000000e-03	-6.111621e-07
1.000001009000000e-03	-5.097174e-07
1.000002033000000e-03	-3.091439e-07
1.000004081000000e-03	-2.862130e-07
1.000008177000000e-03	-2.312179e-07
1.000016369000001e-03	-2.872300e-07
1.000032753000001e-03	-2.311889e-07
1.000065521000002e-03	-2.873219e-07
1.000131057000004e-03	-2.311264e-07
1.000262129000007e-03	-2.873543e-07
1.000524273000015e-03	-2.311206e-07
1.001048561000029e-03	-2.873779e-07
1.002097137000058e-03	-2.311498e-07
1.004194289000116e-03	-2.874447e-07
1.008388593000232e-03	-2.312767e-07
1.016777201000463e-03	-2.876918e-07
1.026777201000463e-03	-2.316200e-07
1.036777201000463e-03	-2.880428e-07
1.046777201000463e-03	-2.319471e-07
1.056777201000463e-03	-2.883489e-07
1.066777201000463e-03	-2.322328e-07
1.076777201000463e-03	-2.886166e-07
1.086777201000463e-03	-2.324828e-07
1.096777201000463e-03	-2.888512e-07
1.106777201000463e-03	-2.327020e-07
1.116777201000463e-03	-2.890570e-07
1.126777201000463e-03	-2.328944e-07
1.136777201000463e-03	-2.892378e-07
1.146777201000463e-03	-2.330634e-07
1.156777201000463e-03	-2.893969e-07
1.166777201000463e-03	-2.332122e-07
1.176777201000463e-03	-2.895370e-07
1.186777201000463e-03	-2.333433e-07
1.196777201000463e-03	-2.896606e-07
1.206777201000463e-03	-2.334589e-07
1.216777201000463e-03	-2.897696e-07
1.226777201000463e-03	-2.335609e-07
1.236777201000463e-03	-2.898661e-07
1.246777201000463e-03	-2.336511e-07
1.256777201000463e-03	-2.899513e-07
1.266777201000463e-03	-2.337308e-07
1.276777201000463e-03	-2.900268e-07
1.286777201000463e-03	-2.338014e-07
1.296777201000463e-03	-2.900937e-07
1.306777201000463e-03	-2.338638e-07
1.316777201000463e-03	-2.901530e-07
1.326777201000463e-03	-2.339192e-07
1.336777201000463e-03	-2.902056e-07
1.346777201000463e-03	-2.339683e-07
1.356777201000463e-03	-2.902523e-07
1.366777201000463e-03	-2.340119e-07
1.376777201000463e-03	-2.902939e-07
1.386777201000463e-03	-2.340505e-07
1.396777201000463e-03	-2.903308e-07
1.406777201000463e-03	-2.340849e-07
1.416777201000463e-03	-2.903636e-07
1.426777201000463e-03	-2.341153e-07
1.436777201000463e-03	-2.903928e-07
1.446777201000463e-03	-2.341424e-07
1.456777201000463e-03	-2.904189e-07
1.466777201000463e-03	-2.341665e-07
1.476777201000463e-03	-2.904421e-07
1.486777201000463e-03	-2.341880e-07
1.496777201000463e-03	-2.904628e-07
1.506777201000463e-03	-2.342070e-07
1.516777201000463e-03	-2.904812e-07
1.526777201000463e-03	-2.342240e-07
1.536777201000463e-03	-2.904977e-07
1.546777201000463e-03	-2.342391e-07
1.556777201000463e-03	-2.905124e-07
1.566777201000463e-03	-2.342525e-07
1.576777201000463e-03	-2.905256e-07
1.586777201000463e-03	-2.342644e-07
1.596777201000463e-03	-2.905373e-07
1.606777201000463e-03	-2.342751e-07
1.616777201000463e-03	-2.905479e-07
1.626777201000463e-03	-2.342845e-07
1.636777201000463e-03	-2.905573e-07
1.646777201000463e-03	-2.342930e-07
1.656777201000463e-03	-2.905657e-07
1.666777201000463e-03	-2.343005e-07
1.676777201000463e-03	-2.905733e-07
1.686777201000463e-03	-2.343072e-07
1.696777201000463e-03	-2.905801e-07
1.706777201000463e-03	-2.343131e-07
1.716777201000463e-03	-2.905862e-07
1.726777201000463e-03	-2.343184e-07
1.736777201000463e-03	-2.905917e-07
1.746777201000463e-03	-2.343231e-07
1.756777201000463e-03	-2.905966e-07
1.766777201000463e-03	-2.343273e-07
1.776777201000463e-03	-2.906010e-07
1.786777201000463e-03	-2.343311e-07
1.796777201000463e-03	-2.906050e-07
1.806777201000463e-03	-2.343344e-07
1.816777201000463e-03	-2.906087e-07
1.826777201000463e-03	-2.343373e-07
1.836777201000463e-03	-2.906120e-07
1.846777201000463e-03	-2.343400e-07
1.856777201000463e-03	-2.906149e-07
1.866777201000463e-03	-2.343423e-07
1.876777201000463e-03	-2.906176e-07
1.886777201000463e-03	-2.343444e-07
1.896777201000463e-03	-2.906200e-07
1.906777201000463e-03	-2.343462e-07
1.916777201000463e-03	-2.906222e-07
1.926777201000463e-03	-2.343479e-07
1.936777201000463e-03	-2.906243e-07
1.946777201000463e-03	-2.343493e-07
1.956777201000463e-03	-2.906261e-07
1.966777201000463e-03	-2.343506e-07
1.976777201000463e-03	-2.906278e-07
1.986777201000463e-03	-2.343517e-07
1.996777201000463e-03	-2.906293e-07
2.006777201000463e-03	-2.343527e-07
2.016777201000463e-03	-2.906307e-07
2.026777201000463e-03	-2.343536e-07
2.036777201000463e-03	-2.906320e-07
2.046777201000463e-03	-2.343543e-07
2.056777201000463e-03	-2.906332e-07
2.066777201000463e-03	-2.343550e-07
2.076777201000463e-03	-2.906344e-07
2.086777201000463e-03	-2.343556e-07
2.096777201000463e-03	-2.906354e-07
2.106777201000463e-03	-2.343561e-07
2.116777201000463e-03	-2.906364e-07
2.126777201000463e-03	-2.343565e-07
2.136777201000463e-03	-2.906372e-07
2.146777201000463e-03	-2.343569e-07
2.156777201000463e-03	-2.906381e-07
2.166777201000463e-03	-2.343573e-07
2.176777201000463e-03	-2.906389e-07
2.186777201000463e-03	-2.343575e-07
2.196777201000463e-03	-2.906396e-07
2.206777201000463e-03	-2.343578e-07
2.216777201000463e-03	-2.906403e-07
2.226777201000463e-03	-2.343580e-07
2.236777201000463e-03	-2.906410e-07
2.246777201000463e-03	-2.343581e-07
2.256777201000463e-03	-2.906416e-07
2.266777201000463e-03	-2.343583e-07
2.276777201000463e-03	-2.906422e-07
2.286777201000463e-03	-2.343583e-07
2.296777201000463e-03	-2.906428e-07
2.306777201000463e-03	-2.343584e-07
2.316777201000463e-03	-2.906433e-07
2.326777201000463e-03	-2.343585e-07
2.336777201000463e-03	-2.906438e-07
2.346777201000463e-03	-2.343585e-07
2.356777201000463e-03	-2.906443e-07
2.366777201000463e-03	-2.343585e-07
2.376777201000463e-03	-2.906448e-07
2.386777201000463e-03	-2.343585e-07
2.396777201000463e-03	-2.906453e-07
2.406777201000463e-03	-2.343584e-07
2.416777201000463e-03	-2.906457e-07
2.426777201000463e-03	-2.343584e-07
2.436777201000463e-03	-2.906461e-07
2.446777201000463e-03	-2.343583e-07
2.456777201000463e-03	-2.906465e-07
2.466777201000463e-03	-2.343583e-07
2.476777201000463e-03	-2.906470e-07
2.486777201000463e-03	-2.343582e-07
2.496777201000463e-03	-2.906474e-07
2.506777201000463e-03	-2.343581e-07
2.516777201000463e-03	-2.906477e-07
2.526777201000463e-03	-2.343580e-07
2.536777201000463e-03	-2.906481e-07
2.546777201000463e-03	-2.343579e-07
2.556777201000463e-03	-2.906485e-07
2.566777201000463e-03	-2.343578e-07
2.576777201000463e-03	-2.906489e-07
2.586777201000463e-03	-2.343577e-07
2.596777201000463e-03	-2.906492e-07
2.606777201000463e-03	-2.343575e-07
2.616777201000463e-03	-2.906496e-07
2.626777201000463e-03	-2.343574e-07
2.636777201000463e-03	-2.906499e-07
2.646777201000463e-03	-2.343573e-07
2.656777201000463e-03	-2.906503e-07
2.666777201000463e-03	-2.343571e-07
2.676777201000463e-03	-2.906506e-07
2.686777201000463e-03	-2.343570e-07
2.696777201000463e-03	-2.906509e-07
2.706777201000463e-03	-2.343568e-07
2.716777201000463e-03	-2.906513e-07
2.726777201000463e-03	-2.343566e-07
2.736777201000463e-03	-2.906516e-07
2.746777201000463e-03	-2.343565e-07
2.756777201000463e-03	-2.906519e-07
2.766777201000463e-03	-2.343563e-07
2.776777201000463e-03	-2.906522e-07
2.786777201000463e-03	-2.343562e-07
2.796777201000463e-03	-2.906525e-07
2.806777201000463e-03	-2.343560e-07
2.816777201000463e-03	-2.906528e-07
2.826777201000463e-03	-2.343558e-07
2.836777201000463e-03	-2.906532e-07
2.846777201000463e-03	-2.343556e-07
2.856777201000463e-03	-2.906535e-07
2.866777201000463e-03	-2.343555e-07
2.876777201000463e-03	-2.906538e-07
2.886777201000463e-03	-2.343553e-07
2.896777201000463e-03	-2.906541e-07
2.906777201000463e-03	-2.343551e-07
2.916777201000463e-03	-2.906544e-07
2.926777201000463e-03	-2.343549e-07
2.936777201000463e-03	-2.906547e-07
2.946777201000463e-03	-2.343547e-07
2.956777201000463e-03	-2.906550e-07
2.966777201000463e-03	-2.343545e-07
2.976777201000463e-03	-2.906552e-07
2.986777201000463e-03	-2.343543e-07
2.996777201000463e-03	-2.906555e-07
3.006777201000463e-03	-2.343541e-07
3.016777201000463e-03	-2.906558e-07
3.026777201000463e-03	-2.343539e-07
3.036777201000463e-03	-2.906561e-07
3.046777201000463e-03	-2.343537e-07
3.056777201000463e-03	-2.906564e-07
3.066777201000463e-03	-2.343535e-07
3.076777201000463e-03	-2.906567e-07
3.086777201000463e-03	-2.343534e-07
3.096777201000463e-03	-2.906570e-07
3.106777201000463e-03	-2.343532e-07
3.116777201000463e-03	-2.906573e-07
3.126777201000463e-03	-2.343530e-07
3.136777201000463e-03	-2.906575e-07
3.146777201000463e-03	-2.343528e-07
3.156777201000463e-03	-2.906578e-07
3.166777201000463e-03	-2.343525e-07
3.176777201000463e-03	-2.906581e-07
3.186777201000463e-03	-2.343523e-07
3.196777201000463e-03	-2.906584e-07
3.206777201000463e-03	-2.343521e-07
3.216777201000463e-03	-2.906586e-07
3.226777201000463e-03	-2.343519e-07
3.236777201000463e-03	-2.906589e-07
3.246777201000463e-03	-2.343517e-07
3.256777201000463e-03	-2.906592e-07
3.266777201000463e-03	-2.343515e-07
3.276777201000463e-03	-2.906595e-07
3.286777201000463e-03	-2.343513e-07
3.296777201000463e-03	-2.906597e-07
3.306777201000463e-03	-2.343511e-07
3.316777201000463e-03	-2.906600e-07
3.326777201000463e-03	-2.343509e-07
3.336777201000463e-03	-2.906603e-07
3.346777201000463e-03	-2.343507e-07
3.356777201000463e-03	-2.906606e-07
3.366777201000463e-03	-2.343504e-07
3.376777201000463e-03	-2.906608e-07
3.386777201000463e-03	-2.343502e-07
3.396777201000463e-03	-2.906611e-07
3.406777201000463e-03	-2.343500e-07
3.416777201000463e-03	-2.906613e-07
3.426777201000463e-03	-2.343498e-07
3.436777201000463e-03	-2.906616e-07
3.446777201000463e-03	-2.343496e-07
3.456777201000463e-03	-2.906619e-07
3.466777201000463e-03	-2.343494e-07
3.476777201000463e-03	-2.906621e-07
3.486777201000463e-03	-2.343491e-07
3.496777201000463e-03	-2.906624e-07
3.506777201000463e-03	-2.343489e-07
3.516777201000463e-03	-2.906627e-07
3.526777201000463e-03	-2.343487e-07
3.536777201000463e-03	-2.906629e-07
3.546777201000463e-03	-2.343485e-07
3.556777201000463e-03	-2.906632e-07
3.566777201000463e-03	-2.343482e-07
3.576777201000463e-03	-2.906635e-07
3.586777201000463e-03	-2.343480e-07
3.596777201000463e-03	-2.906637e-07
3.606777201000463e-03	-2.343478e-07
3.616777201000463e-03	-2.906640e-07
3.626777201000463e-03	-2.343476e-07
3.636777201000463e-03	-2.906642e-07
3.646777201000463e-03	-2.343474e-07
3.656777201000463e-03	-2.906645e-07
3.666777201000463e-03	-2.343471e-07
3.676777201000463e-03	-2.906648e-07
3.686777201000463e-03	-2.343469e-07
3.696777201000463e-03	-2.906650e-07
3.706777201000463e-03	-2.343467e-07
3.716777201000463e-03	-2.906653e-07
3.726777201000463e-03	-2.343465e-07
3.736777201000463e-03	-2.906655e-07
3.746777201000463e-03	-2.343462e-07
3.756777201000463e-03	-2.906658e-07
3.766777201000463e-03	-2.343460e-07
3.776777201000463e-03	-2.906660e-07
3.786777201000463e-03	-2.343458e-07
3.796777201000463e-03	-2.906663e-07
3.806777201000463e-03	-2.343455e-07
3.816777201000463e-03	-2.906665e-07
3.826777201000463e-03	-2.343453e-07
3.836777201000463e-03	-2.906668e-07
3.846777201000463e-03	-2.343451e-07
3.856777201000463e-03	-2.906671e-07
3.866777201000463e-03	-2.343449e-07
3.876777201000463e-03	-2.906673e-07
3.886777201000463e-03	-2.343446e-07
3.896777201000463e-03	-2.906676e-07
3.906777201000463e-03	-2.343444e-07
3.916777201000463e-03	-2.906678e-07
3.926777201000463e-03	-2.343442e-07
3.936777201000463e-03	-2.906681e-07
3.946777201000463e-03	-2.343440e-07
3.956777201000463e-03	-2.906683e-07
3.966777201000463e-03	-2.343437e-07
3.976777201000463e-03	-2.906686e-07
3.986777201000463e-03	-2.343435e-07
3.996777201000463e-03	-2.906688e-07
4.006777201000463e-03	-2.343433e-07
4.016777201000463e-03	-2.906691e-07
4.026777201000463e-03	-2.343430e-07
4.036777201000463e-03	-2.906693e-07
4.046777201000462e-03	-2.343428e-07
4.056777201000463e-03	-2.906696e-07
4.066777201000463e-03	-2.343426e-07
4.076777201000463e-03	-2.906698e-07
4.086777201000463e-03	-2.343423e-07
4.096777201000463e-03	-2.906701e-07
4.106777201000463e-03	-2.343421e-07
4.116777201000463e-03	-2.906703e-07
4.126777201000463e-03	-2.343419e-07
4.136777201000463e-03	-2.906706e-07
4.146777201000463e-03	-2.343416e-07
4.156777201000463e-03	-2.906708e-07
4.166777201000463e-03	-2.343414e-07
4.176777201000463e-03	-2.906711e-07
4.186777201000463e-03	-2.343412e-07
4.196777201000462e-03	-2.906713e-07
4.206777201000463e-03	-2.343409e-07
4.216777201000462e-03	-2.906716e-07
4.226777201000463e-03	-2.343407e-07
4.236777201000463e-03	-2.906718e-07
4.246777201000463e-03	-2.343405e-07
4.256777201000463e-03	-2.906721e-07
4.266777201000463e-03	-2.343402e-07
4.276777201000463e-03	-2.906723e-07
4.286777201000463e-03	-2.343400e-07
4.296777201000463e-03	-2.906726e-07
4.306777201000463e-03	-2.343398e-07
4.316777201000463e-03	-2.906728e-07
4.326777201000463e-03	-2.343395e-07
4.336777201000463e-03	-2.906731e-07
4.346777201000463e-03	-2.343393e-07
4.356777201000463e-03	-2.906733e-07
4.366777201000462e-03	-2.343391e-07
4.376777201000463e-03	-2.906736e-07
4.386777201000462e-03	-2.343388e-07
4.396777201000463e-03	-2.906738e-07
4.406777201000463e-03	-2.343386e-07
4.416777201000463e-03	-2.906741e-07
4.426777201000463e-03	-2.343384e-07
4.436777201000463e-03	-2.906743e-07
4.446777201000463e-03	-2.343381e-07
4.456777201000463e-03	-2.906745e-07
4.466777201000463e-03	-2.343379e-07
4.476777201000463e-03	-2.906748e-07
4.486777201000463e-03	-2.343376e-07
4.496777201000463e-03	-2.906750e-07
4.506777201000463e-03	-2.343374e-07
4.516777201000462e-03	-2.906753e-07
4.526777201000463e-03	-2.343372e-07
4.536777201000462e-03	-2.906755e-07
4.546777201000463e-03	-2.343369e-07
4.556777201000463e-03	-2.906758e-07
4.566777201000463e-03	-2.343367e-07
4.576777201000463e-03	-2.906760e-07
4.586777201000463e-03	-2.343365e-07
4.596777201000463e-03	-2.906763e-07
4.606777201000463e-03	-2.343362e-07
4.616777201000463e-03	-2.906765e-07
4.626777201000463e-03	-2.343360e-07
4.636777201000463e-03	-2.906768e-07
4.646777201000463e-03	-2.343358e-07
4.656777201000463e-03	-2.906770e-07
4.666777201000463e-03	-2.343355e-07
4.676777201000463e-03	-2.906772e-07
4.686777201000462e-03	-2.343353e-07
4.696777201000463e-03	-2.906775e-07
4.706777201000462e-03	-2.343350e-07
4.716777201000463e-03	-2.906777e-07
4.726777201000463e-03	-2.343348e-07
4.736777201000463e-03	-2.906780e-07
4.746777201000463e-03	-2.343346e-07
4.756777201000463e-03	-2.906782e-07
4.766777201000463e-03	-2.343343e-07
4.776777201000463e-03	-2.906785e-07
4.786777201000463e-03	-2.343341e-07
4.796777201000463e-03	-2.906787e-07
4.806777201000463e-03	-2.343339e-07
4.816777201000463e-03	-2.906790e-07
4.826777201000463e-03	-2.343336e-07
4.836777201000462e-03	-2.906792e-07
4.846777201000463e-03	-2.343334e-07
4.856777201000462e-03	-2.906795e-07
4.866777201000463e-03	-2.343331e-07
4.876777201000462e-03	-2.906797e-07
4.886777201000463e-03	-2.343329e-07
4.896777201000463e-03	-2.906799e-07
4.906777201000463e-03	-2.343327e-07
4.916777201000463e-03	-2.906802e-07
4.926777201000463e-03	-2.343324e-07
4.936777201000463e-03	-2.906804e-07
4.946777201000463e-03	-2.343322e-07
4.956777201000463e-03	-2.906807e-07
4.966777201000463e-03	-2.343319e-07
4.976777201000463e-03	-2.906809e-07
4.986777201000463e-03	-2.343317e-07
4.996777201000463e-03	-2.906812e-07
5.006777201000462e-03	-2.343315e-07
5.016777201000463e-03	-2.906814e-07
5.026777201000462e-03	-2.343312e-07
5.036777201000463e-03	-2.906816e-07
5.046777201000462e-03	-2.343310e-07
5.056777201000463e-03	-2.906819e-07
5.066777201000463e-03	-2.343308e-07
5.076777201000463e-03	-2.906821e-07
5.086777201000463e-03	-2.343305e-07
5.096777201000463e-03	-2.906824e-07
5.106777201000463e-03	-2.343303e-07
5.116777201000463e-03	-2.906826e-07
5.126777201000463e-03	-2.343300e-07
5.136777201000463e-03	-2.906829e-07
5.146777201000463e-03	-2.343298e-07
5.156777201000462e-03	-2.906831e-07
5.166777201000463e-03	-2.343296e-07
5.176777201000462e-03	-2.906833e-07
5.186777201000463e-03	-2.343293e-07
5.196777201000462e-03	-2.906836e-07
5.206777201000463e-03	-2.343291e-07
5.216777201000463e-03	-2.906838e-07
5.226777201000463e-03	-2.343288e-07
5.236777201000463e-03	-2.906841e-07
5.246777201000463e-03	-2.343286e-07
5.256777201000463e-03	-2.906843e-07
5.266777201000463e-03	-2.343284e-07
5.276777201000463e-03	-2.906846e-07
5.286777201000463e-03	-2.343281e-07
5.296777201000463e-03	-2.906848e-07
5.306777201000463e-03	-2.343279e-07
5.316777201000463e-03	-2.906851e-07
5.326777201000462e-03	-2.343276e-07
5.336777201000463e-03	-2.906853e-07
5.346777201000462e-03	-2.343274e-07
5.356777201000463e-03	-2.906855e-07
5.366777201000462e-03	-2.343272e-07
5.376777201000463e-03	-2.906858e-07
5.386777201000463e-03	-2.343269e-07
5.396777201000463e-03	-2.906860e-07
5.406777201000463e-03	-2.343267e-07
5.416777201000463e-03	-2.906862e-07
5.426777201000463e-03	-2.343264e-07
5.436777201000463e-03	-2.906865e-07
5.446777201000463e-03	-2.343262e-07
5.456777201000463e-03	-2.906867e-07
5.466777201000463e-03	-2.343260e-07
5.476777201000462e-03	-2.906870e-07
5.486777201000463e-03	-2.343257e-07
5.496777201000462e-03	-2.906872e-07
5.506777201000463e-03	-2.343255e-07
5.516777201000462e-03	-2.906875e-07
5.526777201000463e-03	-2.343252e-07
5.536777201000462e-03	-2.906877e-07
5.546777201000463e-03	-2.343250e-07
5.556777201000463e-03	-2.906880e-07
5.566777201000463e-03	-2.343248e-07
5.576777201000463e-03	-2.906882e-07
5.586777201000463e-03	-2.343245e-07
5.596777201000463e-03	-2.906884e-07
5.606777201000463e-03	-2.343243e-07
5.616777201000463e-03	-2.906887e-07
5.626777201000463e-03	-2.343240e-07
5.636777201000463e-03	-2.906889e-07
5.646777201000462e-03	-2.343238e-07
5.656777201000463e-03	-2.906892e-07
5.666777201000462e-03	-2.343236e-07
5.676777201000463e-03	-2.906894e-07
5.686777201000462e-03	-2.343233e-07
5.696777201000463e-03	-2.906897e-07
5.706777201000462e-03	-2.343231e-07
5.716777201000463e-03	-2.906899e-07
5.726777201000463e-03	-2.343228e-07
5.736777201000463e-03	-2.906901e-07
5.746777201000463e-03	-2.343226e-07
5.756777201000463e-03	-2.906904e-07
5.766777201000463e-03	-2.343224e-07
5.776777201000463e-03	-2.906906e-07
5.786777201000463e-03	-2.343221e-07
5.796777201000462e-03	-2.906908e-07
5.806777201000463e-03	-2.343219e-07
5.816777201000462e-03	-2.906911e-07
5.826777201000463e-03	-2.343216e-07
5.836777201000462e-03	-2.906913e-07
5.846777201000463e-03	-2.343214e-07
5.856777201000462e-03	-2.906916e-07
5.866777201000463e-03	-2.343212e-07
5.876777201000462e-03	-2.906918e-07
5.886777201000463e-03	-2.343209e-07
5.896777201000463e-03	-2.906921e-07
5.906777201000463e-03	-2.343207e-07
5.916777201000463e-03	-2.906923e-07
5.926777201000463e-03	-2.343204e-07
5.936777201000463e-03	-2.906926e-07
5.946777201000463e-03	-2.343202e-07
5.956777201000463e-03	-2.906928e-07
5.966777201000462e-03	-2.343200e-07
5.976777201000463e-03	-2.906930e-07
5.986777201000462e-03	-2.343197e-07
5.996777201000463e-03	-2.906933e-07
6.006777201000462e-03	-2.343195e-07
6.016777201000463e-03	-2.906935e-07
6.026777201000462e-03	-2.343192e-07
6.036777201000463e-03	-2.906937e-07
6.046777201000463e-03	-2.343190e-07
6.056777201000463e-03	-2.906940e-07
6.066777201000463e-03	-2.343188e-07
6.076777201000463e-03	-2.906942e-07
6.086777201000463e-03	-2.343185e-07
6.096777201000463e-03	-2.906945e-07
6.106777201000463e-03	-2.343183e-07
6.116777201000462e-03	-2.906947e-07
6.126777201000463e-03	-2.343180e-07
6.136777201000462e-03	-2.906950e-07
6.146777201000463e-03	-2.343178e-07
6.156777201000462e-03	-2.906952e-07
6.166777201000463e-03	-2.343176e-07
6.176777201000462e-03	-2.906955e-07
6.186777201000463e-03	-2.343173e-07
6.196777201000462e-03	-2.906957e-07
6.206777201000463e-03	-2.343171e-07
6.216777201000463e-03	-2.906959e-07
6.226777201000463e-03	-2.343168e-07
6.236777201000463e-03	-2.906962e-07
6.246777201000463e-03	-2.343166e-07
6.256777201000463e-03	-2.906964e-07
6.266777201000463e-03	-2.343163e-07
6.276777201000463e-03	-2.906966e-07
6.286777201000462e-03	-2.343161e-07
6.296777201000463e-03	-2.906969e-07
6.306777201000462e-03	-2.343159e-07
6.316777201000463e-03	-2.906971e-07
6.326777201000462e-03	-2.343156e-07
6.336777201000463e-03	-2.906974e-07
6.346777201000462e-03	-2.343154e-07
6.356777201000463e-03	-2.906976e-07
6.366777201000462e-03	-2.343152e-07
6.376777201000463e-03	-2.906979e-07
6.386777201000463e-03	-2.343149e-07
6.396777201000463e-03	-2.906981e-07
6.406777201000463e-03	-2.343147e-07
6.416777201000463e-03	-2.906983e-07
6.426777201000463e-03	-2.343144e-07
6.436777201000462e-03	-2.906986e-07
6.446777201000463e-03	-2.343142e-07
6.456777201000462e-03	-2.906988e-07
6.466777201000463e-03	-2.343139e-07
6.476777201000462e-03	-2.906991e-07
6.486777201000463e-03	-2.343137e-07
6.496777201000462e-03	-2.906993e-07
6.506777201000463e-03	-2.343135e-07
6.516777201000462e-03	-2.906995e-07
6.526777201000463e-03	-2.343132e-07
6.536777201000462e-03	-2.906998e-07
6.546777201000463e-03	-2.343130e-07
6.556777201000463e-03	-2.907000e-07
6.566777201000463e-03	-2.343127e-07
6.576777201000463e-03	-2.907003e-07
6.586777201000463e-03	-2.343125e-07
6.596777201000463e-03	-2.907005e-07
6.606777201000462e-03	-2.343123e-07
6.616777201000463e-03	-2.907007e-07
6.626777201000462e-03	-2.343120e-07
6.636777201000463e-03	-2.907010e-07
6.646777201000462e-03	-2.343118e-07
6.656777201000463e-03	-2.907012e-07
6.666777201000462e-03	-2.343115e-07
6.676777201000463e-03	-2.907015e-07
6.686777201000462e-03	-2.343113e-07
6.696777201000463e-03	-2.907017e-07
6.706777201000463e-03	-2.343111e-07
6.716777201000463e-03	-2.907020e-07
6.726777201000463e-03	-2.343108e-07
6.736777201000463e-03	-2.907022e-07
6.746777201000463e-03	-2.343106e-07
6.756777201000462e-03	-2.907024e-07
6.766777201000463e-03	-2.343103e-07
6.776777201000462e-03	-2.907027e-07
6.786777201000463e-03	-2.343101e-07
6.796777201000462e-03	-2.907029e-07
6.806777201000463e-03	-2.343099e-07
6.816777201000462e-03	-2.907032e-07
6.826777201000463e-03	-2.343096e-07
6.836777201000462e-03	-2.907034e-07
6.846777201000463e-03	-2.343094e-07
6.856777201000462e-03	-2.907036e-07
6.866777201000463e-03	-2.343091e-07
6.876777201000463e-03	-2.907039e-07
6.886777201000463e-03	-2.343089e-07
6.896777201000463e-03	-2.907041e-07
6.906777201000463e-03	-2.343087e-07
6.916777201000463e-03	-2.907044e-07
6.926777201000462e-03	-2.343084e-07
6.936777201000463e-03	-2.907046e-07
6.946777201000462e-03	-2.343082e-07
6.956777201000463e-03	-2.907048e-07
6.966777201000462e-03	-2.343079e-07
6.976777201000463e-03	-2.907051e-07
6.986777201000462e-03	-2.343077e-07
6.996777201000463e-03	-2.907053e-07
7.006777201000462e-03	-2.343074e-07
7.016777201000463e-03	-2.907056e-07
7.026777201000462e-03	-2.343072e-07
7.036777201000463e-03	-2.907058e-07
7.046777201000463e-03	-2.343070e-07
7.056777201000463e-03	-2.907061e-07
7.066777201000463e-03	-2.343067e-07
7.076777201000462e-03	-2.907063e-07
7.086777201000463e-03	-2.343065e-07
7.096777201000462e-03	-2.907065e-07
7.106777201000463e-03	-2.343062e-07
7.116777201000462e-03	-2.907068e-07
7.126777201000463e-03	-2.343060e-07
7.136777201000462e-03	-2.907070e-07
7.146777201000463e-03	-2.343058e-07
7.156777201000462e-03	-2.907072e-07
7.166777201000463e-03	-2.343055e-07
7.176777201000462e-03	-2.907075e-07
7.186777201000463e-03	-2.343053e-07
7.196777201000462e-03	-2.907077e-07
7.206777201000463e-03	-2.343050e-07
7.216777201000463e-03	-2.907080e-07
7.226777201000463e-03	-2.343048e-07
7.236777201000463e-03	-2.907082e-07
7.246777201000462e-03	-2.343046e-07
7.256777201000463e-03	-2.907085e-07
7.266777201000462e-03	-2.343043e-07
7.276777201000463e-03	-2.907087e-07
7.286777201000462e-03	-2.343041e-07
7.296777201000463e-03	-2.907090e-07
7.306777201000462e-03	-2.343038e-07
7.316777201000463e-03	-2.907092e-07
7.326777201000462e-03	-2.343036e-07
7.336777201000463e-03	-2.907094e-07
7.346777201000462e-03	-2.343034e-07
7.356777201000463e-03	-2.907097e-07
7.366777201000463e-03	-2.343031e-07
7.376777201000463e-03	-2.907099e-07
7.386777201000463e-03	-2.343029e-07
7.396777201000462e-03	-2.907101e-07
7.406777201000463e-03	-2.343026e-07
7.416777201000462e-03	-2.907104e-07
7.426777201000463e-03	-2.343024e-07
7.436777201000462e-03	-2.907106e-07
7.446777201000463e-03	-2.343021e-07
7.456777201000462e-03	-2.907109e-07
7.466777201000463e-03	-2.343019e-07
7.476777201000462e-03	-2.907111e-07
7.486777201000463e-03	-2.343017e-07
7.496777201000462e-03	-2.907113e-07
7.506777201000463e-03	-2.343014e-07
7.516777201000462e-03	-2.907116e-07
7.526777201000463e-03	-2.343012e-07
7.536777201000463e-03	-2.907118e-07
7.546777201000463e-03	-2.343009e-07
7.556777201000463e-03	-2.907121e-07
7.566777201000462e-03	-2.343007e-07
7.576777201000463e-03	-2.907123e-07
7.586777201000462e-03	-2.343005e-07
7.596777201000463e-03	-2.907126e-07
7.606777201000462e-03	-2.343002e-07
7.616777201000463e-03	-2.907128e-07
7.626777201000462e-03	-2.343000e-07
7.636777201000463e-03	-2.907130e-07
7.646777201000462e-03	-2.342997e-07
7.656777201000463e-03	-2.907133e-07
7.666777201000462e-03	-2.342995e-07
7.676777201000463e-03	-2.907135e-07
7.686777201000462e-03	-2.342993e-07
7.696777201000463e-03	-2.907138e-07
7.706777201000463e-03	-2.342990e-07
7.716777201000462e-03	-2.907140e-07
7.726777201000463e-03	-2.342988e-07
7.736777201000462e-03	-2.907142e-07
7.746777201000463e-03	-2.342985e-07
7.756777201000462e-03	-2.907145e-07
7.766777201000463e-03	-2.342983e-07
7.776777201000462e-03	-2.907147e-07
7.786777201000463e-03	-2.342981e-07
7.796777201000462e-03	-2.907150e-07
7.806777201000463e-03	-2.342978e-07
7.816777201000463e-03	-2.907152e-07
7.826777201000463e-03	-2.342976e-07
7.836777201000462e-03	-2.907154e-07
7.846777201000462e-03	-2.342973e-07
7.856777201000463e-03	-2.907157e-07
7.866777201000463e-03	-2.342971e-07
7.876777201000463e-03	-2.907159e-07
7.886777201000462e-03	-2.342968e-07
7.896777201000462e-03	-2.907162e-07
7.906777201000463e-03	-2.342966e-07
7.916777201000463e-03	-2.907164e-07
7.926777201000462e-03	-2.342964e-07
7.936777201000462e-03	-2.907167e-07
7.946777201000463e-03	-2.342961e-07
7.956777201000463e-03	-2.907169e-07
7.966777201000462e-03	-2.342959e-07
7.976777201000462e-03	-2.907171e-07
7.986777201000463e-03	-2.342957e-07
7.996777201000463e-03	-2.907174e-07
8.006777201000462e-03	-2.342954e-07
8.016777201000462e-03	-2.907176e-07
8.026777201000463e-03	-2.342952e-07
8.036777201000463e-03	-2.907178e-07
8.046777201000463e-03	-2.342949e-07
8.056777201000462e-03	-2.907181e-07
8.066777201000462e-03	-2.342947e-07
8.076777201000463e-03	-2.907183e-07
8.086777201000463e-03	-2.342944e-07
8.096777201000462e-03	-2.907186e-07
8.106777201000462e-03	-2.342942e-07
8.116777201000463e-03	-2.907188e-07
8.126777201000463e-03	-2.342940e-07
8.136777201000462e-03	-2.907191e-07
8.146777201000462e-03	-2.342937e-07
8.156777201000463e-03	-2.907193e-07
8.166777201000463e-03	-2.342935e-07
8.176777201000462e-03	-2.907196e-07
8.186777201000462e-03	-2.342932e-07
8.196777201000462e-03	-2.907198e-07
8.206777201000463e-03	-2.342930e-07
8.216777201000463e-03	-2.907200e-07
8.226777201000462e-03	-2.342928e-07
8.236777201000462e-03	-2.907203e-07
8.246777201000463e-03	-2.342925e-07
8.256777201000463e-03	-2.907205e-07
8.266777201000462e-03	-2.342923e-07
8.276777201000462e-03	-2.907207e-07
8.286777201000463e-03	-2.342920e-07
8.296777201000463e-03	-2.907210e-07
8.306777201000462e-03	-2.342918e-07
8.316777201000462e-03	-2.907212e-07
8.326777201000463e-03	-2.342916e-07
8.336777201000463e-03	-2.907215e-07
8.346777201000462e-03	-2.342913e-07
8.356777201000462e-03	-2.907217e-07
8.366777201000462e-03	-2.342911e-07
8.376777201000463e-03	-2.907219e-07
8.386777201000463e-03	-2.342908e-07
8.396777201000462e-03	-2.907222e-07
8.406777201000462e-03	-2.342906e-07
8.416777201000463e-03	-2.907224e-07
8.426777201000463e-03	-2.342904e-07
8.436777201000462e-03	-2.907227e-07
8.446777201000462e-03	-2.342901e-07
8.456777201000463e-03	-2.907229e-07
8.466777201000463e-03	-2.342899e-07
8.476777201000462e-03	-2.907232e-07
8.486777201000462e-03	-2.342896e-07
8.496777201000463e-03	-2.907234e-07
8.506777201000463e-03	-2.342894e-07
8.516777201000462e-03	-2.907236e-07
8.526777201000462e-03	-2.342891e-07
8.536777201000462e-03	-2.907239e-07
8.546777201000463e-03	-2.342889e-07
8.556777201000463e-03	-2.907241e-07
8.566777201000462e-03	-2.342887e-07
8.576777201000462e-03	-2.907244e-07
8.586777201000463e-03	-2.342884e-07
8.596777201000463e-03	-2.907246e-07
8.606777201000462e-03	-2.342882e-07
8.616777201000462e-03	-2.907248e-07
8.626777201000463e-03	-2.342879e-07
8.636777201000463e-03	-2.907251e-07
8.646777201000462e-03	-2.342877e-07
8.656777201000462e-03	-2.907253e-07
8.666777201000463e-03	-2.342875e-07
8.676777201000463e-03	-2.907256e-07
8.686777201000462e-03	-2.342872e-07
8.696777201000462e-03	-2.907258e-07
8.706777201000462e-03	-2.342870e-07
8.716777201000463e-03	-2.907260e-07
8.726777201000463e-03	-2.342867e-07
8.736777201000462e-03	-2.907263e-07
8.746777201000462e-03	-2.342865e-07
8.756777201000463e-03	-2.907265e-07
8.766777201000463e-03	-2.342863e-07
8.776777201000462e-03	-2.907268e-07
8.786777201000462e-03	-2.342860e-07
8.796777201000463e-03	-2.907270e-07
8.806777201000463e-03	-2.342858e-07
8.816777201000462e-03	-2.907273e-07
8.826777201000462e-03	-2.342855e-07
8.836777201000462e-03	-2.907275e-07
8.846777201000463e-03	-2.342853e-07
8.856777201000463e-03	-2.907277e-07
8.866777201000462e-03	-2.342851e-07
8.876777201000462e-03	-2.907280e-07
8.886777201000463e-03	-2.342848e-07
8.896777201000463e-03	-2.907282e-07
8.906777201000462e-03	-2.342846e-07
8.916777201000462e-03	-2.907285e-07
8.926777201000463e-03	-2.342843e-07
8.936777201000463e-03	-2.907287e-07
8.946777201000462e-03	-2.342841e-07
8.956777201000462e-03	-2.907289e-07
8.966777201000463e-03	-2.342838e-07
8.976777201000463e-03	-2.907292e-07
8.986777201000462e-03	-2.342836e-07
8.996777201000462e-03	-2.907294e-07
9.006777201000462e-03	-2.342834e-07
9.016777201000463e-03	-2.907296e-07
9.026777201000463e-03	-2.342831e-07
9.036777201000462e-03	-2.907299e-07
9.046777201000462e-03	-2.342829e-07
9.056777201000463e-03	-2.907301e-07
9.066777201000463e-03	-2.342827e-07
9.076777201000462e-03	-2.907304e-07
9.086777201000462e-03	-2.342824e-07
9.096777201000463e-03	-2.907306e-07
9.106777201000463e-03	-2.342822e-07
9.116777201000462e-03	-2.907309e-07
9.126777201000462e-03	-2.342819e-07
9.136777201000463e-03	-2.907311e-07
9.146777201000463e-03	-2.342817e-07
9.156777201000462e-03	-2.907314e-07
9.166777201000462e-03	-2.342814e-07
9.176777201000462e-03	-2.907316e-07
9.186777201000463e-03	-2.342812e-07
9.196777201000463e-03	-2.907318e-07
9.206777201000462e-03	-2.342810e-07
9.216777201000462e-03	-2.907321e-07
9.226777201000463e-03	-2.342807e-07
9.236777201000463e-03	-2.907323e-07
9.246777201000462e-03	-2.342805e-07
9.256777201000462e-03	-2.907325e-07
9.266777201000463e-03	-2.342802e-07
9.276777201000463e-03	-2.907328e-07
9.286777201000462e-03	-2.342800e-07
9.296777201000462e-03	-2.907330e-07
9.306777201000463e-03	-2.342798e-07
9.316777201000463e-03	-2.907333e-07
9.326777201000462e-03	-2.342795e-07
9.336777201000462e-03	-2.907335e-07
9.346777201000462e-03	-2.342793e-07
9.356777201000463e-03	-2.907337e-07
9.366777201000463e-03	-2.342790e-07
9.376777201000462e-03	-2.907340e-07
9.386777201000462e-03	-2.342788e-07
9.396777201000463e-03	-2.907342e-07
9.406777201000463e-03	-2.342786e-07
9.416777201000462e-03	-2.907345e-07
9.426777201000462e-03	-2.342783e-07
9.436777201000463e-03	-2.907347e-07
9.446777201000463e-03	-2.342781e-07
9.456777201000462e-03	-2.907350e-07
9.466777201000462e-03	-2.342778e-07
9.476777201000462e-03	-2.907352e-07
9.486777201000463e-03	-2.342776e-07
9.496777201000462e-03	-2.907354e-07
9.506777201000462e-03	-2.342774e-07
9.516777201000462e-03	-2.907357e-07
9.526777201000463e-03	-2.342771e-07
9.536777201000463e-03	-2.907359e-07
9.546777201000462e-03	-2.342769e-07
9.556777201000462e-03	-2.907362e-07
9.566777201000463e-03	-2.342766e-07
9.576777201000463e-03	-2.907364e-07
9.586777201000462e-03	-2.342764e-07
9.596777201000462e-03	-2.907366e-07
9.606777201000463e-03	-2.342761e-07
9.616777201000463e-03	-2.907369e-07
9.626777201000462e-03	-2.342759e-07
9.636777201000462e-03	-2.907371e-07
9.646777201000462e-03	-2.342757e-07
9.656777201000463e-03	-2.907373e-07
9.666777201000462e-03	-2.342754e-07
9.676777201000462e-03	-2.907376e-07
9.686777201000462e-03	-2.342752e-07
9.696777201000463e-03	-2.907378e-07
9.706777201000463e-03	-2.342749e-07
9.716777201000462e-03	-2.907381e-07
9.726777201000462e-03	-2.342747e-07
9.736777201000463e-03	-2.907383e-07
9.746777201000463e-03	-2.342745e-07
9.756777201000462e-03	-2.907386e-07
9.766777201000462e-03	-2.342742e-07
9.776777201000463e-03	-2.907388e-07
9.786777201000463e-03	-2.342740e-07
9.796777201000462e-03	-2.907391e-07
9.806777201000462e-03	-2.342737e-07
9.816777201000462e-03	-2.907393e-07
9.826777201000463e-03	-2.342735e-07
9.836777201000462e-03	-2.907395e-07
9.846777201000462e-03	-2.342733e-07
9.856777201000462e-03	-2.907398e-07
9.866777201000463e-03	-2.342730e-07
9.876777201000463e-03	-2.907400e-07
9.886777201000462e-03	-2.342728e-07
9.896777201000462e-03	-2.907402e-07
9.906777201000463e-03	-2.342725e-07
9.916777201000463e-03	-2.907405e-07
9.926777201000462e-03	-2.342723e-07
9.936777201000462e-03	-2.907407e-07
9.946777201000463e-03	-2.342721e-07
9.956777201000463e-03	-2.907410e-07
9.966777201000462e-03	-2.342718e-07
9.976777201000462e-03	-2.907412e-07
9.986777201000462e-03	-2.342716e-07
9.996777201000463e-03	-2.907415e-07
1.000000000000000e-02	-2.342711e-07
1.000000000100000e-02	-2.244047e-07
1.000000000200000e-02	-2.879298e-07
1.000000000440036e-02	-2.911829e-07
1.000000000670974e-02	-3.059035e-07
1.000000001132851e-02	-2.733819e-07
1.000000002056605e-02	-2.708674e-07
1.000000003904114e-02	-2.554899e-07
1.000000007599130e-02	-2.694710e-07
1.000000014989163e-02	-2.553849e-07
1.000000029769228e-02	-2.692123e-07
1.000000059329359e-02	-2.551261e-07
1.000000118449621e-02	-2.680519e-07
1.000000236690145e-02	-2.519147e-07
1.000000473171193e-02	-2.604716e-07
1.000000946133288e-02	-2.380301e-07
1.000001768949127e-02	-2.425416e-07
1.000002963204123e-02	-2.221325e-07
1.000005351714114e-02	-2.310709e-07
1.000010097863585e-02	-2.159648e-07
1.000015398679389e-02	-2.272643e-07
1.000020604733347e-02	-1.965362e-07
1.000026203738538e-02	-1.745599e-07
1.000031701191653e-02	-1.112138e-07
1.000042696097884e-02	1.139586e-09
1.000045444824441e-02	4.355953e-08
1.000050942277557e-02	1.139953e-07
1.000061937183787e-02	2.502261e-07
1.000083926996248e-02	4.868534e-07
1.000118353605681e-02	7.369381e-07
1.000177805770837e-02	8.949314e-07
1.000249958254154e-02	8.420444e-07
1.000263574895813e-02	8.182068e-07
1.000290808179131e-02	7.676969e-07
1.000345274745768e-02	6.590568e-07
1.000454207879041e-02	4.346732e-07
1.000672074145588e-02	-7.243985e-07
1.000945049428811e-02	-2.805803e-06
1.001362862358279e-02	-1.285656e-05
1.001754925944139e-02	-7.766136e-05
1.002063867064516e-02	-4.858306e-05
1.002204346081350e-02	-2.712628e-05
1.002297941857569e-02	-2.390936e-05
1.002391423870453e-02	-2.180550e-05
1.002481083941511e-02	-2.296249e-05
1.002597288152203e-02	-2.166490e-05
1.002727884648705e-02	-2.432308e-05
1.002864981349575e-02	-2.323195e-05
1.003109632465831e-02	-2.684154e-05
1.003346930237903e-02	-2.595980e-05
1.003821525782047e-02	-3.001882e-05
1.004503392288171e-02	-2.860020e-05
1.005503392288171e-02	-2.853224e-05
1.006503392288171e-02	-2.243153e-05
1.007503392288171e-02	-2.141704e-05
1.008503392288171e-02	-1.630351e-05
1.009503392288171e-02	-1.624128e-05
1.010000000000000e-02	-1.282874e-05
1.010000000100000e-02	-8.037029e-06
1.010000001700000e-02	-1.294445e-05
1.010000004900000e-02	-1.166187e-05
1.010000011300000e-02	-1.511935e-05
1.010000024100000e-02	-1.336802e-05
1.010000049700000e-02	-1.616059e-05
1.010000100900000e-02	-1.428880e-05
1.010000203300000e-02	-1.654088e-05
1.010000408100000e-02	-1.407561e-05
1.010000817700000e-02	-1.598841e-05
1.010001636900000e-02	-1.336905e-05
1.010003275300001e-02	-1.524309e-05
1.010006552100002e-02	-1.288393e-05
1.010013105700003e-02	-1.510809e-05
1.010026212900006e-02	-1.285166e-05
1.010052427300013e-02	-1.502627e-05
1.010104856100025e-02	-1.269330e-05
1.010209713700050e-02	-1.471123e-05
1.010419428900100e-02	-1.207722e-05
1.010838859300201e-02	-1.352813e-05
1.011677720100402e-02	-9.892437e-06
1.012677720100402e-02	-1.066281e-05
1.013433420684462e-02	-2.602159e-02
1.014204763814038e-02	-1.417487e-01
1.014500016728764e-02	-1.499654e-01
1.014785662457738e-02	-1.581448e-01
1.015088562540706e-02	-1.661410e-01
1.015694362706643e-02	-1.826695e-01
1.016694362706643e-02	-2.083110e-01
1.017694362706643e-02	-2.227320e-01
1.018694362706643e-02	-2.297788e-01
1.019694362706643e-02	-2.367387e-01
1.020694362706643e-02	-2.430086e-01
1.021694362706643e-02	-2.493623e-01
1.022694362706643e-02	-2.545104e-01
1.023694362706643e-02	-2.560405e-01
1.024694362706643e-02	-2.560868e-01
1.025694362706643e-02	-2.563913e-01
1.026694362706643e-02	-2.562551e-01
1.027694362706643e-02	-2.564279e-01
1.028694362706643e-02	-2.562015e-01
1.029694362706643e-02	-2.563177e-01
1.030694362706643e-02	-2.560639e-01
1.031694362706643e-02	-2.561794e-01
1.032694362706643e-02	-2.559539e-01
1.033694362706643e-02	-2.521953e-01
1.034694362706643e-02	-2.462766e-01
1.035694362706643e-02	-2.406961e-01
1.036694362706643e-02	-2.351921e-01
1.037694362706643e-02	-2.298305e-01
1.038694362706643e-02	-2.240054e-01
1.039694362706643e-02	-2.179404e-01
1.040694362706643e-02	-2.069646e-01
1.041694362706643e-02	-1.926035e-01
1.042694362706643e-02	-1.775322e-01
1.043694362706643e-02	-1.675333e-01
1.044694362706643e-02	-1.637532e-01
1.045694362706643e-02	-1.621435e-01
1.046694362706643e-02	-1.613695e-01
1.047694362706643e-02	-1.616075e-01
1.048694362706643e-02	-1.615980e-01
1.049694362706643e-02	-1.618548e-01
1.050694362706643e-02	-1.618141e-01
1.051694362706643e-02	-1.620491e-01
1.052694362706643e-02	-1.619906e-01
1.053694362706643e-02	-1.622101e-01
1.054694362706643e-02	-1.621376e-01
1.055694362706643e-02	-1.623451e-01
1.056694362706643e-02	-1.622617e-01
1.057694362706643e-02	-1.624596e-01
1.058694362706643e-02	-1.623676e-01
1.059694362706643e-02	-1.625579e-01
1.060694362706643e-02	-1.624596e-01
1.061694362706643e-02	-1.626523e-01
1.062694362706643e-02	-1.625607e-01
1.063694362706643e-02	-1.627555e-01
1.064694362706643e-02	-1.626618e-01
1.065694362706643e-02	-1.628523e-01
1.066694362706643e-02	-1.627529e-01
1.067694362706643e-02	-1.629376e-01
1.068694362706643e-02	-1.628322e-01
1.069694362706643e-02	-1.630112e-01
1.070694362706643e-02	-1.629001e-01
1.071694362706643e-02	-1.630741e-01
1.072694362706643e-02	-1.629581e-01
1.073694362706643e-02	-1.631277e-01
1.074694362706643e-02	-1.630076e-01
1.075694362706643e-02	-1.631735e-01
1.076694362706643e-02	-1.630498e-01
1.077694362706643e-02	-1.632128e-01
1.078694362706643e-02	-1.630861e-01
1.079694362706643e-02	-1.632465e-01
1.080694362706643e-02	-1.631172e-01
1.081694362706643e-02	-1.632755e-01
1.082694362706643e-02	-1.631441e-01
1.083694362706643e-02	-1.633007e-01
1.084694362706643e-02	-1.631674e-01
1.085694362706643e-02	-1.633225e-01
1.086694362706643e-02	-1.631876e-01
1.087694362706643e-02	-1.633414e-01
1.088694362706643e-02	-1.632052e-01
1.089694362706643e-02	-1.633580e-01
1.090694362706643e-02	-1.632205e-01
1.091694362706643e-02	-1.633725e-01
1.092694362706643e-02	-1.632340e-01
1.093694362706643e-02	-1.633852e-01
1.094694362706643e-02	-1.632458e-01
1.095694362706643e-02	-1.633964e-01
1.096694362706643e-02	-1.632561e-01
1.097694362706643e-02	-1.634063e-01
1.098694362706643e-02	-1.632652e-01
1.099694362706643e-02	-1.634150e-01
1.100000000100000e-02	-1.632705e-01
1.100000000200000e-02	-1.633304e-01
1.100000001800000e-02	-1.634383e-01
1.100000005000000e-02	-1.633791e-01
1.100000011400000e-02	-1.634454e-01
1.100000024200000e-02	-1.633809e-01
1.100000049800000e-02	-1.634250e-01
1.100000101000000e-02	-1.633497e-01
1.100000203400000e-02	-1.633844e-01
1.100000408200000e-02	-1.633164e-01
1.100000817800000e-02	-1.633709e-01
1.100001637000000e-02	-1.633158e-01
1.100003275400001e-02	-1.633710e-01
1.100006552200002e-02	-1.633158e-01
1.100013105800003e-02	-1.633710e-01
1.100026213000006e-02	-1.633159e-01
1.100052427400013e-02	-1.633712e-01
1.100104856200025e-02	-1.633162e-01
1.100209713800050e-02	-1.633718e-01
1.100419429000100e-02	-1.633174e-01
1.100838859400201e-02	-1.633742e-01
1.101677720200402e-02	-1.633221e-01
1.102677720200402e-02	-1.633808e-01
1.103677720200402e-02	-1.633288e-01
1.104677720200402e-02	-1.633871e-01
1.105677720200402e-02	-1.633348e-01
1.106677720200402e-02	-1.633928e-01
1.107677720200402e-02	-1.633401e-01
1.108677720200402e-02	-1.633978e-01
1.109677720200402e-02	-1.633448e-01
1.110677720200402e-02	-1.634022e-01
1.111677720200402e-02	-1.633490e-01
1.112677720200402e-02	-1.634061e-01
1.113677720200402e-02	-1.633527e-01
1.114677720200402e-02	-1.634097e-01
1.115677720200402e-02	-1.633560e-01
1.116677720200402e-02	-1.634128e-01
1.117677720200402e-02	-1.633590e-01
1.118677720200402e-02	-1.634156e-01
1.119677720200402e-02	-1.633616e-01
1.120677720200402e-02	-1.634181e-01
1.121677720200402e-02	-1.633640e-01
1.122677720200402e-02	-1.634203e-01
1.123677720200402e-02	-1.633661e-01
1.124677720200402e-02	-1.634223e-01
1.125677720200402e-02	-1.633680e-01
1.126677720200402e-02	-1.634241e-01
1.127677720200402e-02	-1.633697e-01
1.128677720200402e-02	-1.634257e-01
1.129677720200402e-02	-1.633712e-01
1.130677720200402e-02	-1.634271e-01
1.131677720200402e-02	-1.633725e-01
1.132677720200402e-02	-1.634284e-01
1.133677720200402e-02	-1.633738e-01
1.134677720200402e-02	-1.634295e-01
1.135677720200402e-02	-1.633749e-01
1.136677720200402e-02	-1.634306e-01
1.137677720200402e-02	-1.633758e-01
1.138677720200402e-02	-1.634315e-01
1.139677720200402e-02	-1.633767e-01
1.140677720200402e-02	-1.634324e-01
1.141677720200402e-02	-1.633775e-01
1.142677720200402e-02	-1.634331e-01
1.143677720200402e-02	-1.633783e-01
1.144677720200402e-02	-1.634338e-01
1.145677720200402e-02	-1.633789e-01
1.146677720200402e-02	-1.634344e-01
1.147677720200402e-02	-1.633795e-01
1.148677720200402e-02	-1.634350e-01
1.149677720200402e-02	-1.633801e-01
1.150677720200402e-02	-1.634355e-01
1.151677720200402e-02	-1.633805e-01
1.152677720200402e-02	-1.634360e-01
1.153677720200402e-02	-1.633810e-01
1.154677720200402e-02	-1.634364e-01
1.155677720200402e-02	-1.633814e-01
1.156677720200402e-02	-1.634368e-01
1.157677720200402e-02	-1.633818e-01
1.158677720200402e-02	-1.634372e-01
1.159677720200402e-02	-1.633821e-01
1.160677720200402e-02	-1.634375e-01
1.161677720200402e-02	-1.633824e-01
1.162677720200402e-02	-1.634378e-01
1.163677720200402e-02	-1.633827e-01
1.164677720200402e-02	-1.634381e-01
1.165677720200402e-02	-1.633830e-01
1.166677720200402e-02	-1.634383e-01
1.167677720200402e-02	-1.633832e-01
1.168677720200402e-02	-1.634385e-01
1.169677720200402e-02	-1.633834e-01
1.170677720200402e-02	-1.634388e-01
1.171677720200402e-02	-1.633836e-01
1.172677720200402e-02	-1.634390e-01
1.173677720200402e-02	-1.633838e-01
1.174677720200402e-02	-1.634391e-01
1.175677720200402e-02	-1.633840e-01
1.176677720200402e-02	-1.634393e-01
1.177677720200402e-02	-1.633842e-01
1.178677720200402e-02	-1.634395e-01
1.179677720200402e-02	-1.633843e-01
1.180677720200402e-02	-1.634396e-01
1.181677720200402e-02	-1.633845e-01
1.182677720200402e-02	-1.634398e-01
1.183677720200402e-02	-1.633846e-01
1.184677720200402e-02	-1.634399e-01
1.185677720200402e-02	-1.633847e-01
1.186677720200402e-02	-1.634400e-01
1.187677720200402e-02	-1.633849e-01
1.188677720200402e-02	-1.634402e-01
1.189677720200402e-02	-1.633850e-01
1.190677720200402e-02	-1.634403e-01
1.191677720200402e-02	-1.633851e-01
1.192677720200402e-02	-1.634404e-01
1.193677720200402e-02	-1.633852e-01
1.194677720200402e-02	-1.634405e-01
1.195677720200402e-02	-1.633853e-01
1.196677720200402e-02	-1.634406e-01
1.197677720200402e-02	-1.633854e-01
1.198677720200402e-02	-1.634406e-01
1.199677720200402e-02	-1.633855e-01
1.200677720200402e-02	-1.634407e-01
1.201677720200402e-02	-1.633856e-01
1.202677720200402e-02	-1.634408e-01
1.203677720200402e-02	-1.633856e-01
1.204677720200402e-02	-1.634409e-01
1.205677720200402e-02	-1.633857e-01
1.206677720200402e-02	-1.634410e-01
1.207677720200402e-02	-1.633858e-01
1.208677720200402e-02	-1.634411e-01
1.209677720200402e-02	-1.633859e-01
1.210677720200402e-02	-1.634411e-01
1.211677720200402e-02	-1.633859e-01
1.212677720200402e-02	-1.634412e-01
1.213677720200402e-02	-1.633860e-01
1.214677720200402e-02	-1.634413e-01
1.215677720200402e-02	-1.633861e-01
1.216677720200402e-02	-1.634413e-01
1.217677720200402e-02	-1.633861e-01
1.218677720200402e-02	-1.634414e-01
1.219677720200402e-02	-1.633862e-01
1.220677720200402e-02	-1.634414e-01
1.221677720200402e-02	-1.633863e-01
1.222677720200402e-02	-1.634415e-01
1.223677720200402e-02	-1.633863e-01
1.224677720200402e-02	-1.634416e-01
1.225677720200402e-02	-1.633864e-01
1.226677720200402e-02	-1.634416e-01
1.227677720200402e-02	-1.633864e-01
1.228677720200402e-02	-1.634417e-01
1.229677720200402e-02	-1.633865e-01
1.230677720200402e-02	-1.634417e-01
1.231677720200402e-02	-1.633865e-01
1.232677720200402e-02	-1.634418e-01
1.233677720200402e-02	-1.633866e-01
1.234677720200402e-02	-1.634418e-01
1.235677720200402e-02	-1.633866e-01
1.236677720200402e-02	-1.634419e-01
1.237677720200402e-02	-1.633867e-01
1.238677720200402e-02	-1.634419e-01
1.239677720200402e-02	-1.633867e-01
1.240677720200402e-02	-1.634420e-01
1.241677720200402e-02	-1.633868e-01
1.242677720200402e-02	-1.634420e-01
1.243677720200402e-02	-1.633868e-01
1.244677720200402e-02	-1.634421e-01
1.245677720200402e-02	-1.633869e-01
1.246677720200402e-02	-1.634421e-01
1.247677720200402e-02	-1.633869e-01
1.248677720200402e-02	-1.634421e-01
1.249677720200402e-02	-1.633869e-01
1.250677720200402e-02	-1.634422e-01
1.251677720200402e-02	-1.633870e-01
1.252677720200402e-02	-1.634422e-01
1.253677720200402e-02	-1.633870e-01
1.254677720200402e-02	-1.634423e-01
1.255677720200402e-02	-1.633870e-01
1.256677720200402e-02	-1.634423e-01
1.257677720200402e-02	-1.633871e-01
1.258677720200402e-02	-1.634423e-01
1.259677720200402e-02	-1.633871e-01
1.260677720200402e-02	-1.634423e-01
1.261677720200402e-02	-1.633871e-01
1.262677720200402e-02	-1.634424e-01
1.263677720200402e-02	-1.633872e-01
1.264677720200402e-02	-1.634424e-01
1.265677720200402e-02	-1.633872e-01
1.266677720200402e-02	-1.634424e-01
1.267677720200402e-02	-1.633872e-01
1.268677720200402e-02	-1.634424e-01
1.269677720200402e-02	-1.633872e-01
1.270677720200402e-02	-1.634425e-01
1.271677720200402e-02	-1.633872e-01
1.272677720200402e-02	-1.634425e-01
1.273677720200402e-02	-1.633873e-01
1.274677720200402e-02	-1.634425e-01
1.275677720200402e-02	-1.633873e-01
1.276677720200402e-02	-1.634425e-01
1.277677720200402e-02	-1.633873e-01
1.278677720200402e-02	-1.634425e-01
1.279677720200402e-02	-1.633873e-01
1.280677720200402e-02	-1.634425e-01
1.281677720200402e-02	-1.633873e-01
1.282677720200402e-02	-1.634425e-01
1.283677720200402e-02	-1.633873e-01
1.284677720200402e-02	-1.634426e-01
1.285677720200402e-02	-1.633873e-01
1.286677720200402e-02	-1.634426e-01
1.287677720200402e-02	-1.633873e-01
1.288677720200402e-02	-1.634426e-01
1.289677720200402e-02	-1.633873e-01
1.290677720200402e-02	-1.634426e-01
1.291677720200402e-02	-1.633873e-01
1.292677720200402e-02	-1.634426e-01
1.293677720200402e-02	-1.633873e-01
1.294677720200402e-02	-1.634426e-01
1.295677720200402e-02	-1.633873e-01
1.296677720200402e-02	-1.634426e-01
1.297677720200402e-02	-1.633874e-01
1.298677720200402e-02	-1.634426e-01
1.299677720200402e-02	-1.633874e-01
1.300677720200402e-02	-1.634426e-01
1.301677720200402e-02	-1.633874e-01
1.302677720200402e-02	-1.634426e-01
1.303677720200402e-02	-1.633874e-01
1.304677720200402e-02	-1.634426e-01
1.305677720200402e-02	-1.633874e-01
1.306677720200402e-02	-1.634426e-01
1.307677720200402e-02	-1.633874e-01
1.308677720200402e-02	-1.634426e-01
1.309677720200402e-02	-1.633874e-01
1.310677720200402e-02	-1.634426e-01
1.311677720200402e-02	-1.633874e-01
1.312677720200402e-02	-1.634426e-01
1.313677720200402e-02	-1.633874e-01
1.314677720200402e-02	-1.634426e-01
1.315677720200402e-02	-1.633874e-01
1.316677720200402e-02	-1.634426e-01
1.317677720200402e-02	-1.633874e-01
1.318677720200402e-02	-1.634426e-01
1.319677720200402e-02	-1.633874e-01
1.320677720200402e-02	-1.634426e-01
1.321677720200402e-02	-1.633874e-01
1.322677720200402e-02	-1.634426e-01
1.323677720200402e-02	-1.633874e-01
1.324677720200402e-02	-1.634426e-01
1.325677720200402e-02	-1.633874e-01
1.326677720200402e-02	-1.634426e-01
1.327677720200402e-02	-1.633874e-01
1.328677720200402e-02	-1.634426e-01
1.329677720200402e-02	-1.633874e-01
1.330677720200402e-02	-1.634426e-01
1.331677720200402e-02	-1.633874e-01
1.332677720200402e-02	-1.634426e-01
1.333677720200402e-02	-1.633874e-01
1.334677720200402e-02	-1.634426e-01
1.335677720200402e-02	-1.633874e-01
1.336677720200402e-02	-1.634426e-01
1.337677720200402e-02	-1.633874e-01
1.338677720200402e-02	-1.634426e-01
1.339677720200402e-02	-1.633874e-01
1.340677720200402e-02	-1.634426e-01
1.341677720200402e-02	-1.633874e-01
1.342677720200402e-02	-1.634426e-01
1.343677720200402e-02	-1.633874e-01
1.344677720200402e-02	-1.634426e-01
1.345677720200402e-02	-1.633874e-01
1.346677720200402e-02	-1.634426e-01
1.347677720200402e-02	-1.633874e-01
1.348677720200402e-02	-1.634426e-01
1.349677720200402e-02	-1.633874e-01
1.350677720200402e-02	-1.634426e-01
1.351677720200402e-02	-1.633874e-01
1.352677720200402e-02	-1.634426e-01
1.353677720200402e-02	-1.633874e-01
1.354677720200402e-02	-1.634426e-01
1.355677720200401e-02	-1.633874e-01
1.356677720200402e-02	-1.634426e-01
1.357677720200402e-02	-1.633874e-01
1.358677720200402e-02	-1.634426e-01
1.359677720200402e-02	-1.633874e-01
1.360677720200402e-02	-1.634426e-01
1.361677720200402e-02	-1.633874e-01
1.362677720200402e-02	-1.634426e-01
1.363677720200402e-02	-1.633874e-01
1.364677720200402e-02	-1.634426e-01
1.365677720200402e-02	-1.633874e-01
1.366677720200402e-02	-1.634426e-01
1.367677720200402e-02	-1.633874e-01
1.368677720200402e-02	-1.634426e-01
1.369677720200402e-02	-1.633874e-01
1.370677720200402e-02	-1.634426e-01
1.371677720200402e-02	-1.633874e-01
1.372677720200401e-02	-1.634426e-01
1.373677720200402e-02	-1.633874e-01
1.374677720200402e-02	-1.634426e-01
1.375677720200402e-02	-1.633874e-01
1.376677720200402e-02	-1.634426e-01
1.377677720200402e-02	-1.633874e-01
1.378677720200402e-02	-1.634426e-01
1.379677720200402e-02	-1.633874e-01
1.380677720200402e-02	-1.634426e-01
1.381677720200402e-02	-1.633874e-01
1.382677720200402e-02	-1.634426e-01
1.383677720200402e-02	-1.633874e-01
1.384677720200402e-02	-1.634426e-01
1.385677720200402e-02	-1.633874e-01
1.386677720200402e-02	-1.634426e-01
1.387677720200402e-02	-1.633874e-01
1.388677720200402e-02	-1.634426e-01
1.389677720200401e-02	-1.633874e-01
1.390677720200402e-02	-1.634426e-01
1.391677720200402e-02	-1.633874e-01
1.392677720200402e-02	-1.634426e-01
1.393677720200402e-02	-1.633874e-01
1.394677720200402e-02	-1.634426e-01
1.395677720200402e-02	-1.633874e-01
1.396677720200402e-02	-1.634426e-01
1.397677720200402e-02	-1.633874e-01
1.398677720200402e-02	-1.634426e-01
1.399677720200402e-02	-1.633874e-01
1.400677720200402e-02	-1.634426e-01
1.401677720200402e-02	-1.633874e-01
1.402677720200402e-02	-1.634426e-01
1.403677720200402e-02	-1.633874e-01
1.404677720200402e-02	-1.634426e-01
1.405677720200402e-02	-1.633874e-01
1.406677720200402e-02	-1.634426e-01
1.407677720200402e-02	-1.633874e-01
1.408677720200402e-02	-1.634426e-01
1.409677720200402e-02	-1.633874e-01
1.410677720200402e-02	-1.634426e-01
1.411677720200402e-02	-1.633874e-01
1.412677720200402e-02	-1.634426e-01
1.413677720200402e-02	-1.633874e-01
1.414677720200402e-02	-1.634426e-01
1.415677720200402e-02	-1.633874e-01
1.416677720200402e-02	-1.634426e-01
1.417677720200402e-02	-1.633874e-01
1.418677720200402e-02	-1.634426e-01
1.419677720200401e-02	-1.633874e-01
1.420677720200402e-02	-1.634426e-01
1.421677720200402e-02	-1.633874e-01
1.422677720200402e-02	-1.634426e-01
1.423677720200402e-02	-1.633874e-01
1.424677720200402e-02	-1.634426e-01
1.425677720200402e-02	-1.633874e-01
1.426677720200402e-02	-1.634426e-01
1.427677720200402e-02	-1.633874e-01
1.428677720200402e-02	-1.634426e-01
1.429677720200402e-02	-1.633873e-01
1.430677720200402e-02	-1.634426e-01
1.431677720200402e-02	-1.633873e-01
1.432677720200402e-02	-1.634426e-01
1.433677720200402e-02	-1.633873e-01
1.434677720200402e-02	-1.634426e-01
1.435677720200402e-02	-1.633873e-01
1.436677720200401e-02	-1.634426e-01
1.437677720200402e-02	-1.633873e-01
1.438677720200402e-02	-1.634426e-01
1.439677720200402e-02	-1.633873e-01
1.440677720200402e-02	-1.634426e-01
1.441677720200402e-02	-1.633873e-01
1.442677720200402e-02	-1.634426e-01
1.443677720200402e-02	-1.633873e-01
1.444677720200402e-02	-1.634426e-01
1.445677720200402e-02	-1.633873e-01
1.446677720200402e-02	-1.634426e-01
1.447677720200402e-02	-1.633873e-01
1.448677720200402e-02	-1.634426e-01
1.449677720200402e-02	-1.633873e-01
1.450677720200402e-02	-1.634426e-01
1.451677720200402e-02	-1.633873e-01
1.452677720200402e-02	-1.634426e-01
1.453677720200401e-02	-1.633873e-01
1.454677720200402e-02	-1.634426e-01
1.455677720200402e-02	-1.633873e-01
1.456677720200402e-02	-1.634426e-01
1.457677720200402e-02	-1.633873e-01
1.458677720200402e-02	-1.634426e-01
1.459677720200402e-02	-1.633873e-01
1.460677720200402e-02	-1.634426e-01
1.461677720200402e-02	-1.633873e-01
1.462677720200402e-02	-1.634426e-01
1.463677720200402e-02	-1.633873e-01
1.464677720200402e-02	-1.634426e-01
1.465677720200402e-02	-1.633873e-01
1.466677720200402e-02	-1.634426e-01
1.467677720200402e-02	-1.633873e-01
1.468677720200402e-02	-1.634426e-01
1.469677720200402e-02	-1.633873e-01
1.470677720200401e-02	-1.634426e-01
1.471677720200402e-02	-1.633873e-01
1.472677720200402e-02	-1.634426e-01
1.473677720200402e-02	-1.633873e-01
1.474677720200402e-02	-1.634426e-01
1.475677720200402e-02	-1.633873e-01
1.476677720200402e-02	-1.634426e-01
1.477677720200402e-02	-1.633873e-01
1.478677720200402e-02	-1.634426e-01
1.479677720200402e-02	-1.633873e-01
1.480677720200402e-02	-1.634426e-01
1.481677720200402e-02	-1.633873e-01
1.482677720200402e-02	-1.634426e-01
1.483677720200401e-02	-1.633873e-01
1.484677720200402e-02	-1.634426e-01
1.485677720200402e-02	-1.633873e-01
1.486677720200402e-02	-1.634426e-01
1.487677720200401e-02	-1.633873e-01
1.488677720200402e-02	-1.634426e-01
1.489677720200402e-02	-1.633873e-01
1.490677720200402e-02	-1.634426e-01
1.491677720200402e-02	-1.633873e-01
1.492677720200402e-02	-1.634426e-01
1.493677720200402e-02	-1.633873e-01
1.494677720200402e-02	-1.634426e-01
1.495677720200402e-02	-1.633873e-01
1.496677720200402e-02	-1.634426e-01
1.497677720200402e-02	-1.633873e-01
1.498677720200402e-02	-1.634426e-01
1.499677720200402e-02	-1.633873e-01
1.500677720200401e-02	-1.634426e-01
1.501677720200402e-02	-1.633873e-01
1.502677720200402e-02	-1.634426e-01
1.503677720200402e-02	-1.633873e-01
1.504677720200401e-02	-1.634426e-01
1.505677720200402e-02	-1.633873e-01
1.506677720200402e-02	-1.634426e-01
1.507677720200402e-02	-1.633873e-01
1.508677720200402e-02	-1.634426e-01
1.509677720200402e-02	-1.633873e-01
1.510677720200402e-02	-1.634426e-01
1.511677720200402e-02	-1.633873e-01
1.512677720200402e-02	-1.634426e-01
1.513677720200402e-02	-1.633873e-01
1.514677720200402e-02	-1.634426e-01
1.515677720200402e-02	-1.633873e-01
1.516677720200402e-02	-1.634426e-01
1.517677720200401e-02	-1.633873e-01
1.518677720200402e-02	-1.634426e-01
1.519677720200402e-02	-1.633873e-01
1.520677720200402e-02	-1.634426e-01
1.521677720200401e-02	-1.633873e-01
1.522677720200402e-02	-1.634426e-01
1.523677720200402e-02	-1.633873e-01
1.524677720200402e-02	-1.634426e-01
1.525677720200402e-02	-1.633873e-01
1.526677720200402e-02	-1.634426e-01
1.527677720200402e-02	-1.633873e-01
1.528677720200402e-02	-1.634426e-01
1.529677720200402e-02	-1.633873e-01
1.530677720200402e-02	-1.634426e-01
1.531677720200402e-02	-1.633873e-01
1.532677720200402e-02	-1.634426e-01
1.533677720200402e-02	-1.633873e-01
1.534677720200401e-02	-1.634426e-01
1.535677720200402e-02	-1.633873e-01
1.536677720200402e-02	-1.634426e-01
1.537677720200402e-02	-1.633873e-01
1.538677720200401e-02	-1.634426e-01
1.539677720200402e-02	-1.633873e-01
1.540677720200402e-02	-1.634426e-01
1.541677720200402e-02	-1.633873e-01
1.542677720200402e-02	-1.634426e-01
1.543677720200402e-02	-1.633873e-01
1.544677720200402e-02	-1.634426e-01
1.545677720200402e-02	-1.633873e-01
1.546677720200402e-02	-1.634426e-01
1.547677720200401e-02	-1.633873e-01
1.548677720200402e-02	-1.634426e-01
1.549677720200402e-02	-1.633873e-01
1.550677720200402e-02	-1.634426e-01
1.551677720200401e-02	-1.633873e-01
1.552677720200402e-02	-1.634426e-01
1.553677720200402e-02	-1.633873e-01
1.554677720200402e-02	-1.634426e-01
1.555677720200402e-02	-1.633873e-01
1.556677720200402e-02	-1.634426e-01
1.557677720200402e-02	-1.633873e-01
1.558677720200402e-02	-1.634426e-01
1.559677720200402e-02	-1.633873e-01
1.560677720200402e-02	-1.634426e-01
1.561677720200402e-02	-1.633873e-01
1.562677720200402e-02	-1.634426e-01
1.563677720200402e-02	-1.633873e-01
1.564677720200401e-02	-1.634426e-01
1.565677720200401e-02	-1.633873e-01
1.566677720200401e-02	-1.634426e-01
1.567677720200402e-02	-1.633873e-01
1.568677720200402e-02	-1.634426e-01
1.569677720200402e-02	-1.633873e-01
1.570677720200402e-02	-1.634426e-01
1.571677720200402e-02	-1.633873e-01
1.572677720200402e-02	-1.634426e-01
1.573677720200401e-02	-1.633873e-01
1.574677720200401e-02	-1.634426e-01
1.575677720200402e-02	-1.633873e-01
1.576677720200402e-02	-1.634426e-01
1.577677720200402e-02	-1.633873e-01
1.578677720200402e-02	-1.634426e-01
1.579677720200402e-02	-1.633873e-01
1.580677720200402e-02	-1.634426e-01
1.581677720200401e-02	-1.633873e-01
1.582677720200401e-02	-1.634426e-01
1.583677720200401e-02	-1.633873e-01
1.584677720200402e-02	-1.634426e-01
1.585677720200402e-02	-1.633873e-01
1.586677720200402e-02	-1.634426e-01
1.587677720200402e-02	-1.633873e-01
1.588677720200402e-02	-1.634426e-01
1.589677720200402e-02	-1.633873e-01
1.590677720200401e-02	-1.634426e-01
1.591677720200401e-02	-1.633873e-01
1.592677720200402e-02	-1.634426e-01
1.593677720200402e-02	-1.633873e-01
1.594677720200402e-02	-1.634426e-01
1.595677720200402e-02	-1.633873e-01
1.596677720200402e-02	-1.634426e-01
1.597677720200402e-02	-1.633873e-01
1.598677720200401e-02	-1.634426e-01
1.599677720200401e-02	-1.633873e-01
1.600677720200401e-02	-1.634426e-01
1.601677720200402e-02	-1.633873e-01
1.602677720200402e-02	-1.634426e-01
1.603677720200402e-02	-1.633873e-01
1.604677720200402e-02	-1.634426e-01
1.605677720200402e-02	-1.633873e-01
1.606677720200402e-02	-1.634426e-01
1.607677720200401e-02	-1.633873e-01
1.608677720200401e-02	-1.634426e-01
1.609677720200402e-02	-1.633873e-01
1.610677720200402e-02	-1.634426e-01
1.611677720200402e-02	-1.633873e-01
1.612677720200402e-02	-1.634426e-01
1.613677720200402e-02	-1.633873e-01
1.614677720200402e-02	-1.634426e-01
1.615677720200401e-02	-1.633873e-01
1.616677720200401e-02	-1.634426e-01
1.617677720200401e-02	-1.633873e-01
1.618677720200402e-02	-1.634426e-01
1.619677720200402e-02	-1.633873e-01
1.620677720200402e-02	-1.634426e-01
1.621677720200402e-02	-1.633873e-01
1.622677720200402e-02	-1.634426e-01
1.623677720200402e-02	-1.633873e-01
1.624677720200401e-02	-1.634426e-01
1.625677720200401e-02	-1.633873e-01
1.626677720200402e-02	-1.634426e-01
1.627677720200402e-02	-1.633873e-01
1.628677720200402e-02	-1.634426e-01
1.629677720200402e-02	-1.633873e-01
1.630677720200402e-02	-1.634426e-01
1.631677720200402e-02	-1.633873e-01
1.632677720200401e-02	-1.634426e-01
1.633677720200401e-02	-1.633873e-01
1.634677720200401e-02	-1.634426e-01
1.635677720200402e-02	-1.633873e-01
1.636677720200402e-02	-1.634426e-01
1.637677720200402e-02	-1.633873e-01
1.638677720200402e-02	-1.634426e-01
1.639677720200402e-02	-1.633873e-01
1.640677720200402e-02	-1.634426e-01
1.641677720200401e-02	-1.633873e-01
1.642677720200401e-02	-1.634426e-01
1.643677720200401e-02	-1.633873e-01
1.644677720200402e-02	-1.634426e-01
1.645677720200402e-02	-1.633873e-01
1.646677720200402e-02	-1.634426e-01
1.647677720200402e-02	-1.633873e-01
1.648677720200402e-02	-1.634426e-01
1.649677720200401e-02	-1.633873e-01
1.650677720200401e-02	-1.634426e-01
1.651677720200401e-02	-1.633873e-01
1.652677720200402e-02	-1.634426e-01
1.653677720200402e-02	-1.633873e-01
1.654677720200402e-02	-1.634426e-01
1.655677720200402e-02	-1.633873e-01
1.656677720200402e-02	-1.634426e-01
1.657677720200402e-02	-1.633873e-01
1.658677720200401e-02	-1.634426e-01
1.659677720200401e-02	-1.633873e-01
1.660677720200401e-02	-1.634426e-01
1.661677720200402e-02	-1.633873e-01
1.662677720200402e-02	-1.634426e-01
1.663677720200402e-02	-1.633873e-01
1.664677720200402e-02	-1.634426e-01
1.665677720200402e-02	-1.633873e-01
1.666677720200401e-02	-1.634426e-01
1.667677720200401e-02	-1.633873e-01
1.668677720200401e-02	-1.634426e-01
1.669677720200402e-02	-1.633873e-01
1.670677720200402e-02	-1.634426e-01
1.671677720200402e-02	-1.633873e-01
1.672677720200402e-02	-1.634426e-01
1.673677720200402e-02	-1.633873e-01
1.674677720200402e-02	-1.634426e-01
1.675677720200401e-02	-1.633873e-01
1.676677720200401e-02	-1.634426e-01
1.677677720200401e-02	-1.633873e-01
1.678677720200402e-02	-1.634426e-01
1.679677720200402e-02	-1.633873e-01
1.680677720200402e-02	-1.634426e-01
1.681677720200402e-02	-1.633873e-01
1.682677720200402e-02	-1.634426e-01
1.683677720200401e-02	-1.633873e-01
1.684677720200401e-02	-1.634426e-01
1.685677720200401e-02	-1.633873e-01
1.686677720200402e-02	-1.634426e-01
1.687677720200402e-02	-1.633873e-01
1.688677720200402e-02	-1.634426e-01
1.689677720200402e-02	-1.633873e-01
1.690677720200402e-02	-1.634426e-01
1.691677720200402e-02	-1.633873e-01
1.692677720200401e-02	-1.634426e-01
1.693677720200401e-02	-1.633873e-01
1.694677720200401e-02	-1.634426e-01
1.695677720200402e-02	-1.633873e-01
1.696677720200402e-02	-1.634426e-01
1.697677720200402e-02	-1.633873e-01
1.698677720200402e-02	-1.634426e-01
1.699677720200402e-02	-1.633873e-01
1.700677720200401e-02	-1.634426e-01
1.701677720200401e-02	-1.633873e-01
1.702677720200401e-02	-1.634426e-01
1.703677720200402e-02	-1.633873e-01
1.704677720200402e-02	-1.634426e-01
1.705677720200402e-02	-1.633873e-01
1.706677720200402e-02	-1.634426e-01
1.707677720200402e-02	-1.633873e-01
1.708677720200402e-02	-1.634426e-01
1.709677720200401e-02	-1.633873e-01
1.710677720200401e-02	-1.634426e-01
1.711677720200401e-02	-1.633873e-01
1.712677720200402e-02	-1.634426e-01
1.713677720200402e-02	-1.633873e-01
1.714677720200402e-02	-1.634426e-01
1.715677720200402e-02	-1.633873e-01
1.716677720200402e-02	-1.634426e-01
1.717677720200401e-02	-1.633873e-01
1.718677720200401e-02	-1.634426e-01
1.719677720200401e-02	-1.633873e-01
1.720677720200402e-02	-1.634426e-01
1.721677720200402e-02	-1.633873e-01
1.722677720200402e-02	-1.634426e-01
1.723677720200402e-02	-1.633873e-01
1.724677720200402e-02	-1.634426e-01
1.725677720200402e-02	-1.633873e-01
1.726677720200401e-02	-1.634426e-01
1.727677720200401e-02	-1.633873e-01
1.728677720200401e-02	-1.634426e-01
1.729677720200402e-02	-1.633873e-01
1.730677720200402e-02	-1.634426e-01
1.731677720200402e-02	-1.633873e-01
1.732677720200402e-02	-1.634426e-01
1.733677720200402e-02	-1.633873e-01
1.734677720200401e-02	-1.634426e-01
1.735677720200401e-02	-1.633873e-01
1.736677720200401e-02	-1.634426e-01
1.737677720200402e-02	-1.633873e-01
1.738677720200402e-02	-1.634426e-01
1.739677720200402e-02	-1.633873e-01
1.740677720200402e-02	-1.634426e-01
1.741677720200402e-02	-1.633873e-01
1.742677720200402e-02	-1.634426e-01
1.743677720200401e-02	-1.633873e-01
1.744677720200401e-02	-1.634426e-01
1.745677720200401e-02	-1.633873e-01
1.746677720200402e-02	-1.634426e-01
1.747677720200402e-02	-1.633873e-01
1.748677720200402e-02	-1.634426e-01
1.749677720200402e-02	-1.633873e-01
1.750677720200402e-02	-1.634426e-01
1.751677720200401e-02	-1.633873e-01
1.752677720200401e-02	-1.634426e-01
1.753677720200401e-02	-1.633873e-01
1.754677720200402e-02	-1.634426e-01
1.755677720200402e-02	-1.633873e-01
1.756677720200402e-02	-1.634426e-01
1.757677720200402e-02	-1.633873e-01
1.758677720200402e-02	-1.634426e-01
1.759677720200402e-02	-1.633873e-01
1.760677720200401e-02	-1.634426e-01
1.761677720200401e-02	-1.633873e-01
1.762677720200401e-02	-1.634426e-01
1.763677720200402e-02	-1.633873e-01
1.764677720200402e-02	-1.634426e-01
1.765677720200402e-02	-1.633873e-01
1.766677720200402e-02	-1.634426e-01
1.767677720200402e-02	-1.633873e-01
1.768677720200401e-02	-1.634426e-01
1.769677720200401e-02	-1.633873e-01
1.770677720200401e-02	-1.634426e-01
1.771677720200401e-02	-1.633873e-01
1.772677720200402e-02	-1.634426e-01
1.773677720200402e-02	-1.633873e-01
1.774677720200402e-02	-1.634426e-01
1.775677720200402e-02	-1.633873e-01
1.776677720200402e-02	-1.634426e-01
1.777677720200401e-02	-1.633873e-01
1.778677720200401e-02	-1.634426e-01
1.779677720200401e-02	-1.633873e-01
1.780677720200402e-02	-1.634426e-01
1.781677720200402e-02	-1.633873e-01
1.782677720200402e-02	-1.634426e-01
1.783677720200402e-02	-1.633873e-01
1.784677720200402e-02	-1.634426e-01
1.785677720200401e-02	-1.633873e-01
1.786677720200401e-02	-1.634426e-01
1.787677720200401e-02	-1.633873e-01
1.788677720200401e-02	-1.634426e-01
1.789677720200402e-02	-1.633873e-01
1.790677720200402e-02	-1.634426e-01
1.791677720200402e-02	-1.633873e-01
1.792677720200402e-02	-1.634426e-01
1.793677720200402e-02	-1.633873e-01
1.794677720200401e-02	-1.634426e-01
1.795677720200401e-02	-1.633873e-01
1.796677720200401e-02	-1.634426e-01
1.797677720200402e-02	-1.633873e-01
1.798677720200402e-02	-1.634426e-01
1.799677720200402e-02	-1.633873e-01
1.800677720200402e-02	-1.634426e-01
1.801677720200402e-02	-1.633873e-01
1.802677720200401e-02	-1.634426e-01
1.803677720200401e-02	-1.633873e-01
1.804677720200401e-02	-1.634426e-01
1.805677720200401e-02	-1.633873e-01
1.806677720200402e-02	-1.634426e-01
1.807677720200402e-02	-1.633873e-01
1.808677720200402e-02	-1.634426e-01
1.809677720200402e-02	-1.633873e-01
1.810677720200402e-02	-1.634426e-01
1.811677720200401e-02	-1.633873e-01
1.812677720200401e-02	-1.634426e-01
1.813677720200401e-02	-1.633873e-01
1.814677720200402e-02	-1.634426e-01
1.815677720200402e-02	-1.633873e-01
1.816677720200402e-02	-1.634426e-01
1.817677720200402e-02	-1.633873e-01
1.818677720200402e-02	-1.634426e-01
1.819677720200401e-02	-1.633873e-01
1.820677720200401e-02	-1.634426e-01
1.821677720200401e-02	-1.633873e-01
1.822677720200401e-02	-1.634426e-01
1.823677720200402e-02	-1.633873e-01
1.824677720200402e-02	-1.634426e-01
1.825677720200402e-02	-1.633873e-01
1.826677720200402e-02	-1.634426e-01
1.827677720200402e-02	-1.633873e-01
1.828677720200401e-02	-1.634426e-01
1.829677720200401e-02	-1.633873e-01
1.830677720200401e-02	-1.634426e-01
1.831677720200402e-02	-1.633873e-01
1.832677720200402e-02	-1.634426e-01
1.833677720200402e-02	-1.633873e-01
1.834677720200402e-02	-1.634426e-01
1.835677720200402e-02	-1.633873e-01
1.836677720200402e-02	-1.634426e-01
1.837677720200401e-02	-1.633873e-01
1.838677720200401e-02	-1.634426e-01
1.839677720200401e-02	-1.633873e-01
1.840677720200402e-02	-1.634426e-01
1.841677720200402e-02	-1.633873e-01
1.842677720200402e-02	-1.634426e-01
1.843677720200402e-02	-1.633873e-01
1.844677720200402e-02	-1.634426e-01
1.845677720200401e-02	-1.633873e-01
1.846677720200401e-02	-1.634426e-01
1.847677720200401e-02	-1.633873e-01
1.848677720200402e-02	-1.634426e-01
1.849677720200402e-02	-1.633873e-01
1.850677720200402e-02	-1.634426e-01
1.851677720200402e-02	-1.633873e-01
1.852677720200402e-02	-1.634426e-01
1.853677720200402e-02	-1.633873e-01
1.854677720200401e-02	-1.634426e-01
1.855677720200401e-02	-1.633873e-01
1.856677720200401e-02	-1.634426e-01
1.857677720200402e-02	-1.633873e-01
1.858677720200402e-02	-1.634426e-01
1.859677720200402e-02	-1.633873e-01
1.860677720200402e-02	-1.634426e-01
1.861677720200402e-02	-1.633873e-01
1.862677720200401e-02	-1.634426e-01
1.863677720200401e-02	-1.633873e-01
1.864677720200401e-02	-1.634426e-01
1.865677720200402e-02	-1.633873e-01
1.866677720200402e-02	-1.634426e-01
1.867677720200402e-02	-1.633873e-01
1.868677720200402e-02	-1.634426e-01
1.869677720200402e-02	-1.633873e-01
1.870677720200402e-02	-1.634426e-01
1.871677720200401e-02	-1.633873e-01
1.872677720200401e-02	-1.634426e-01
1.873677720200401e-02	-1.633873e-01
1.874677720200402e-02	-1.634426e-01
1.875677720200402e-02	-1.633873e-01
1.876677720200402e-02	-1.634426e-01
1.877677720200402e-02	-1.633873e-01
1.878677720200402e-02	-1.634426e-01
1.879677720200401e-02	-1.633873e-01
1.880677720200401e-02	-1.634426e-01
1.881677720200401e-02	-1.633873e-01
1.882677720200402e-02	-1.634426e-01
1.883677720200402e-02	-1.633873e-01
1.884677720200402e-02	-1.634426e-01
1.885677720200402e-02	-1.633873e-01
1.886677720200402e-02	-1.634426e-01
1.887677720200402e-02	-1.633873e-01
1.888677720200401e-02	-1.634426e-01
1.889677720200401e-02	-1.633873e-01
1.890677720200401e-02	-1.634426e-01
1.891677720200402e-02	-1.633873e-01
1.892677720200402e-02	-1.634426e-01
1.893677720200402e-02	-1.633873e-01
1.894677720200402e-02	-1.634426e-01
1.895677720200402e-02	-1.633873e-01
1.896677720200401e-02	-1.634426e-01
1.897677720200401e-02	-1.633873e-01
1.898677720200401e-02	-1.634426e-01
1.899677720200401e-02	-1.633873e-01
1.900677720200402e-02	-1.634426e-01
1.901677720200402e-02	-1.633873e-01
1.902677720200402e-02	-1.634426e-01
1.903677720200402e-02	-1.633873e-01
1.904677720200402e-02	-1.634426e-01
1.905677720200401e-02	-1.633873e-01
1.906677720200401e-02	-1.634426e-01
1.907677720200401e-02	-1.633873e-01
1.908677720200402e-02	-1.634426e-01
1.909677720200402e-02	-1.633873e-01
1.910677720200402e-02	-1.634426e-01
1.911677720200402e-02	-1.633873e-01
1.912677720200402e-02	-1.634426e-01
1.913677720200401e-02	-1.633873e-01
1.914677720200401e-02	-1.634426e-01
1.915677720200401e-02	-1.633873e-01
1.916677720200401e-02	-1.634426e-01
1.917677720200402e-02	-1.633873e-01
1.918677720200402e-02	-1.634426e-01
1.919677720200402e-02	-1.633873e-01
1.920677720200402e-02	-1.634426e-01
1.921677720200402e-02	-1.633873e-01
1.922677720200401e-02	-1.634426e-01
1.923677720200401e-02	-1.633873e-01
1.924677720200401e-02	-1.634426e-01
1.925677720200402e-02	-1.633873e-01
1.926677720200402e-02	-1.634426e-01
1.927677720200402e-02	-1.633873e-01
1.928677720200402e-02	-1.634426e-01
1.929677720200402e-02	-1.633873e-01
1.930677720200401e-02	-1.634426e-01
1.931677720200401e-02	-1.633873e-01
1.932677720200401e-02	-1.634426e-01
1.933677720200401e-02	-1.633873e-01
1.934677720200402e-02	-1.634426e-01
1.935677720200402e-02	-1.633873e-01
1.936677720200402e-02	-1.634426e-01
1.937677720200402e-02	-1.633873e-01
1.938677720200402e-02	-1.634426e-01
1.939677720200401e-02	-1.633873e-01
1.940677720200401e-02	-1.634426e-01
1.941677720200401e-02	-1.633873e-01
1.942677720200402e-02	-1.634426e-01
1.943677720200402e-02	-1.633873e-01
1.944677720200402e-02	-1.634426e-01
1.945677720200402e-02	-1.633873e-01
1.946677720200402e-02	-1.634426e-01
1.947677720200401e-02	-1.633873e-01
1.948677720200401e-02	-1.634426e-01
1.949677720200401e-02	-1.633873e-01
1.950677720200401e-02	-1.634426e-01
1.951677720200402e-02	-1.633873e-01
1.952677720200402e-02	-1.634426e-01
1.953677720200402e-02	-1.633873e-01
1.954677720200402e-02	-1.634426e-01
1.955677720200402e-02	-1.633873e-01
1.956677720200401e-02	-1.634426e-01
1.957677720200401e-02	-1.633873e-01
1.958677720200401e-02	-1.634426e-01
1.959677720200402e-02	-1.633873e-01
1.960677720200402e-02	-1.634426e-01
1.961677720200402e-02	-1.633873e-01
1.962677720200402e-02	-1.634426e-01
1.963677720200402e-02	-1.633873e-01
1.964677720200401e-02	-1.634426e-01
1.965677720200401e-02	-1.633873e-01
1.966677720200401e-02	-1.634426e-01
1.967677720200401e-02	-1.633873e-01
1.968677720200402e-02	-1.634426e-01
1.969677720200402e-02	-1.633873e-01
1.970677720200402e-02	-1.634426e-01
1.971677720200402e-02	-1.633873e-01
1.972677720200402e-02	-1.634426e-01
1.973677720200401e-02	-1.633873e-01
1.974677720200401e-02	-1.634426e-01
1.975677720200401e-02	-1.633873e-01
1.976677720200402e-02	-1.634426e-01
1.977677720200402e-02	-1.633873e-01
1.978677720200402e-02	-1.634426e-01
1.979677720200402e-02	-1.633873e-01
1.980677720200402e-02	-1.634426e-01
1.981677720200401e-02	-1.633873e-01
1.982677720200401e-02	-1.634426e-01
1.983677720200401e-02	-1.633873e-01
1.984677720200401e-02	-1.634426e-01
1.985677720200402e-02	-1.633873e-01
1.986677720200402e-02	-1.634426e-01
1.987677720200402e-02	-1.633873e-01
1.988677720200402e-02	-1.634426e-01
1.989677720200402e-02	-1.633873e-01
1.990677720200401e-02	-1.634426e-01
1.991677720200401e-02	-1.633873e-01
1.992677720200401e-02	-1.634426e-01
1.993677720200402e-02	-1.633873e-01
1.994677720200402e-02	-1.634426e-01
1.995677720200402e-02	-1.633873e-01
1.996677720200402e-02	-1.634426e-01
1.997677720200402e-02	-1.633873e-01
1.998677720200401e-02	-1.634426e-01
1.999677720200401e-02	-1.633873e-01
2.000000000000000e-02	-1.634426e-01
