time	V(out_pos,out_neg)
0.000000000000000e+00	5.006790e-06
9.999999439624929e-11	5.006790e-06
1.999999887924986e-10	5.006790e-06
3.999999775849972e-10	5.006790e-06
7.999999551699943e-10	5.006790e-06
1.599999910339989e-09	5.006790e-06
3.199999820679977e-09	5.245209e-06
6.399999641359955e-09	5.245209e-06
1.279999928271991e-08	5.006790e-06
2.559999856543982e-08	4.053116e-06
5.119999713087964e-08	2.145767e-06
9.252070311618464e-08	1.025200e-05
1.510333739817309e-07	3.576279e-05
2.057408767038243e-07	4.982948e-05
2.712252236998067e-07	3.910065e-05
3.308483285955238e-07	2.789497e-05
4.500945383869579e-07	-1.025200e-05
4.715278489310965e-07	-1.859665e-05
5.143944700193735e-07	-1.835823e-05
6.001277121959275e-07	-1.263618e-05
7.715941965490356e-07	1.096725e-05
1.114527165255252e-06	4.410744e-05
1.680622112752960e-06	5.483627e-06
2.395090483783586e-06	-1.068115e-04
3.411490828398060e-06	-3.015995e-04
5.126686116133788e-06	-8.113384e-04
8.557076691605245e-06	-1.538754e-03
1.541785784254816e-05	1.143694e-03
2.541785784254816e-05	4.606247e-03
3.541785784254816e-05	2.454996e-03
4.541785784254816e-05	-6.175041e-05
5.541785784254816e-05	-1.843929e-03
6.541785784254815e-05	-2.619743e-03
7.541785784254815e-05	-2.462149e-03
8.541785784254815e-05	-1.609087e-03
9.541785784254815e-05	-2.491474e-04
1.000000009999994e-04	-3.826618e-05
1.000000019999994e-04	-3.826618e-05
1.000000179999994e-04	-3.838539e-05
1.000000499999994e-04	-3.838539e-05
1.000001139999994e-04	-3.826618e-05
1.000002419999994e-04	-3.826618e-05
1.000004979999994e-04	-3.826618e-05
1.000010099999994e-04	-3.838539e-05
1.000020339999994e-04	-3.838539e-05
1.000040819999994e-04	-3.826618e-05
1.000081779999994e-04	-3.826618e-05
1.000163699999994e-04	-3.826618e-05
1.000327539999994e-04	-3.826618e-05
1.000655219999995e-04	-3.826618e-05
1.001310579999995e-04	-3.838539e-05
1.002621299999997e-04	-3.826618e-05
1.005242740000000e-04	-3.826618e-05
1.010485620000006e-04	-3.850460e-05
1.020971380000018e-04	-4.184246e-05
1.041942900000042e-04	-7.092953e-05
1.083885940000089e-04	-3.012419e-04
1.167772020000184e-04	-9.381771e-04
1.267772020000184e-04	-6.478763e-02
1.367772020000184e-04	-7.180953e-02
1.467772020000184e-04	1.047595e-01
1.520022794647161e-04	2.155814e-01
1.570540523639880e-04	4.305091e-01
1.600466409562815e-04	5.163794e-01
1.632617690497503e-04	5.752087e-01
1.669045297167822e-04	6.324189e-01
1.707456845975716e-04	6.895335e-01
1.784279943591504e-04	7.988393e-01
1.884279943591504e-04	9.379814e-01
1.984279943591504e-04	1.075042e+00
2.084279943591504e-04	1.158509e+00
2.184279943591504e-04	1.346660e+00
2.284279943591504e-04	1.482792e+00
2.384279943591504e-04	1.613125e+00
2.484279943591504e-04	1.750125e+00
2.584279943591505e-04	1.880933e+00
2.684279943591504e-04	2.017495e+00
2.784279943591504e-04	2.148432e+00
2.884279943591504e-04	2.284518e+00
2.984279943591504e-04	2.415492e+00
3.084279943591504e-04	2.551431e+00
3.184279943591504e-04	2.601577e+00
3.284279943591504e-04	2.612373e+00
3.384279943591504e-04	2.646773e+00
3.484279943591504e-04	2.652204e+00
3.584279943591504e-04	2.770541e+00
3.632856701076135e-04	2.941645e+00
3.680260150749855e-04	3.182637e+00
3.738104959281599e-04	3.478874e+00
3.838104959281599e-04	3.958025e+00
3.938104959281599e-04	4.325386e+00
4.038104959281599e-04	4.540748e+00
4.138104959281599e-04	4.683357e+00
4.238104959281599e-04	4.818198e+00
4.338104959281599e-04	4.950430e+00
4.438104959281599e-04	5.081153e+00
4.538104959281599e-04	5.210851e+00
4.638104959281599e-04	5.339821e+00
4.738104959281599e-04	5.468190e+00
4.838104959281599e-04	5.596058e+00
4.938104959281599e-04	5.723479e+00
5.038104959281599e-04	5.850511e+00
5.138104959281599e-04	5.977180e+00
5.238104959281600e-04	6.103522e+00
5.338104959281599e-04	6.229550e+00
5.438104959281599e-04	6.355290e+00
5.538104959281599e-04	6.462031e+00
5.638104959281600e-04	6.522367e+00
5.738104959281599e-04	6.544332e+00
5.838104959281599e-04	6.553209e+00
5.938104959281599e-04	6.558632e+00
6.038104959281600e-04	6.562386e+00
6.138104959281599e-04	6.565133e+00
6.238104959281599e-04	6.567258e+00
6.338104959281599e-04	6.568932e+00
6.438104959281600e-04	6.570310e+00
6.538104959281599e-04	6.571438e+00
6.638104959281599e-04	6.572404e+00
6.738104959281599e-04	6.573213e+00
6.838104959281599e-04	6.573927e+00
6.938104959281599e-04	6.574533e+00
7.038104959281599e-04	6.575081e+00
7.138104959281599e-04	6.575548e+00
7.238104959281599e-04	6.575981e+00
7.338104959281599e-04	6.576350e+00
7.438104959281599e-04	6.576699e+00
7.538104959281599e-04	6.576996e+00
7.638104959281599e-04	6.577283e+00
7.738104959281599e-04	6.577526e+00
7.838104959281599e-04	6.577765e+00
7.938104959281599e-04	6.577966e+00
8.038104959281599e-04	6.578168e+00
8.138104959281599e-04	6.578335e+00
8.238104959281599e-04	6.578507e+00
8.338104959281599e-04	6.578648e+00
8.438104959281599e-04	6.578796e+00
8.538104959281599e-04	6.578915e+00
8.638104959281599e-04	6.579043e+00
8.738104959281599e-04	6.579144e+00
8.838104959281599e-04	6.579257e+00
8.938104959281598e-04	6.579343e+00
9.038104959281599e-04	6.579442e+00
9.138104959281599e-04	6.579515e+00
9.238104959281599e-04	6.579603e+00
9.338104959281598e-04	6.579666e+00
9.438104959281599e-04	6.579743e+00
9.538104959281599e-04	6.579798e+00
9.638104959281599e-04	6.579867e+00
9.738104959281598e-04	6.579914e+00
9.838104959281600e-04	6.579976e+00
9.938104959281598e-04	6.580016e+00
1.000000000000000e-03	6.580059e+00
1.000000001000000e-03	6.580059e+00
1.000000017000000e-03	6.580058e+00
1.000000049000000e-03	6.580058e+00
1.000000113000000e-03	6.580056e+00
1.000000241000000e-03	6.580055e+00
1.000000497000000e-03	6.580053e+00
1.000001009000000e-03	6.580052e+00
1.000002033000000e-03	6.580051e+00
1.000004081000000e-03	6.580051e+00
1.000008177000000e-03	6.580051e+00
1.000016369000001e-03	6.580051e+00
1.000032753000001e-03	6.580051e+00
1.000065521000002e-03	6.580051e+00
1.000131057000004e-03	6.580051e+00
1.000262129000007e-03	6.580052e+00
1.000524273000015e-03	6.580053e+00
1.001048561000029e-03	6.580055e+00
1.002097137000058e-03	6.580060e+00
1.004194289000116e-03	6.580070e+00
1.008388593000232e-03	6.580088e+00
1.016777201000463e-03	6.580124e+00
1.026777201000463e-03	6.580164e+00
1.036777201000463e-03	6.580202e+00
1.046777201000463e-03	6.580238e+00
1.056777201000463e-03	6.580272e+00
1.066777201000463e-03	6.580304e+00
1.076777201000463e-03	6.580334e+00
1.086777201000463e-03	6.580363e+00
1.096777201000463e-03	6.580390e+00
1.106777201000463e-03	6.580416e+00
1.116777201000463e-03	6.580439e+00
1.126777201000463e-03	6.580462e+00
1.136777201000463e-03	6.580484e+00
1.146777201000463e-03	6.580504e+00
1.156777201000463e-03	6.580523e+00
1.166777201000463e-03	6.580542e+00
1.176777201000463e-03	6.580559e+00
1.186777201000463e-03	6.580576e+00
1.196777201000463e-03	6.580591e+00
1.206777201000463e-03	6.580606e+00
1.216777201000463e-03	6.580620e+00
1.226777201000463e-03	6.580633e+00
1.236777201000463e-03	6.580646e+00
1.246777201000463e-03	6.580657e+00
1.256777201000463e-03	6.580669e+00
1.266777201000463e-03	6.580679e+00
1.276777201000463e-03	6.580689e+00
1.286777201000463e-03	6.580699e+00
1.296777201000463e-03	6.580709e+00
1.306777201000463e-03	6.580717e+00
1.316777201000463e-03	6.580725e+00
1.326777201000463e-03	6.580733e+00
1.336777201000463e-03	6.580741e+00
1.346777201000463e-03	6.580748e+00
1.356777201000463e-03	6.580754e+00
1.366777201000463e-03	6.580761e+00
1.376777201000463e-03	6.580767e+00
1.386777201000463e-03	6.580772e+00
1.396777201000463e-03	6.580778e+00
1.406777201000463e-03	6.580783e+00
1.416777201000463e-03	6.580788e+00
1.426777201000463e-03	6.580793e+00
1.436777201000463e-03	6.580797e+00
1.446777201000463e-03	6.580801e+00
1.456777201000463e-03	6.580805e+00
1.466777201000463e-03	6.580809e+00
1.476777201000463e-03	6.580813e+00
1.486777201000463e-03	6.580816e+00
1.496777201000463e-03	6.580819e+00
1.506777201000463e-03	6.580823e+00
1.516777201000463e-03	6.580826e+00
1.526777201000463e-03	6.580828e+00
1.536777201000463e-03	6.580831e+00
1.546777201000463e-03	6.580834e+00
1.556777201000463e-03	6.580836e+00
1.566777201000463e-03	6.580838e+00
1.576777201000463e-03	6.580840e+00
1.586777201000463e-03	6.580843e+00
1.596777201000463e-03	6.580845e+00
1.606777201000463e-03	6.580846e+00
1.616777201000463e-03	6.580848e+00
1.626777201000463e-03	6.580850e+00
1.636777201000463e-03	6.580852e+00
1.646777201000463e-03	6.580853e+00
1.656777201000463e-03	6.580855e+00
1.666777201000463e-03	6.580856e+00
1.676777201000463e-03	6.580857e+00
1.686777201000463e-03	6.580859e+00
1.696777201000463e-03	6.580860e+00
1.706777201000463e-03	6.580861e+00
1.716777201000463e-03	6.580862e+00
1.726777201000463e-03	6.580863e+00
1.736777201000463e-03	6.580864e+00
1.746777201000463e-03	6.580865e+00
1.756777201000463e-03	6.580866e+00
1.766777201000463e-03	6.580867e+00
1.776777201000463e-03	6.580868e+00
1.786777201000463e-03	6.580868e+00
1.796777201000463e-03	6.580869e+00
1.806777201000463e-03	6.580870e+00
1.816777201000463e-03	6.580870e+00
1.826777201000463e-03	6.580871e+00
1.836777201000463e-03	6.580872e+00
1.846777201000463e-03	6.580872e+00
1.856777201000463e-03	6.580873e+00
1.866777201000463e-03	6.580873e+00
1.876777201000463e-03	6.580874e+00
1.886777201000463e-03	6.580874e+00
1.896777201000463e-03	6.580875e+00
1.906777201000463e-03	6.580875e+00
1.916777201000463e-03	6.580876e+00
1.926777201000463e-03	6.580876e+00
1.936777201000463e-03	6.580876e+00
1.946777201000463e-03	6.580877e+00
1.956777201000463e-03	6.580877e+00
1.966777201000463e-03	6.580877e+00
1.976777201000463e-03	6.580878e+00
1.986777201000463e-03	6.580878e+00
1.996777201000463e-03	6.580878e+00
2.006777201000463e-03	6.580878e+00
2.016777201000463e-03	6.580879e+00
2.026777201000463e-03	6.580879e+00
2.036777201000463e-03	6.580879e+00
2.046777201000463e-03	6.580879e+00
2.056777201000463e-03	6.580879e+00
2.066777201000463e-03	6.580880e+00
2.076777201000463e-03	6.580880e+00
2.086777201000463e-03	6.580880e+00
2.096777201000463e-03	6.580880e+00
2.106777201000463e-03	6.580880e+00
2.116777201000463e-03	6.580881e+00
2.126777201000463e-03	6.580881e+00
2.136777201000463e-03	6.580881e+00
2.146777201000463e-03	6.580881e+00
2.156777201000463e-03	6.580881e+00
2.166777201000463e-03	6.580881e+00
2.176777201000463e-03	6.580881e+00
2.186777201000463e-03	6.580881e+00
2.196777201000463e-03	6.580881e+00
2.206777201000463e-03	6.580882e+00
2.216777201000463e-03	6.580882e+00
2.226777201000463e-03	6.580882e+00
2.236777201000463e-03	6.580882e+00
2.246777201000463e-03	6.580882e+00
2.256777201000463e-03	6.580882e+00
2.266777201000463e-03	6.580882e+00
2.276777201000463e-03	6.580882e+00
2.286777201000463e-03	6.580882e+00
2.296777201000463e-03	6.580882e+00
2.306777201000463e-03	6.580882e+00
2.316777201000463e-03	6.580882e+00
2.326777201000463e-03	6.580882e+00
2.336777201000463e-03	6.580882e+00
2.346777201000463e-03	6.580883e+00
2.356777201000463e-03	6.580883e+00
2.366777201000463e-03	6.580883e+00
2.376777201000463e-03	6.580883e+00
2.386777201000463e-03	6.580883e+00
2.396777201000463e-03	6.580883e+00
2.406777201000463e-03	6.580883e+00
2.416777201000463e-03	6.580883e+00
2.426777201000463e-03	6.580883e+00
2.436777201000463e-03	6.580883e+00
2.446777201000463e-03	6.580883e+00
2.456777201000463e-03	6.580883e+00
2.466777201000463e-03	6.580883e+00
2.476777201000463e-03	6.580883e+00
2.486777201000463e-03	6.580883e+00
2.496777201000463e-03	6.580883e+00
2.506777201000463e-03	6.580883e+00
2.516777201000463e-03	6.580883e+00
2.526777201000463e-03	6.580883e+00
2.536777201000463e-03	6.580883e+00
2.546777201000463e-03	6.580883e+00
2.556777201000463e-03	6.580883e+00
2.566777201000463e-03	6.580883e+00
2.576777201000463e-03	6.580883e+00
2.586777201000463e-03	6.580883e+00
2.596777201000463e-03	6.580883e+00
2.606777201000463e-03	6.580883e+00
2.616777201000463e-03	6.580883e+00
2.626777201000463e-03	6.580883e+00
2.636777201000463e-03	6.580883e+00
2.646777201000463e-03	6.580883e+00
2.656777201000463e-03	6.580883e+00
2.666777201000463e-03	6.580883e+00
2.676777201000463e-03	6.580883e+00
2.686777201000463e-03	6.580883e+00
2.696777201000463e-03	6.580883e+00
2.706777201000463e-03	6.580883e+00
2.716777201000463e-03	6.580883e+00
2.726777201000463e-03	6.580883e+00
2.736777201000463e-03	6.580883e+00
2.746777201000463e-03	6.580883e+00
2.756777201000463e-03	6.580883e+00
2.766777201000463e-03	6.580883e+00
2.776777201000463e-03	6.580883e+00
2.786777201000463e-03	6.580883e+00
2.796777201000463e-03	6.580883e+00
2.806777201000463e-03	6.580883e+00
2.816777201000463e-03	6.580883e+00
2.826777201000463e-03	6.580883e+00
2.836777201000463e-03	6.580883e+00
2.846777201000463e-03	6.580883e+00
2.856777201000463e-03	6.580883e+00
2.866777201000463e-03	6.580883e+00
2.876777201000463e-03	6.580883e+00
2.886777201000463e-03	6.580883e+00
2.896777201000463e-03	6.580883e+00
2.906777201000463e-03	6.580883e+00
2.916777201000463e-03	6.580883e+00
2.926777201000463e-03	6.580883e+00
2.936777201000463e-03	6.580883e+00
2.946777201000463e-03	6.580883e+00
2.956777201000463e-03	6.580883e+00
2.966777201000463e-03	6.580883e+00
2.976777201000463e-03	6.580883e+00
2.986777201000463e-03	6.580883e+00
2.996777201000463e-03	6.580883e+00
3.006777201000463e-03	6.580883e+00
3.016777201000463e-03	6.580883e+00
3.026777201000463e-03	6.580883e+00
3.036777201000463e-03	6.580883e+00
3.046777201000463e-03	6.580883e+00
3.056777201000463e-03	6.580883e+00
3.066777201000463e-03	6.580883e+00
3.076777201000463e-03	6.580883e+00
3.086777201000463e-03	6.580883e+00
3.096777201000463e-03	6.580883e+00
3.106777201000463e-03	6.580883e+00
3.116777201000463e-03	6.580883e+00
3.126777201000463e-03	6.580883e+00
3.136777201000463e-03	6.580883e+00
3.146777201000463e-03	6.580883e+00
3.156777201000463e-03	6.580883e+00
3.166777201000463e-03	6.580883e+00
3.176777201000463e-03	6.580883e+00
3.186777201000463e-03	6.580883e+00
3.196777201000463e-03	6.580883e+00
3.206777201000463e-03	6.580883e+00
3.216777201000463e-03	6.580883e+00
3.226777201000463e-03	6.580883e+00
3.236777201000463e-03	6.580883e+00
3.246777201000463e-03	6.580883e+00
3.256777201000463e-03	6.580883e+00
3.266777201000463e-03	6.580883e+00
3.276777201000463e-03	6.580883e+00
3.286777201000463e-03	6.580883e+00
3.296777201000463e-03	6.580883e+00
3.306777201000463e-03	6.580883e+00
3.316777201000463e-03	6.580883e+00
3.326777201000463e-03	6.580883e+00
3.336777201000463e-03	6.580883e+00
3.346777201000463e-03	6.580883e+00
3.356777201000463e-03	6.580883e+00
3.366777201000463e-03	6.580883e+00
3.376777201000463e-03	6.580883e+00
3.386777201000463e-03	6.580883e+00
3.396777201000463e-03	6.580883e+00
3.406777201000463e-03	6.580883e+00
3.416777201000463e-03	6.580883e+00
3.426777201000463e-03	6.580883e+00
3.436777201000463e-03	6.580883e+00
3.446777201000463e-03	6.580883e+00
3.456777201000463e-03	6.580883e+00
3.466777201000463e-03	6.580883e+00
3.476777201000463e-03	6.580883e+00
3.486777201000463e-03	6.580883e+00
3.496777201000463e-03	6.580883e+00
3.506777201000463e-03	6.580883e+00
3.516777201000463e-03	6.580883e+00
3.526777201000463e-03	6.580883e+00
3.536777201000463e-03	6.580883e+00
3.546777201000463e-03	6.580883e+00
3.556777201000463e-03	6.580883e+00
3.566777201000463e-03	6.580883e+00
3.576777201000463e-03	6.580883e+00
3.586777201000463e-03	6.580883e+00
3.596777201000463e-03	6.580883e+00
3.606777201000463e-03	6.580883e+00
3.616777201000463e-03	6.580883e+00
3.626777201000463e-03	6.580883e+00
3.636777201000463e-03	6.580883e+00
3.646777201000463e-03	6.580883e+00
3.656777201000463e-03	6.580883e+00
3.666777201000463e-03	6.580883e+00
3.676777201000463e-03	6.580883e+00
3.686777201000463e-03	6.580883e+00
3.696777201000463e-03	6.580883e+00
3.706777201000463e-03	6.580883e+00
3.716777201000463e-03	6.580883e+00
3.726777201000463e-03	6.580883e+00
3.736777201000463e-03	6.580883e+00
3.746777201000463e-03	6.580883e+00
3.756777201000463e-03	6.580883e+00
3.766777201000463e-03	6.580883e+00
3.776777201000463e-03	6.580883e+00
3.786777201000463e-03	6.580883e+00
3.796777201000463e-03	6.580883e+00
3.806777201000463e-03	6.580883e+00
3.816777201000463e-03	6.580883e+00
3.826777201000463e-03	6.580883e+00
3.836777201000463e-03	6.580883e+00
3.846777201000463e-03	6.580883e+00
3.856777201000463e-03	6.580883e+00
3.866777201000463e-03	6.580883e+00
3.876777201000463e-03	6.580883e+00
3.886777201000463e-03	6.580883e+00
3.896777201000463e-03	6.580883e+00
3.906777201000463e-03	6.580883e+00
3.916777201000463e-03	6.580883e+00
3.926777201000463e-03	6.580883e+00
3.936777201000463e-03	6.580883e+00
3.946777201000463e-03	6.580883e+00
3.956777201000463e-03	6.580883e+00
3.966777201000463e-03	6.580883e+00
3.976777201000463e-03	6.580883e+00
3.986777201000463e-03	6.580883e+00
3.996777201000463e-03	6.580883e+00
4.006777201000463e-03	6.580883e+00
4.016777201000463e-03	6.580883e+00
4.026777201000463e-03	6.580883e+00
4.036777201000463e-03	6.580883e+00
4.046777201000462e-03	6.580883e+00
4.056777201000463e-03	6.580883e+00
4.066777201000463e-03	6.580883e+00
4.076777201000463e-03	6.580883e+00
4.086777201000463e-03	6.580883e+00
4.096777201000463e-03	6.580883e+00
4.106777201000463e-03	6.580883e+00
4.116777201000463e-03	6.580883e+00
4.126777201000463e-03	6.580883e+00
4.136777201000463e-03	6.580883e+00
4.146777201000463e-03	6.580883e+00
4.156777201000463e-03	6.580883e+00
4.166777201000463e-03	6.580883e+00
4.176777201000463e-03	6.580883e+00
4.186777201000463e-03	6.580883e+00
4.196777201000462e-03	6.580883e+00
4.206777201000463e-03	6.580883e+00
4.216777201000462e-03	6.580883e+00
4.226777201000463e-03	6.580883e+00
4.236777201000463e-03	6.580883e+00
4.246777201000463e-03	6.580883e+00
4.256777201000463e-03	6.580883e+00
4.266777201000463e-03	6.580883e+00
4.276777201000463e-03	6.580883e+00
4.286777201000463e-03	6.580883e+00
4.296777201000463e-03	6.580883e+00
4.306777201000463e-03	6.580883e+00
4.316777201000463e-03	6.580883e+00
4.326777201000463e-03	6.580883e+00
4.336777201000463e-03	6.580883e+00
4.346777201000463e-03	6.580883e+00
4.356777201000463e-03	6.580883e+00
4.366777201000462e-03	6.580883e+00
4.376777201000463e-03	6.580883e+00
4.386777201000462e-03	6.580883e+00
4.396777201000463e-03	6.580883e+00
4.406777201000463e-03	6.580883e+00
4.416777201000463e-03	6.580883e+00
4.426777201000463e-03	6.580883e+00
4.436777201000463e-03	6.580883e+00
4.446777201000463e-03	6.580883e+00
4.456777201000463e-03	6.580883e+00
4.466777201000463e-03	6.580883e+00
4.476777201000463e-03	6.580883e+00
4.486777201000463e-03	6.580883e+00
4.496777201000463e-03	6.580883e+00
4.506777201000463e-03	6.580883e+00
4.516777201000462e-03	6.580883e+00
4.526777201000463e-03	6.580883e+00
4.536777201000462e-03	6.580883e+00
4.546777201000463e-03	6.580883e+00
4.556777201000463e-03	6.580883e+00
4.566777201000463e-03	6.580883e+00
4.576777201000463e-03	6.580883e+00
4.586777201000463e-03	6.580883e+00
4.596777201000463e-03	6.580883e+00
4.606777201000463e-03	6.580883e+00
4.616777201000463e-03	6.580883e+00
4.626777201000463e-03	6.580883e+00
4.636777201000463e-03	6.580883e+00
4.646777201000463e-03	6.580883e+00
4.656777201000463e-03	6.580883e+00
4.666777201000463e-03	6.580883e+00
4.676777201000463e-03	6.580883e+00
4.686777201000462e-03	6.580883e+00
4.696777201000463e-03	6.580883e+00
4.706777201000462e-03	6.580883e+00
4.716777201000463e-03	6.580883e+00
4.726777201000463e-03	6.580883e+00
4.736777201000463e-03	6.580883e+00
4.746777201000463e-03	6.580883e+00
4.756777201000463e-03	6.580883e+00
4.766777201000463e-03	6.580883e+00
4.776777201000463e-03	6.580883e+00
4.786777201000463e-03	6.580883e+00
4.796777201000463e-03	6.580883e+00
4.806777201000463e-03	6.580883e+00
4.816777201000463e-03	6.580883e+00
4.826777201000463e-03	6.580883e+00
4.836777201000462e-03	6.580883e+00
4.846777201000463e-03	6.580883e+00
4.856777201000462e-03	6.580883e+00
4.866777201000463e-03	6.580883e+00
4.876777201000462e-03	6.580883e+00
4.886777201000463e-03	6.580883e+00
4.896777201000463e-03	6.580883e+00
4.906777201000463e-03	6.580883e+00
4.916777201000463e-03	6.580883e+00
4.926777201000463e-03	6.580883e+00
4.936777201000463e-03	6.580883e+00
4.946777201000463e-03	6.580883e+00
4.956777201000463e-03	6.580883e+00
4.966777201000463e-03	6.580883e+00
4.976777201000463e-03	6.580883e+00
4.986777201000463e-03	6.580883e+00
4.996777201000463e-03	6.580883e+00
5.006777201000462e-03	6.580883e+00
5.016777201000463e-03	6.580883e+00
5.026777201000462e-03	6.580883e+00
5.036777201000463e-03	6.580883e+00
5.046777201000462e-03	6.580883e+00
5.056777201000463e-03	6.580883e+00
5.066777201000463e-03	6.580883e+00
5.076777201000463e-03	6.580883e+00
5.086777201000463e-03	6.580883e+00
5.096777201000463e-03	6.580883e+00
5.106777201000463e-03	6.580883e+00
5.116777201000463e-03	6.580883e+00
5.126777201000463e-03	6.580883e+00
5.136777201000463e-03	6.580883e+00
5.146777201000463e-03	6.580883e+00
5.156777201000462e-03	6.580883e+00
5.166777201000463e-03	6.580883e+00
5.176777201000462e-03	6.580883e+00
5.186777201000463e-03	6.580883e+00
5.196777201000462e-03	6.580883e+00
5.206777201000463e-03	6.580883e+00
5.216777201000463e-03	6.580883e+00
5.226777201000463e-03	6.580883e+00
5.236777201000463e-03	6.580883e+00
5.246777201000463e-03	6.580883e+00
5.256777201000463e-03	6.580883e+00
5.266777201000463e-03	6.580883e+00
5.276777201000463e-03	6.580883e+00
5.286777201000463e-03	6.580883e+00
5.296777201000463e-03	6.580883e+00
5.306777201000463e-03	6.580883e+00
5.316777201000463e-03	6.580883e+00
5.326777201000462e-03	6.580883e+00
5.336777201000463e-03	6.580883e+00
5.346777201000462e-03	6.580883e+00
5.356777201000463e-03	6.580883e+00
5.366777201000462e-03	6.580883e+00
5.376777201000463e-03	6.580883e+00
5.386777201000463e-03	6.580883e+00
5.396777201000463e-03	6.580883e+00
5.406777201000463e-03	6.580883e+00
5.416777201000463e-03	6.580883e+00
5.426777201000463e-03	6.580883e+00
5.436777201000463e-03	6.580883e+00
5.446777201000463e-03	6.580883e+00
5.456777201000463e-03	6.580883e+00
5.466777201000463e-03	6.580883e+00
5.476777201000462e-03	6.580883e+00
5.486777201000463e-03	6.580883e+00
5.496777201000462e-03	6.580883e+00
5.506777201000463e-03	6.580883e+00
5.516777201000462e-03	6.580883e+00
5.526777201000463e-03	6.580883e+00
5.536777201000462e-03	6.580883e+00
5.546777201000463e-03	6.580883e+00
5.556777201000463e-03	6.580883e+00
5.566777201000463e-03	6.580883e+00
5.576777201000463e-03	6.580883e+00
5.586777201000463e-03	6.580883e+00
5.596777201000463e-03	6.580883e+00
5.606777201000463e-03	6.580883e+00
5.616777201000463e-03	6.580883e+00
5.626777201000463e-03	6.580883e+00
5.636777201000463e-03	6.580883e+00
5.646777201000462e-03	6.580883e+00
5.656777201000463e-03	6.580883e+00
5.666777201000462e-03	6.580883e+00
5.676777201000463e-03	6.580883e+00
5.686777201000462e-03	6.580883e+00
5.696777201000463e-03	6.580883e+00
5.706777201000462e-03	6.580883e+00
5.716777201000463e-03	6.580883e+00
5.726777201000463e-03	6.580883e+00
5.736777201000463e-03	6.580883e+00
5.746777201000463e-03	6.580883e+00
5.756777201000463e-03	6.580883e+00
5.766777201000463e-03	6.580883e+00
5.776777201000463e-03	6.580883e+00
5.786777201000463e-03	6.580883e+00
5.796777201000462e-03	6.580883e+00
5.806777201000463e-03	6.580883e+00
5.816777201000462e-03	6.580883e+00
5.826777201000463e-03	6.580883e+00
5.836777201000462e-03	6.580883e+00
5.846777201000463e-03	6.580883e+00
5.856777201000462e-03	6.580883e+00
5.866777201000463e-03	6.580883e+00
5.876777201000462e-03	6.580883e+00
5.886777201000463e-03	6.580883e+00
5.896777201000463e-03	6.580883e+00
5.906777201000463e-03	6.580883e+00
5.916777201000463e-03	6.580883e+00
5.926777201000463e-03	6.580883e+00
5.936777201000463e-03	6.580883e+00
5.946777201000463e-03	6.580883e+00
5.956777201000463e-03	6.580883e+00
5.966777201000462e-03	6.580883e+00
5.976777201000463e-03	6.580883e+00
5.986777201000462e-03	6.580883e+00
5.996777201000463e-03	6.580883e+00
6.006777201000462e-03	6.580883e+00
6.016777201000463e-03	6.580883e+00
6.026777201000462e-03	6.580883e+00
6.036777201000463e-03	6.580883e+00
6.046777201000463e-03	6.580883e+00
6.056777201000463e-03	6.580883e+00
6.066777201000463e-03	6.580883e+00
6.076777201000463e-03	6.580883e+00
6.086777201000463e-03	6.580883e+00
6.096777201000463e-03	6.580883e+00
6.106777201000463e-03	6.580883e+00
6.116777201000462e-03	6.580883e+00
6.126777201000463e-03	6.580883e+00
6.136777201000462e-03	6.580883e+00
6.146777201000463e-03	6.580883e+00
6.156777201000462e-03	6.580883e+00
6.166777201000463e-03	6.580883e+00
6.176777201000462e-03	6.580883e+00
6.186777201000463e-03	6.580883e+00
6.196777201000462e-03	6.580883e+00
6.206777201000463e-03	6.580883e+00
6.216777201000463e-03	6.580883e+00
6.226777201000463e-03	6.580883e+00
6.236777201000463e-03	6.580883e+00
6.246777201000463e-03	6.580883e+00
6.256777201000463e-03	6.580883e+00
6.266777201000463e-03	6.580883e+00
6.276777201000463e-03	6.580883e+00
6.286777201000462e-03	6.580883e+00
6.296777201000463e-03	6.580883e+00
6.306777201000462e-03	6.580883e+00
6.316777201000463e-03	6.580883e+00
6.326777201000462e-03	6.580883e+00
6.336777201000463e-03	6.580883e+00
6.346777201000462e-03	6.580883e+00
6.356777201000463e-03	6.580883e+00
6.366777201000462e-03	6.580883e+00
6.376777201000463e-03	6.580883e+00
6.386777201000463e-03	6.580883e+00
6.396777201000463e-03	6.580883e+00
6.406777201000463e-03	6.580883e+00
6.416777201000463e-03	6.580883e+00
6.426777201000463e-03	6.580883e+00
6.436777201000462e-03	6.580883e+00
6.446777201000463e-03	6.580883e+00
6.456777201000462e-03	6.580883e+00
6.466777201000463e-03	6.580883e+00
6.476777201000462e-03	6.580883e+00
6.486777201000463e-03	6.580883e+00
6.496777201000462e-03	6.580883e+00
6.506777201000463e-03	6.580883e+00
6.516777201000462e-03	6.580883e+00
6.526777201000463e-03	6.580883e+00
6.536777201000462e-03	6.580883e+00
6.546777201000463e-03	6.580883e+00
6.556777201000463e-03	6.580883e+00
6.566777201000463e-03	6.580883e+00
6.576777201000463e-03	6.580883e+00
6.586777201000463e-03	6.580883e+00
6.596777201000463e-03	6.580883e+00
6.606777201000462e-03	6.580883e+00
6.616777201000463e-03	6.580883e+00
6.626777201000462e-03	6.580883e+00
6.636777201000463e-03	6.580883e+00
6.646777201000462e-03	6.580883e+00
6.656777201000463e-03	6.580883e+00
6.666777201000462e-03	6.580883e+00
6.676777201000463e-03	6.580883e+00
6.686777201000462e-03	6.580883e+00
6.696777201000463e-03	6.580883e+00
6.706777201000463e-03	6.580883e+00
6.716777201000463e-03	6.580883e+00
6.726777201000463e-03	6.580883e+00
6.736777201000463e-03	6.580883e+00
6.746777201000463e-03	6.580883e+00
6.756777201000462e-03	6.580883e+00
6.766777201000463e-03	6.580883e+00
6.776777201000462e-03	6.580883e+00
6.786777201000463e-03	6.580883e+00
6.796777201000462e-03	6.580883e+00
6.806777201000463e-03	6.580883e+00
6.816777201000462e-03	6.580883e+00
6.826777201000463e-03	6.580883e+00
6.836777201000462e-03	6.580883e+00
6.846777201000463e-03	6.580883e+00
6.856777201000462e-03	6.580883e+00
6.866777201000463e-03	6.580883e+00
6.876777201000463e-03	6.580883e+00
6.886777201000463e-03	6.580883e+00
6.896777201000463e-03	6.580883e+00
6.906777201000463e-03	6.580883e+00
6.916777201000463e-03	6.580883e+00
6.926777201000462e-03	6.580883e+00
6.936777201000463e-03	6.580883e+00
6.946777201000462e-03	6.580883e+00
6.956777201000463e-03	6.580883e+00
6.966777201000462e-03	6.580883e+00
6.976777201000463e-03	6.580883e+00
6.986777201000462e-03	6.580883e+00
6.996777201000463e-03	6.580883e+00
7.006777201000462e-03	6.580883e+00
7.016777201000463e-03	6.580883e+00
7.026777201000462e-03	6.580883e+00
7.036777201000463e-03	6.580883e+00
7.046777201000463e-03	6.580883e+00
7.056777201000463e-03	6.580883e+00
7.066777201000463e-03	6.580883e+00
7.076777201000462e-03	6.580883e+00
7.086777201000463e-03	6.580883e+00
7.096777201000462e-03	6.580883e+00
7.106777201000463e-03	6.580883e+00
7.116777201000462e-03	6.580883e+00
7.126777201000463e-03	6.580883e+00
7.136777201000462e-03	6.580883e+00
7.146777201000463e-03	6.580883e+00
7.156777201000462e-03	6.580883e+00
7.166777201000463e-03	6.580883e+00
7.176777201000462e-03	6.580883e+00
7.186777201000463e-03	6.580883e+00
7.196777201000462e-03	6.580883e+00
7.206777201000463e-03	6.580883e+00
7.216777201000463e-03	6.580883e+00
7.226777201000463e-03	6.580883e+00
7.236777201000463e-03	6.580883e+00
7.246777201000462e-03	6.580883e+00
7.256777201000463e-03	6.580883e+00
7.266777201000462e-03	6.580883e+00
7.276777201000463e-03	6.580883e+00
7.286777201000462e-03	6.580883e+00
7.296777201000463e-03	6.580883e+00
7.306777201000462e-03	6.580883e+00
7.316777201000463e-03	6.580883e+00
7.326777201000462e-03	6.580883e+00
7.336777201000463e-03	6.580883e+00
7.346777201000462e-03	6.580883e+00
7.356777201000463e-03	6.580883e+00
7.366777201000463e-03	6.580883e+00
7.376777201000463e-03	6.580883e+00
7.386777201000463e-03	6.580883e+00
7.396777201000462e-03	6.580883e+00
7.406777201000463e-03	6.580883e+00
7.416777201000462e-03	6.580883e+00
7.426777201000463e-03	6.580883e+00
7.436777201000462e-03	6.580883e+00
7.446777201000463e-03	6.580883e+00
7.456777201000462e-03	6.580883e+00
7.466777201000463e-03	6.580883e+00
7.476777201000462e-03	6.580883e+00
7.486777201000463e-03	6.580883e+00
7.496777201000462e-03	6.580883e+00
7.506777201000463e-03	6.580883e+00
7.516777201000462e-03	6.580883e+00
7.526777201000463e-03	6.580883e+00
7.536777201000463e-03	6.580883e+00
7.546777201000463e-03	6.580883e+00
7.556777201000463e-03	6.580883e+00
7.566777201000462e-03	6.580883e+00
7.576777201000463e-03	6.580883e+00
7.586777201000462e-03	6.580883e+00
7.596777201000463e-03	6.580883e+00
7.606777201000462e-03	6.580883e+00
7.616777201000463e-03	6.580883e+00
7.626777201000462e-03	6.580883e+00
7.636777201000463e-03	6.580883e+00
7.646777201000462e-03	6.580883e+00
7.656777201000463e-03	6.580883e+00
7.666777201000462e-03	6.580883e+00
7.676777201000463e-03	6.580883e+00
7.686777201000462e-03	6.580883e+00
7.696777201000463e-03	6.580883e+00
7.706777201000463e-03	6.580883e+00
7.716777201000462e-03	6.580883e+00
7.726777201000463e-03	6.580883e+00
7.736777201000462e-03	6.580883e+00
7.746777201000463e-03	6.580883e+00
7.756777201000462e-03	6.580883e+00
7.766777201000463e-03	6.580883e+00
7.776777201000462e-03	6.580883e+00
7.786777201000463e-03	6.580883e+00
7.796777201000462e-03	6.580883e+00
7.806777201000463e-03	6.580883e+00
7.816777201000463e-03	6.580883e+00
7.826777201000463e-03	6.580883e+00
7.836777201000462e-03	6.580883e+00
7.846777201000462e-03	6.580883e+00
7.856777201000463e-03	6.580883e+00
7.866777201000463e-03	6.580883e+00
7.876777201000463e-03	6.580883e+00
7.886777201000462e-03	6.580883e+00
7.896777201000462e-03	6.580883e+00
7.906777201000463e-03	6.580883e+00
7.916777201000463e-03	6.580883e+00
7.926777201000462e-03	6.580883e+00
7.936777201000462e-03	6.580883e+00
7.946777201000463e-03	6.580883e+00
7.956777201000463e-03	6.580883e+00
7.966777201000462e-03	6.580883e+00
7.976777201000462e-03	6.580883e+00
7.986777201000463e-03	6.580883e+00
7.996777201000463e-03	6.580883e+00
8.006777201000462e-03	6.580883e+00
8.016777201000462e-03	6.580883e+00
8.026777201000463e-03	6.580883e+00
8.036777201000463e-03	6.580883e+00
8.046777201000463e-03	6.580883e+00
8.056777201000462e-03	6.580883e+00
8.066777201000462e-03	6.580883e+00
8.076777201000463e-03	6.580883e+00
8.086777201000463e-03	6.580883e+00
8.096777201000462e-03	6.580883e+00
8.106777201000462e-03	6.580883e+00
8.116777201000463e-03	6.580883e+00
8.126777201000463e-03	6.580883e+00
8.136777201000462e-03	6.580883e+00
8.146777201000462e-03	6.580883e+00
8.156777201000463e-03	6.580883e+00
8.166777201000463e-03	6.580883e+00
8.176777201000462e-03	6.580883e+00
8.186777201000462e-03	6.580883e+00
8.196777201000462e-03	6.580883e+00
8.206777201000463e-03	6.580883e+00
8.216777201000463e-03	6.580883e+00
8.226777201000462e-03	6.580883e+00
8.236777201000462e-03	6.580883e+00
8.246777201000463e-03	6.580883e+00
8.256777201000463e-03	6.580883e+00
8.266777201000462e-03	6.580883e+00
8.276777201000462e-03	6.580883e+00
8.286777201000463e-03	6.580883e+00
8.296777201000463e-03	6.580883e+00
8.306777201000462e-03	6.580883e+00
8.316777201000462e-03	6.580883e+00
8.326777201000463e-03	6.580883e+00
8.336777201000463e-03	6.580883e+00
8.346777201000462e-03	6.580883e+00
8.356777201000462e-03	6.580883e+00
8.366777201000462e-03	6.580883e+00
8.376777201000463e-03	6.580883e+00
8.386777201000463e-03	6.580883e+00
8.396777201000462e-03	6.580883e+00
8.406777201000462e-03	6.580883e+00
8.416777201000463e-03	6.580883e+00
8.426777201000463e-03	6.580883e+00
8.436777201000462e-03	6.580883e+00
8.446777201000462e-03	6.580883e+00
8.456777201000463e-03	6.580883e+00
8.466777201000463e-03	6.580883e+00
8.476777201000462e-03	6.580883e+00
8.486777201000462e-03	6.580883e+00
8.496777201000463e-03	6.580883e+00
8.506777201000463e-03	6.580883e+00
8.516777201000462e-03	6.580883e+00
8.526777201000462e-03	6.580883e+00
8.536777201000462e-03	6.580883e+00
8.546777201000463e-03	6.580883e+00
8.556777201000463e-03	6.580883e+00
8.566777201000462e-03	6.580883e+00
8.576777201000462e-03	6.580883e+00
8.586777201000463e-03	6.580883e+00
8.596777201000463e-03	6.580883e+00
8.606777201000462e-03	6.580883e+00
8.616777201000462e-03	6.580883e+00
8.626777201000463e-03	6.580883e+00
8.636777201000463e-03	6.580883e+00
8.646777201000462e-03	6.580883e+00
8.656777201000462e-03	6.580883e+00
8.666777201000463e-03	6.580883e+00
8.676777201000463e-03	6.580883e+00
8.686777201000462e-03	6.580883e+00
8.696777201000462e-03	6.580883e+00
8.706777201000462e-03	6.580883e+00
8.716777201000463e-03	6.580883e+00
8.726777201000463e-03	6.580883e+00
8.736777201000462e-03	6.580883e+00
8.746777201000462e-03	6.580883e+00
8.756777201000463e-03	6.580883e+00
8.766777201000463e-03	6.580883e+00
8.776777201000462e-03	6.580883e+00
8.786777201000462e-03	6.580883e+00
8.796777201000463e-03	6.580883e+00
8.806777201000463e-03	6.580883e+00
8.816777201000462e-03	6.580883e+00
8.826777201000462e-03	6.580883e+00
8.836777201000462e-03	6.580883e+00
8.846777201000463e-03	6.580883e+00
8.856777201000463e-03	6.580883e+00
8.866777201000462e-03	6.580883e+00
8.876777201000462e-03	6.580883e+00
8.886777201000463e-03	6.580883e+00
8.896777201000463e-03	6.580883e+00
8.906777201000462e-03	6.580883e+00
8.916777201000462e-03	6.580883e+00
8.926777201000463e-03	6.580883e+00
8.936777201000463e-03	6.580883e+00
8.946777201000462e-03	6.580883e+00
8.956777201000462e-03	6.580883e+00
8.966777201000463e-03	6.580883e+00
8.976777201000463e-03	6.580883e+00
8.986777201000462e-03	6.580883e+00
8.996777201000462e-03	6.580883e+00
9.006777201000462e-03	6.580883e+00
9.016777201000463e-03	6.580883e+00
9.026777201000463e-03	6.580883e+00
9.036777201000462e-03	6.580883e+00
9.046777201000462e-03	6.580883e+00
9.056777201000463e-03	6.580883e+00
9.066777201000463e-03	6.580883e+00
9.076777201000462e-03	6.580883e+00
9.086777201000462e-03	6.580883e+00
9.096777201000463e-03	6.580883e+00
9.106777201000463e-03	6.580883e+00
9.116777201000462e-03	6.580883e+00
9.126777201000462e-03	6.580883e+00
9.136777201000463e-03	6.580883e+00
9.146777201000463e-03	6.580883e+00
9.156777201000462e-03	6.580883e+00
9.166777201000462e-03	6.580883e+00
9.176777201000462e-03	6.580883e+00
9.186777201000463e-03	6.580883e+00
9.196777201000463e-03	6.580883e+00
9.206777201000462e-03	6.580883e+00
9.216777201000462e-03	6.580883e+00
9.226777201000463e-03	6.580883e+00
9.236777201000463e-03	6.580883e+00
9.246777201000462e-03	6.580883e+00
9.256777201000462e-03	6.580883e+00
9.266777201000463e-03	6.580883e+00
9.276777201000463e-03	6.580883e+00
9.286777201000462e-03	6.580883e+00
9.296777201000462e-03	6.580883e+00
9.306777201000463e-03	6.580883e+00
9.316777201000463e-03	6.580883e+00
9.326777201000462e-03	6.580883e+00
9.336777201000462e-03	6.580883e+00
9.346777201000462e-03	6.580883e+00
9.356777201000463e-03	6.580883e+00
9.366777201000463e-03	6.580883e+00
9.376777201000462e-03	6.580883e+00
9.386777201000462e-03	6.580883e+00
9.396777201000463e-03	6.580883e+00
9.406777201000463e-03	6.580883e+00
9.416777201000462e-03	6.580883e+00
9.426777201000462e-03	6.580883e+00
9.436777201000463e-03	6.580883e+00
9.446777201000463e-03	6.580883e+00
9.456777201000462e-03	6.580883e+00
9.466777201000462e-03	6.580883e+00
9.476777201000462e-03	6.580883e+00
9.486777201000463e-03	6.580883e+00
9.496777201000462e-03	6.580883e+00
9.506777201000462e-03	6.580883e+00
9.516777201000462e-03	6.580883e+00
9.526777201000463e-03	6.580883e+00
9.536777201000463e-03	6.580883e+00
9.546777201000462e-03	6.580883e+00
9.556777201000462e-03	6.580883e+00
9.566777201000463e-03	6.580883e+00
9.576777201000463e-03	6.580883e+00
9.586777201000462e-03	6.580883e+00
9.596777201000462e-03	6.580883e+00
9.606777201000463e-03	6.580883e+00
9.616777201000463e-03	6.580883e+00
9.626777201000462e-03	6.580883e+00
9.636777201000462e-03	6.580883e+00
9.646777201000462e-03	6.580883e+00
9.656777201000463e-03	6.580883e+00
9.666777201000462e-03	6.580883e+00
9.676777201000462e-03	6.580883e+00
9.686777201000462e-03	6.580883e+00
9.696777201000463e-03	6.580883e+00
9.706777201000463e-03	6.580883e+00
9.716777201000462e-03	6.580883e+00
9.726777201000462e-03	6.580883e+00
9.736777201000463e-03	6.580883e+00
9.746777201000463e-03	6.580883e+00
9.756777201000462e-03	6.580883e+00
9.766777201000462e-03	6.580883e+00
9.776777201000463e-03	6.580883e+00
9.786777201000463e-03	6.580883e+00
9.796777201000462e-03	6.580883e+00
9.806777201000462e-03	6.580883e+00
9.816777201000462e-03	6.580883e+00
9.826777201000463e-03	6.580883e+00
9.836777201000462e-03	6.580883e+00
9.846777201000462e-03	6.580883e+00
9.856777201000462e-03	6.580883e+00
9.866777201000463e-03	6.580883e+00
9.876777201000463e-03	6.580883e+00
9.886777201000462e-03	6.580883e+00
9.896777201000462e-03	6.580883e+00
9.906777201000463e-03	6.580883e+00
9.916777201000463e-03	6.580883e+00
9.926777201000462e-03	6.580883e+00
9.936777201000462e-03	6.580883e+00
9.946777201000463e-03	6.580883e+00
9.956777201000463e-03	6.580883e+00
9.966777201000462e-03	6.580883e+00
9.976777201000462e-03	6.580883e+00
9.986777201000462e-03	6.580883e+00
9.996777201000463e-03	6.580883e+00
1.000000000000000e-02	6.580883e+00
1.000000000100000e-02	6.580883e+00
1.000000000200000e-02	6.580883e+00
1.000000000440036e-02	6.580883e+00
1.000000000670974e-02	6.580883e+00
1.000000001132851e-02	6.580883e+00
1.000000002056606e-02	6.580883e+00
1.000000003904114e-02	6.580883e+00
1.000000007599130e-02	6.580883e+00
1.000000014989163e-02	6.580883e+00
1.000000029769228e-02	6.580883e+00
1.000000059329359e-02	6.580883e+00
1.000000118449621e-02	6.580883e+00
1.000000236690145e-02	6.580883e+00
1.000000473171193e-02	6.580883e+00
1.000000946133289e-02	6.580883e+00
1.000001768468402e-02	6.580883e+00
1.000002962942897e-02	6.580883e+00
1.000005351891888e-02	6.580884e+00
1.000010129789868e-02	6.580884e+00
1.000017105027691e-02	6.580884e+00
1.000023626403225e-02	6.580885e+00
1.000031614377578e-02	6.580885e+00
1.000039209500841e-02	6.580886e+00
1.000054399747366e-02	6.580888e+00
1.000056482753760e-02	6.580888e+00
1.000060648766549e-02	6.580888e+00
1.000068980792126e-02	6.580887e+00
1.000085644843280e-02	6.580885e+00
1.000118972945588e-02	6.580870e+00
1.000176798343029e-02	6.580822e+00
1.000243495305696e-02	6.580739e+00
1.000255254084788e-02	6.580722e+00
1.000278771642972e-02	6.580685e+00
1.000325806759341e-02	6.580608e+00
1.000337565538433e-02	6.580588e+00
1.000361083096617e-02	6.580548e+00
1.000408118212986e-02	6.580468e+00
1.000502188445724e-02	6.580304e+00
1.000690328911199e-02	6.579969e+00
1.001062905468319e-02	6.579265e+00
1.001808058582558e-02	6.577666e+00
1.002808058582558e-02	6.574940e+00
1.003808058582558e-02	6.571027e+00
1.004808058582558e-02	6.564607e+00
1.005808058582558e-02	6.551277e+00
1.006808058582558e-02	6.496300e+00
1.007808058582558e-02	6.293609e+00
1.008808058582558e-02	6.082501e+00
1.009808058582558e-02	5.861327e+00
1.010000000000000e-02	5.817577e+00
1.010000000100000e-02	5.817577e+00
1.010000001700000e-02	5.817577e+00
1.010000004900000e-02	5.817576e+00
1.010000011300000e-02	5.817576e+00
1.010000024100000e-02	5.817574e+00
1.010000049700000e-02	5.817571e+00
1.010000100900000e-02	5.817564e+00
1.010000203300000e-02	5.817547e+00
1.010000408100000e-02	5.817509e+00
1.010000817700000e-02	5.817421e+00
1.010001636900000e-02	5.817236e+00
1.010003275300001e-02	5.816862e+00
1.010006552100002e-02	5.816114e+00
1.010013105700003e-02	5.814616e+00
1.010026212900006e-02	5.811622e+00
1.010052427300013e-02	5.805631e+00
1.010104856100025e-02	5.793640e+00
1.010209713700050e-02	5.769627e+00
1.010419428900100e-02	5.721520e+00
1.010838859300201e-02	5.625225e+00
1.011677720100402e-02	5.433907e+00
1.012677720100402e-02	5.211038e+00
1.013677720100402e-02	4.996631e+00
1.014677720100401e-02	4.796553e+00
1.015677720100402e-02	4.615815e+00
1.016677720100402e-02	4.435586e+00
1.017677720100402e-02	4.167302e+00
1.018677720100401e-02	3.707226e+00
1.019677720100402e-02	3.342487e+00
1.020642687882405e-02	3.225333e+00
1.021642687882405e-02	3.199138e+00
1.022642687882405e-02	3.179417e+00
1.023642687882405e-02	3.118914e+00
1.024642687882405e-02	3.012995e+00
1.025642687882405e-02	2.887724e+00
1.026642687882405e-02	2.760444e+00
1.027642687882405e-02	2.631620e+00
1.028642687882405e-02	2.501789e+00
1.029642687882405e-02	2.371251e+00
1.030642687882405e-02	2.240399e+00
1.031642687882405e-02	2.109463e+00
1.032642687882405e-02	1.978837e+00
1.033642687882405e-02	1.848917e+00
1.034642687882405e-02	1.720761e+00
1.035642687882405e-02	1.598109e+00
1.036642687882405e-02	1.484174e+00
1.037642687882405e-02	1.375163e+00
1.038642687882405e-02	1.265192e+00
1.039642687882405e-02	1.147822e+00
1.040642687882405e-02	9.919643e-01
1.041642687882405e-02	7.707136e-01
1.042641836019209e-02	5.100155e-01
1.043641836019209e-02	2.685459e-01
1.044641836019209e-02	1.040409e-01
1.045589700501564e-02	3.222561e-02
1.046589700501564e-02	2.307510e-02
1.047576027258791e-02	1.045704e-02
1.048576027258791e-02	-2.163172e-03
1.049576027258791e-02	3.304482e-04
1.050576027258791e-02	-1.962185e-03
1.051576027258791e-02	-2.961159e-04
1.052576027258791e-02	-1.703024e-03
1.053576027258791e-02	1.790524e-04
1.054576027258791e-02	-1.558065e-03
1.055576027258791e-02	-5.962849e-04
1.056576027258791e-02	-1.224041e-03
1.057576027258791e-02	-1.116991e-03
1.058576027258791e-02	-1.033068e-03
1.059576027258791e-02	-9.789467e-04
1.060576027258791e-02	-9.112358e-04
1.061576027258791e-02	-8.134842e-04
1.062576027258791e-02	-6.847382e-04
1.063576027258791e-02	-5.981922e-04
1.064576027258791e-02	-5.348921e-04
1.065576027258791e-02	-4.972219e-04
1.066576027258791e-02	-4.656315e-04
1.067576027258791e-02	-4.372597e-04
1.068576027258791e-02	-4.158020e-04
1.069576027258791e-02	-3.844500e-04
1.070576027258791e-02	-3.751516e-04
1.071576027258791e-02	-3.308058e-04
1.072576027258791e-02	-3.566742e-04
1.073576027258791e-02	-2.638102e-04
1.074576027258791e-02	-3.488064e-04
1.075576027258791e-02	-2.129078e-04
1.076576027258791e-02	-3.136396e-04
1.077576027258791e-02	-2.053976e-04
1.078576027258791e-02	-2.311468e-04
1.079576027258791e-02	-2.557039e-04
1.080576027258791e-02	-9.250641e-05
1.081576027258791e-02	-3.591776e-04
1.082576027258791e-02	6.139278e-05
1.083576027258791e-02	-4.150867e-04
1.084576027258791e-02	7.665157e-05
1.085576027258791e-02	-2.694130e-04
1.086576027258791e-02	-7.939339e-05
1.087576027258791e-02	-6.675720e-05
1.088576027258791e-02	-1.268387e-04
1.089576027258791e-02	1.990795e-05
1.090576027258791e-02	-2.908707e-05
1.091576027258791e-02	1.366138e-04
1.092576027258791e-02	1.103878e-04
1.093576027258791e-02	1.950264e-04
1.094576027258791e-02	-3.421307e-05
1.095576027258791e-02	-1.277924e-04
1.096576027258791e-02	-3.061295e-04
1.097576027258791e-02	-2.483130e-04
1.098576027258791e-02	-3.052950e-04
1.099576027258791e-02	-6.997585e-05
1.100000000100000e-02	-7.057190e-05
1.100000000200000e-02	-7.057190e-05
1.100000001800000e-02	-7.057190e-05
1.100000005000000e-02	-7.045269e-05
1.100000011400000e-02	-7.045269e-05
1.100000024200000e-02	-7.045269e-05
1.100000049800000e-02	-7.033348e-05
1.100000101000000e-02	-7.009506e-05
1.100000203400000e-02	-6.937981e-05
1.100000408200000e-02	-6.794930e-05
1.100000817800000e-02	-6.520748e-05
1.100001637000000e-02	-6.043911e-05
1.100003275400001e-02	-5.149841e-05
1.100006552200002e-02	-3.755093e-05
1.100013105800003e-02	-1.978874e-05
1.100026213000006e-02	-4.172325e-06
1.100052427400013e-02	2.622604e-06
1.100104856200025e-02	2.026558e-06
1.100209713800050e-02	-1.430511e-06
1.100419429000100e-02	-1.597404e-05
1.100838859400201e-02	-6.926060e-05
1.101677720200402e-02	-1.562834e-04
1.102677720200402e-02	-1.668930e-04
1.103677720200402e-02	-1.474619e-04
1.104677720200402e-02	-1.301765e-04
1.105677720200402e-02	-1.147985e-04
1.106677720200402e-02	-1.010895e-04
1.107677720200402e-02	-8.928776e-05
1.108677720200402e-02	-7.879734e-05
1.109677720200402e-02	-6.973743e-05
1.110677720200402e-02	-6.151199e-05
1.111677720200402e-02	-5.441904e-05
1.112677720200402e-02	-4.804134e-05
1.113677720200402e-02	-4.249811e-05
1.114677720200402e-02	-3.743172e-05
1.115677720200402e-02	-3.308058e-05
1.116677720200402e-02	-2.908707e-05
1.117677720200402e-02	-2.568960e-05
1.118677720200402e-02	-2.253056e-05
1.119677720200402e-02	-1.990795e-05
1.120677720200402e-02	-1.734495e-05
1.121677720200402e-02	-1.531839e-05
1.122677720200402e-02	-1.335144e-05
1.123677720200402e-02	-1.144409e-05
1.124677720200402e-02	-4.410744e-06
1.125677720200402e-02	5.304813e-06
1.126677720200402e-02	9.775162e-06
1.127677720200402e-02	8.642673e-06
1.128677720200402e-02	4.887581e-06
1.129677720200402e-02	-2.980232e-07
1.130677720200402e-02	-5.602837e-06
1.131677720200402e-02	-1.060963e-05
1.132677720200402e-02	-1.454353e-05
1.133677720200402e-02	-1.734495e-05
1.134677720200402e-02	-1.895428e-05
1.135677720200402e-02	-2.282858e-05
1.136677720200402e-02	-3.010035e-05
1.137677720200402e-02	-3.635883e-05
1.138677720200402e-02	-3.951788e-05
1.139677720200402e-02	-4.065037e-05
1.140677720200402e-02	-4.011393e-05
1.141677720200402e-02	-3.862381e-05
1.142677720200402e-02	-3.629923e-05
1.143677720200402e-02	-3.355742e-05
1.144677720200402e-02	-3.051758e-05
1.145677720200402e-02	-2.753735e-05
1.146677720200402e-02	-2.461672e-05
1.147677720200402e-02	-2.193451e-05
1.148677720200402e-02	-1.943111e-05
1.149677720200402e-02	-1.728535e-05
1.150677720200402e-02	-1.531839e-05
1.151677720200402e-02	-1.364946e-05
1.152677720200402e-02	-1.221895e-05
1.153677720200402e-02	-1.096725e-05
1.154677720200402e-02	-9.834766e-06
1.155677720200402e-02	-8.881092e-06
1.156677720200402e-02	-8.046627e-06
1.157677720200402e-02	-7.390976e-06
1.158677720200402e-02	-6.675720e-06
1.159677720200402e-02	-6.198883e-06
1.160677720200402e-02	-5.662441e-06
1.161677720200402e-02	-5.245209e-06
1.162677720200402e-02	-4.827976e-06
1.163677720200402e-02	-4.589558e-06
1.164677720200402e-02	-4.351139e-06
1.165677720200402e-02	-4.172325e-06
1.166677720200402e-02	-3.933907e-06
1.167677720200402e-02	-3.755093e-06
1.168677720200402e-02	-3.576279e-06
1.169677720200402e-02	-3.457069e-06
1.170677720200402e-02	-3.278255e-06
1.171677720200402e-02	-3.218651e-06
1.172677720200402e-02	-3.099442e-06
1.173677720200402e-02	-3.039837e-06
1.174677720200402e-02	-2.920628e-06
1.175677720200402e-02	-2.920628e-06
1.176677720200402e-02	-2.861023e-06
1.177677720200402e-02	-2.801418e-06
1.178677720200402e-02	-2.741814e-06
1.179677720200402e-02	-2.741814e-06
1.180677720200402e-02	-2.682209e-06
1.181677720200402e-02	-2.682209e-06
1.182677720200402e-02	-2.622604e-06
1.183677720200402e-02	-2.622604e-06
1.184677720200402e-02	-2.622604e-06
1.185677720200402e-02	-2.563000e-06
1.186677720200402e-02	-2.563000e-06
1.187677720200402e-02	-2.563000e-06
1.188677720200402e-02	-2.503395e-06
1.189677720200402e-02	-2.443790e-06
1.190677720200402e-02	-2.443790e-06
1.191677720200402e-02	-2.384186e-06
1.192677720200402e-02	-2.384186e-06
1.193677720200402e-02	-2.443790e-06
1.194677720200402e-02	-8.687973e-04
1.195677720200402e-02	-1.866877e-03
1.196677720200402e-02	4.579425e-04
1.197677720200402e-02	8.008480e-04
1.198677720200402e-02	2.998114e-04
1.199677720200402e-02	5.249381e-04
1.200677720200402e-02	2.099276e-04
1.201677720200402e-02	3.185868e-04
1.202677720200402e-02	1.415014e-04
1.203677720200402e-02	2.302527e-04
1.204677720200402e-02	8.177757e-05
1.205677720200402e-02	1.523495e-04
1.206677720200402e-02	5.030632e-05
1.207677720200402e-02	9.793043e-05
1.208677720200402e-02	2.866983e-05
1.209677720200402e-02	6.091595e-05
1.210677720200402e-02	1.519918e-05
1.211677720200402e-02	3.659725e-05
1.212677720200402e-02	6.496906e-06
1.213677720200402e-02	2.056360e-05
1.214677720200402e-02	8.940697e-07
1.215677720200402e-02	1.022220e-05
1.216677720200402e-02	-2.682209e-06
1.217677720200402e-02	-9.992987e-03
1.218677720200402e-02	-2.839923e-03
1.219677720200402e-02	5.595028e-03
1.220677720200402e-02	1.469553e-03
1.221677720200402e-02	2.284229e-03
1.222677720200402e-02	5.024672e-04
1.223677720200402e-02	9.740591e-04
1.224677720200402e-02	2.114773e-04
1.225677720200402e-02	4.228950e-04
1.226677720200402e-02	1.245141e-04
1.227677720200402e-02	1.964569e-04
1.228677720200402e-02	8.910894e-05
1.229677720200402e-02	1.082420e-04
1.230677720200402e-02	7.313490e-05
1.231677720200402e-02	7.367134e-05
1.232677720200402e-02	6.484985e-05
1.233677720200402e-02	5.996227e-05
1.234677720200402e-02	5.990267e-05
1.235677720200402e-02	5.429983e-05
1.236677720200402e-02	5.662441e-05
1.237677720200402e-02	5.179644e-05
1.238677720200402e-02	5.412102e-05
1.239677720200402e-02	5.048513e-05
1.240677720200402e-02	5.221367e-05
1.241677720200402e-02	5.012751e-05
1.242677720200402e-02	5.018711e-05
1.243677720200402e-02	4.881620e-05
1.244677720200402e-02	4.965067e-05
1.245677720200402e-02	4.833937e-05
1.246677720200402e-02	4.833937e-05
1.247677720200402e-02	4.792213e-05
1.248677720200402e-02	4.732609e-05
1.249677720200402e-02	4.750490e-05
1.250677720200402e-02	4.661083e-05
1.251677720200402e-02	4.708767e-05
1.252677720200402e-02	4.595518e-05
1.253677720200402e-02	4.667044e-05
1.254677720200402e-02	4.547834e-05
1.255677720200402e-02	4.631281e-05
1.256677720200402e-02	4.500151e-05
1.257677720200402e-02	4.595518e-05
1.258677720200402e-02	4.458427e-05
1.259677720200402e-02	4.565716e-05
1.260677720200402e-02	4.428625e-05
1.261677720200402e-02	4.535913e-05
1.262677720200402e-02	4.404783e-05
1.263677720200402e-02	4.512072e-05
1.264677720200402e-02	4.386902e-05
1.265677720200402e-02	4.494190e-05
1.266677720200402e-02	4.369020e-05
1.267677720200402e-02	4.470348e-05
1.268677720200402e-02	4.351139e-05
1.269677720200402e-02	4.452467e-05
1.270677720200402e-02	4.345179e-05
1.271677720200402e-02	4.434586e-05
1.272677720200402e-02	4.333258e-05
1.273677720200402e-02	4.422665e-05
1.274677720200402e-02	4.321337e-05
1.275677720200402e-02	4.410744e-05
1.276677720200402e-02	4.321337e-05
1.277677720200402e-02	4.392862e-05
1.278677720200402e-02	4.309416e-05
1.279677720200402e-02	4.380941e-05
1.280677720200402e-02	4.303455e-05
1.281677720200402e-02	4.369020e-05
1.282677720200402e-02	4.303455e-05
1.283677720200402e-02	4.369020e-05
1.284677720200402e-02	4.303455e-05
1.285677720200402e-02	4.357100e-05
1.286677720200402e-02	4.297495e-05
1.287677720200402e-02	4.351139e-05
1.288677720200402e-02	4.291534e-05
1.289677720200402e-02	4.345179e-05
1.290677720200402e-02	4.291534e-05
1.291677720200402e-02	4.333258e-05
1.292677720200402e-02	4.285574e-05
1.293677720200402e-02	4.333258e-05
1.294677720200402e-02	4.291534e-05
1.295677720200402e-02	4.333258e-05
1.296677720200402e-02	4.285574e-05
1.297677720200402e-02	4.327297e-05
1.298677720200402e-02	4.291534e-05
1.299677720200402e-02	4.321337e-05
1.300677720200402e-02	4.285574e-05
1.301677720200402e-02	4.321337e-05
1.302677720200402e-02	4.285574e-05
1.303677720200402e-02	4.315376e-05
1.304677720200402e-02	4.285574e-05
1.305677720200402e-02	4.315376e-05
1.306677720200402e-02	4.285574e-05
1.307677720200402e-02	4.309416e-05
1.308677720200402e-02	4.285574e-05
1.309677720200402e-02	4.309416e-05
1.310677720200402e-02	4.285574e-05
1.311677720200402e-02	4.309416e-05
1.312677720200402e-02	4.285574e-05
1.313677720200402e-02	4.303455e-05
1.314677720200402e-02	4.285574e-05
1.315677720200402e-02	4.303455e-05
1.316677720200402e-02	4.285574e-05
1.317677720200402e-02	4.303455e-05
1.318677720200402e-02	4.285574e-05
1.319677720200402e-02	4.303455e-05
1.320677720200402e-02	4.291534e-05
1.321677720200402e-02	4.303455e-05
1.322677720200402e-02	4.291534e-05
1.323677720200402e-02	4.303455e-05
1.324677720200402e-02	4.291534e-05
1.325677720200402e-02	4.297495e-05
1.326677720200402e-02	4.291534e-05
1.327677720200402e-02	4.303455e-05
1.328677720200402e-02	4.291534e-05
1.329677720200402e-02	4.303455e-05
1.330677720200402e-02	4.291534e-05
1.331677720200402e-02	4.297495e-05
1.332677720200402e-02	4.291534e-05
1.333677720200402e-02	4.297495e-05
1.334677720200402e-02	4.291534e-05
1.335677720200402e-02	4.297495e-05
1.336677720200402e-02	4.291534e-05
1.337677720200402e-02	4.297495e-05
1.338677720200402e-02	4.291534e-05
1.339677720200402e-02	4.297495e-05
1.340677720200402e-02	4.291534e-05
1.341677720200402e-02	4.297495e-05
1.342677720200402e-02	4.291534e-05
1.343677720200402e-02	4.297495e-05
1.344677720200402e-02	4.291534e-05
1.345677720200402e-02	4.297495e-05
1.346677720200402e-02	4.291534e-05
1.347677720200402e-02	4.291534e-05
1.348677720200402e-02	4.285574e-05
1.349677720200402e-02	4.291534e-05
1.350677720200402e-02	4.291534e-05
1.351677720200402e-02	4.297495e-05
1.352677720200402e-02	4.291534e-05
1.353677720200402e-02	4.291534e-05
1.354677720200402e-02	4.291534e-05
1.355677720200401e-02	4.291534e-05
1.356677720200402e-02	4.291534e-05
1.357677720200402e-02	4.297495e-05
1.358677720200402e-02	4.285574e-05
1.359677720200402e-02	4.291534e-05
1.360677720200402e-02	4.291534e-05
1.361677720200402e-02	4.297495e-05
1.362677720200402e-02	4.291534e-05
1.363677720200402e-02	4.297495e-05
1.364677720200402e-02	4.291534e-05
1.365677720200402e-02	4.291534e-05
1.366677720200402e-02	4.291534e-05
1.367677720200402e-02	4.291534e-05
1.368677720200402e-02	4.291534e-05
1.369677720200402e-02	4.297495e-05
1.370677720200402e-02	4.291534e-05
1.371677720200402e-02	4.291534e-05
1.372677720200401e-02	4.291534e-05
1.373677720200402e-02	4.291534e-05
1.374677720200402e-02	4.291534e-05
1.375677720200402e-02	4.297495e-05
1.376677720200402e-02	4.297495e-05
1.377677720200402e-02	4.297495e-05
1.378677720200402e-02	4.297495e-05
1.379677720200402e-02	4.297495e-05
1.380677720200402e-02	4.297495e-05
1.381677720200402e-02	4.291534e-05
1.382677720200402e-02	4.291534e-05
1.383677720200402e-02	4.297495e-05
1.384677720200402e-02	4.291534e-05
1.385677720200402e-02	4.291534e-05
1.386677720200402e-02	4.291534e-05
1.387677720200402e-02	4.291534e-05
1.388677720200402e-02	4.291534e-05
1.389677720200401e-02	4.297495e-05
1.390677720200402e-02	4.297495e-05
1.391677720200402e-02	4.291534e-05
1.392677720200402e-02	4.297495e-05
1.393677720200402e-02	4.297495e-05
1.394677720200402e-02	4.291534e-05
1.395677720200402e-02	4.291534e-05
1.396677720200402e-02	4.291534e-05
1.397677720200402e-02	4.291534e-05
1.398677720200402e-02	4.297495e-05
1.399677720200402e-02	4.291534e-05
1.400677720200402e-02	4.291534e-05
1.401677720200402e-02	4.291534e-05
1.402677720200402e-02	4.291534e-05
1.403677720200402e-02	4.291534e-05
1.404677720200402e-02	4.291534e-05
1.405677720200402e-02	4.297495e-05
1.406677720200402e-02	4.297495e-05
1.407677720200402e-02	4.297495e-05
1.408677720200402e-02	4.291534e-05
1.409677720200402e-02	4.291534e-05
1.410677720200402e-02	4.297495e-05
1.411677720200402e-02	4.291534e-05
1.412677720200402e-02	4.291534e-05
1.413677720200402e-02	4.291534e-05
1.414677720200402e-02	4.297495e-05
1.415677720200402e-02	4.297495e-05
1.416677720200402e-02	4.291534e-05
1.417677720200402e-02	4.291534e-05
1.418677720200402e-02	4.291534e-05
1.419677720200401e-02	4.297495e-05
1.420677720200402e-02	4.291534e-05
1.421677720200402e-02	4.291534e-05
1.422677720200402e-02	4.297495e-05
1.423677720200402e-02	4.291534e-05
1.424677720200402e-02	4.291534e-05
1.425677720200402e-02	4.297495e-05
1.426677720200402e-02	4.297495e-05
1.427677720200402e-02	4.297495e-05
1.428677720200402e-02	4.291534e-05
1.429677720200402e-02	4.291534e-05
1.430677720200402e-02	4.297495e-05
1.431677720200402e-02	4.291534e-05
1.432677720200402e-02	4.291534e-05
1.433677720200402e-02	4.297495e-05
1.434677720200402e-02	4.297495e-05
1.435677720200402e-02	4.297495e-05
1.436677720200401e-02	4.291534e-05
1.437677720200402e-02	4.291534e-05
1.438677720200402e-02	4.297495e-05
1.439677720200402e-02	4.291534e-05
1.440677720200402e-02	4.291534e-05
1.441677720200402e-02	4.297495e-05
1.442677720200402e-02	4.297495e-05
1.443677720200402e-02	4.291534e-05
1.444677720200402e-02	4.297495e-05
1.445677720200402e-02	4.297495e-05
1.446677720200402e-02	4.291534e-05
1.447677720200402e-02	4.291534e-05
1.448677720200402e-02	4.297495e-05
1.449677720200402e-02	4.291534e-05
1.450677720200402e-02	4.291534e-05
1.451677720200402e-02	4.297495e-05
1.452677720200402e-02	4.297495e-05
1.453677720200401e-02	4.297495e-05
1.454677720200402e-02	4.297495e-05
1.455677720200402e-02	4.297495e-05
1.456677720200402e-02	4.291534e-05
1.457677720200402e-02	4.291534e-05
1.458677720200402e-02	4.297495e-05
1.459677720200402e-02	4.291534e-05
1.460677720200402e-02	4.297495e-05
1.461677720200402e-02	4.291534e-05
1.462677720200402e-02	4.291534e-05
1.463677720200402e-02	4.291534e-05
1.464677720200402e-02	4.291534e-05
1.465677720200402e-02	4.291534e-05
1.466677720200402e-02	4.291534e-05
1.467677720200402e-02	4.291534e-05
1.468677720200402e-02	4.291534e-05
1.469677720200402e-02	4.297495e-05
1.470677720200401e-02	4.291534e-05
1.471677720200402e-02	4.291534e-05
1.472677720200402e-02	4.291534e-05
1.473677720200402e-02	4.297495e-05
1.474677720200402e-02	4.291534e-05
1.475677720200402e-02	4.297495e-05
1.476677720200402e-02	4.297495e-05
1.477677720200402e-02	4.297495e-05
1.478677720200402e-02	4.297495e-05
1.479677720200402e-02	4.297495e-05
1.480677720200402e-02	4.297495e-05
1.481677720200402e-02	4.297495e-05
1.482677720200402e-02	4.297495e-05
1.483677720200401e-02	4.291534e-05
1.484677720200402e-02	4.291534e-05
1.485677720200402e-02	4.297495e-05
1.486677720200402e-02	4.291534e-05
1.487677720200401e-02	4.297495e-05
1.488677720200402e-02	4.291534e-05
1.489677720200402e-02	4.297495e-05
1.490677720200402e-02	4.297495e-05
1.491677720200402e-02	4.291534e-05
1.492677720200402e-02	4.291534e-05
1.493677720200402e-02	4.297495e-05
1.494677720200402e-02	4.297495e-05
1.495677720200402e-02	4.297495e-05
1.496677720200402e-02	4.297495e-05
1.497677720200402e-02	4.297495e-05
1.498677720200402e-02	4.297495e-05
1.499677720200402e-02	4.291534e-05
1.500677720200401e-02	4.291534e-05
1.501677720200402e-02	4.291534e-05
1.502677720200402e-02	4.297495e-05
1.503677720200402e-02	4.291534e-05
1.504677720200401e-02	4.297495e-05
1.505677720200402e-02	4.297495e-05
1.506677720200402e-02	4.291534e-05
1.507677720200402e-02	4.297495e-05
1.508677720200402e-02	4.297495e-05
1.509677720200402e-02	4.291534e-05
1.510677720200402e-02	4.297495e-05
1.511677720200402e-02	4.297495e-05
1.512677720200402e-02	4.291534e-05
1.513677720200402e-02	4.291534e-05
1.514677720200402e-02	4.297495e-05
1.515677720200402e-02	4.297495e-05
1.516677720200402e-02	4.297495e-05
1.517677720200401e-02	4.297495e-05
1.518677720200402e-02	4.297495e-05
1.519677720200402e-02	4.297495e-05
1.520677720200402e-02	4.297495e-05
1.521677720200401e-02	4.297495e-05
1.522677720200402e-02	4.291534e-05
1.523677720200402e-02	4.291534e-05
1.524677720200402e-02	4.291534e-05
1.525677720200402e-02	4.297495e-05
1.526677720200402e-02	4.291534e-05
1.527677720200402e-02	4.291534e-05
1.528677720200402e-02	4.297495e-05
1.529677720200402e-02	4.291534e-05
1.530677720200402e-02	4.297495e-05
1.531677720200402e-02	4.291534e-05
1.532677720200402e-02	4.291534e-05
1.533677720200402e-02	4.291534e-05
1.534677720200401e-02	4.297495e-05
1.535677720200402e-02	4.291534e-05
1.536677720200402e-02	4.297495e-05
1.537677720200402e-02	4.291534e-05
1.538677720200401e-02	4.291534e-05
1.539677720200402e-02	4.297495e-05
1.540677720200402e-02	4.297495e-05
1.541677720200402e-02	4.291534e-05
1.542677720200402e-02	4.291534e-05
1.543677720200402e-02	4.291534e-05
1.544677720200402e-02	4.297495e-05
1.545677720200402e-02	4.297495e-05
1.546677720200402e-02	4.297495e-05
1.547677720200401e-02	4.297495e-05
1.548677720200402e-02	4.297495e-05
1.549677720200402e-02	4.297495e-05
1.550677720200402e-02	4.297495e-05
1.551677720200401e-02	4.297495e-05
1.552677720200402e-02	4.297495e-05
1.553677720200402e-02	4.297495e-05
1.554677720200402e-02	4.291534e-05
1.555677720200402e-02	4.291534e-05
1.556677720200402e-02	4.291534e-05
1.557677720200402e-02	4.297495e-05
1.558677720200402e-02	4.297495e-05
1.559677720200402e-02	4.291534e-05
1.560677720200402e-02	4.291534e-05
1.561677720200402e-02	4.297495e-05
1.562677720200402e-02	4.297495e-05
1.563677720200402e-02	4.291534e-05
1.564677720200401e-02	4.297495e-05
1.565677720200401e-02	4.297495e-05
1.566677720200401e-02	4.291534e-05
1.567677720200402e-02	4.297495e-05
1.568677720200402e-02	4.291534e-05
1.569677720200402e-02	4.297495e-05
1.570677720200402e-02	4.291534e-05
1.571677720200402e-02	4.297495e-05
1.572677720200402e-02	4.291534e-05
1.573677720200401e-02	4.297495e-05
1.574677720200401e-02	4.291534e-05
1.575677720200402e-02	4.297495e-05
1.576677720200402e-02	4.291534e-05
1.577677720200402e-02	4.291534e-05
1.578677720200402e-02	4.297495e-05
1.579677720200402e-02	4.291534e-05
1.580677720200402e-02	4.297495e-05
1.581677720200401e-02	4.297495e-05
1.582677720200401e-02	4.291534e-05
1.583677720200401e-02	4.291534e-05
1.584677720200402e-02	4.297495e-05
1.585677720200402e-02	4.297495e-05
1.586677720200402e-02	4.291534e-05
1.587677720200402e-02	4.291534e-05
1.588677720200402e-02	4.297495e-05
1.589677720200402e-02	4.297495e-05
1.590677720200401e-02	4.297495e-05
1.591677720200401e-02	4.291534e-05
1.592677720200402e-02	4.291534e-05
1.593677720200402e-02	4.291534e-05
1.594677720200402e-02	4.291534e-05
1.595677720200402e-02	4.297495e-05
1.596677720200402e-02	4.297495e-05
1.597677720200402e-02	4.297495e-05
1.598677720200401e-02	4.297495e-05
1.599677720200401e-02	4.297495e-05
1.600677720200401e-02	4.297495e-05
1.601677720200402e-02	4.297495e-05
1.602677720200402e-02	4.297495e-05
1.603677720200402e-02	4.297495e-05
1.604677720200402e-02	4.297495e-05
1.605677720200402e-02	4.297495e-05
1.606677720200402e-02	4.297495e-05
1.607677720200401e-02	4.297495e-05
1.608677720200401e-02	4.297495e-05
1.609677720200402e-02	4.291534e-05
1.610677720200402e-02	4.291534e-05
1.611677720200402e-02	4.291534e-05
1.612677720200402e-02	4.291534e-05
1.613677720200402e-02	4.291534e-05
1.614677720200402e-02	4.297495e-05
1.615677720200401e-02	4.297495e-05
1.616677720200401e-02	4.297495e-05
1.617677720200401e-02	4.291534e-05
1.618677720200402e-02	4.291534e-05
1.619677720200402e-02	4.291534e-05
1.620677720200402e-02	4.297495e-05
1.621677720200402e-02	4.297495e-05
1.622677720200402e-02	4.291534e-05
1.623677720200402e-02	4.291534e-05
1.624677720200401e-02	4.297495e-05
1.625677720200401e-02	4.297495e-05
1.626677720200402e-02	4.291534e-05
1.627677720200402e-02	4.291534e-05
1.628677720200402e-02	4.297495e-05
1.629677720200402e-02	4.291534e-05
1.630677720200402e-02	4.291534e-05
1.631677720200402e-02	4.297495e-05
1.632677720200401e-02	4.297495e-05
1.633677720200401e-02	4.291534e-05
1.634677720200401e-02	4.297495e-05
1.635677720200402e-02	4.291534e-05
1.636677720200402e-02	4.291534e-05
1.637677720200402e-02	4.297495e-05
1.638677720200402e-02	4.291534e-05
1.639677720200402e-02	4.291534e-05
1.640677720200402e-02	4.297495e-05
1.641677720200401e-02	4.291534e-05
1.642677720200401e-02	4.297495e-05
1.643677720200401e-02	4.291534e-05
1.644677720200402e-02	4.291534e-05
1.645677720200402e-02	4.297495e-05
1.646677720200402e-02	4.291534e-05
1.647677720200402e-02	4.297495e-05
1.648677720200402e-02	4.291534e-05
1.649677720200401e-02	4.297495e-05
1.650677720200401e-02	4.291534e-05
1.651677720200401e-02	4.297495e-05
1.652677720200402e-02	4.291534e-05
1.653677720200402e-02	4.297495e-05
1.654677720200402e-02	4.291534e-05
1.655677720200402e-02	4.297495e-05
1.656677720200402e-02	4.291534e-05
1.657677720200402e-02	4.297495e-05
1.658677720200401e-02	4.291534e-05
1.659677720200401e-02	4.297495e-05
1.660677720200401e-02	4.291534e-05
1.661677720200402e-02	4.297495e-05
1.662677720200402e-02	4.291534e-05
1.663677720200402e-02	4.297495e-05
1.664677720200402e-02	4.291534e-05
1.665677720200402e-02	4.291534e-05
1.666677720200401e-02	4.297495e-05
1.667677720200401e-02	4.291534e-05
1.668677720200401e-02	4.297495e-05
1.669677720200402e-02	4.291534e-05
1.670677720200402e-02	4.297495e-05
1.671677720200402e-02	4.291534e-05
1.672677720200402e-02	4.291534e-05
1.673677720200402e-02	4.297495e-05
1.674677720200402e-02	4.291534e-05
1.675677720200401e-02	4.297495e-05
1.676677720200401e-02	4.291534e-05
1.677677720200401e-02	4.291534e-05
1.678677720200402e-02	4.297495e-05
1.679677720200402e-02	4.291534e-05
1.680677720200402e-02	4.291534e-05
1.681677720200402e-02	4.297495e-05
1.682677720200402e-02	4.291534e-05
1.683677720200401e-02	4.291534e-05
1.684677720200401e-02	4.297495e-05
1.685677720200401e-02	4.291534e-05
1.686677720200402e-02	4.297495e-05
1.687677720200402e-02	4.297495e-05
1.688677720200402e-02	4.291534e-05
1.689677720200402e-02	4.291534e-05
1.690677720200402e-02	4.297495e-05
1.691677720200402e-02	4.291534e-05
1.692677720200401e-02	4.291534e-05
1.693677720200401e-02	4.297495e-05
1.694677720200401e-02	4.291534e-05
1.695677720200402e-02	4.291534e-05
1.696677720200402e-02	4.297495e-05
1.697677720200402e-02	4.297495e-05
1.698677720200402e-02	4.291534e-05
1.699677720200402e-02	4.291534e-05
1.700677720200401e-02	4.297495e-05
1.701677720200401e-02	4.291534e-05
1.702677720200401e-02	4.291534e-05
1.703677720200402e-02	4.297495e-05
1.704677720200402e-02	4.297495e-05
1.705677720200402e-02	4.291534e-05
1.706677720200402e-02	4.291534e-05
1.707677720200402e-02	4.297495e-05
1.708677720200402e-02	4.297495e-05
1.709677720200401e-02	4.291534e-05
1.710677720200401e-02	4.291534e-05
1.711677720200401e-02	4.297495e-05
1.712677720200402e-02	4.297495e-05
1.713677720200402e-02	4.291534e-05
1.714677720200402e-02	4.291534e-05
1.715677720200402e-02	4.291534e-05
1.716677720200402e-02	4.297495e-05
1.717677720200401e-02	4.297495e-05
1.718677720200401e-02	4.291534e-05
1.719677720200401e-02	4.291534e-05
1.720677720200402e-02	4.297495e-05
1.721677720200402e-02	4.297495e-05
1.722677720200402e-02	4.291534e-05
1.723677720200402e-02	4.291534e-05
1.724677720200402e-02	4.291534e-05
1.725677720200402e-02	4.297495e-05
1.726677720200401e-02	4.297495e-05
1.727677720200401e-02	4.291534e-05
1.728677720200401e-02	4.291534e-05
1.729677720200402e-02	4.291534e-05
1.730677720200402e-02	4.297495e-05
1.731677720200402e-02	4.297495e-05
1.732677720200402e-02	4.291534e-05
1.733677720200402e-02	4.291534e-05
1.734677720200401e-02	4.291534e-05
1.735677720200401e-02	4.291534e-05
1.736677720200401e-02	4.297495e-05
1.737677720200402e-02	4.297495e-05
1.738677720200402e-02	4.291534e-05
1.739677720200402e-02	4.291534e-05
1.740677720200402e-02	4.291534e-05
1.741677720200402e-02	4.291534e-05
1.742677720200402e-02	4.297495e-05
1.743677720200401e-02	4.297495e-05
1.744677720200401e-02	4.291534e-05
1.745677720200401e-02	4.291534e-05
1.746677720200402e-02	4.291534e-05
1.747677720200402e-02	4.291534e-05
1.748677720200402e-02	4.297495e-05
1.749677720200402e-02	4.297495e-05
1.750677720200402e-02	4.297495e-05
1.751677720200401e-02	4.291534e-05
1.752677720200401e-02	4.291534e-05
1.753677720200401e-02	4.291534e-05
1.754677720200402e-02	4.291534e-05
1.755677720200402e-02	4.297495e-05
1.756677720200402e-02	4.297495e-05
1.757677720200402e-02	4.297495e-05
1.758677720200402e-02	4.291534e-05
1.759677720200402e-02	4.291534e-05
1.760677720200401e-02	4.291534e-05
1.761677720200401e-02	4.291534e-05
1.762677720200401e-02	4.297495e-05
1.763677720200402e-02	4.297495e-05
1.764677720200402e-02	4.297495e-05
1.765677720200402e-02	4.297495e-05
1.766677720200402e-02	4.291534e-05
1.767677720200402e-02	4.291534e-05
1.768677720200401e-02	4.291534e-05
1.769677720200401e-02	4.291534e-05
1.770677720200401e-02	4.291534e-05
1.771677720200401e-02	4.291534e-05
1.772677720200402e-02	4.297495e-05
1.773677720200402e-02	4.297495e-05
1.774677720200402e-02	4.297495e-05
1.775677720200402e-02	4.297495e-05
1.776677720200402e-02	4.291534e-05
1.777677720200401e-02	4.291534e-05
1.778677720200401e-02	4.291534e-05
1.779677720200401e-02	4.291534e-05
1.780677720200402e-02	4.291534e-05
1.781677720200402e-02	4.297495e-05
1.782677720200402e-02	4.297495e-05
1.783677720200402e-02	4.297495e-05
1.784677720200402e-02	4.297495e-05
1.785677720200401e-02	4.297495e-05
1.786677720200401e-02	4.291534e-05
1.787677720200401e-02	4.291534e-05
1.788677720200401e-02	4.291534e-05
1.789677720200402e-02	4.291534e-05
1.790677720200402e-02	4.291534e-05
1.791677720200402e-02	4.291534e-05
1.792677720200402e-02	4.297495e-05
1.793677720200402e-02	4.297495e-05
1.794677720200401e-02	4.297495e-05
1.795677720200401e-02	4.297495e-05
1.796677720200401e-02	4.297495e-05
1.797677720200402e-02	4.297495e-05
1.798677720200402e-02	4.291534e-05
1.799677720200402e-02	4.291534e-05
1.800677720200402e-02	4.291534e-05
1.801677720200402e-02	4.291534e-05
1.802677720200401e-02	4.291534e-05
1.803677720200401e-02	4.291534e-05
1.804677720200401e-02	4.291534e-05
1.805677720200401e-02	4.291534e-05
1.806677720200402e-02	4.297495e-05
1.807677720200402e-02	4.297495e-05
1.808677720200402e-02	4.297495e-05
1.809677720200402e-02	4.297495e-05
1.810677720200402e-02	4.297495e-05
1.811677720200401e-02	4.297495e-05
1.812677720200401e-02	4.291534e-05
1.813677720200401e-02	4.291534e-05
1.814677720200402e-02	4.291534e-05
1.815677720200402e-02	4.291534e-05
1.816677720200402e-02	4.291534e-05
1.817677720200402e-02	4.291534e-05
1.818677720200402e-02	4.291534e-05
1.819677720200401e-02	4.291534e-05
1.820677720200401e-02	4.297495e-05
1.821677720200401e-02	4.291534e-05
1.822677720200401e-02	4.297495e-05
1.823677720200402e-02	4.297495e-05
1.824677720200402e-02	4.297495e-05
1.825677720200402e-02	4.297495e-05
1.826677720200402e-02	4.297495e-05
1.827677720200402e-02	4.297495e-05
1.828677720200401e-02	4.297495e-05
1.829677720200401e-02	4.297495e-05
1.830677720200401e-02	4.291534e-05
1.831677720200402e-02	4.291534e-05
1.832677720200402e-02	4.291534e-05
1.833677720200402e-02	4.291534e-05
1.834677720200402e-02	4.291534e-05
1.835677720200402e-02	4.291534e-05
1.836677720200402e-02	4.291534e-05
1.837677720200401e-02	4.291534e-05
1.838677720200401e-02	4.291534e-05
1.839677720200401e-02	4.291534e-05
1.840677720200402e-02	4.297495e-05
1.841677720200402e-02	4.291534e-05
1.842677720200402e-02	4.297495e-05
1.843677720200402e-02	4.297495e-05
1.844677720200402e-02	4.297495e-05
1.845677720200401e-02	4.297495e-05
1.846677720200401e-02	4.297495e-05
1.847677720200401e-02	4.297495e-05
1.848677720200402e-02	4.297495e-05
1.849677720200402e-02	4.297495e-05
1.850677720200402e-02	4.297495e-05
1.851677720200402e-02	4.297495e-05
1.852677720200402e-02	4.291534e-05
1.853677720200402e-02	4.291534e-05
1.854677720200401e-02	4.291534e-05
1.855677720200401e-02	4.291534e-05
1.856677720200401e-02	4.291534e-05
1.857677720200402e-02	4.291534e-05
1.858677720200402e-02	4.291534e-05
1.859677720200402e-02	4.291534e-05
1.860677720200402e-02	4.291534e-05
1.861677720200402e-02	4.291534e-05
1.862677720200401e-02	4.291534e-05
1.863677720200401e-02	4.291534e-05
1.864677720200401e-02	4.291534e-05
1.865677720200402e-02	4.291534e-05
1.866677720200402e-02	4.291534e-05
1.867677720200402e-02	4.291534e-05
1.868677720200402e-02	4.297495e-05
1.869677720200402e-02	4.297495e-05
1.870677720200402e-02	4.297495e-05
1.871677720200401e-02	4.297495e-05
1.872677720200401e-02	4.297495e-05
1.873677720200401e-02	4.297495e-05
1.874677720200402e-02	4.297495e-05
1.875677720200402e-02	4.297495e-05
1.876677720200402e-02	4.297495e-05
1.877677720200402e-02	4.297495e-05
1.878677720200402e-02	4.297495e-05
1.879677720200401e-02	4.297495e-05
1.880677720200401e-02	4.297495e-05
1.881677720200401e-02	4.297495e-05
1.882677720200402e-02	4.297495e-05
1.883677720200402e-02	4.297495e-05
1.884677720200402e-02	4.297495e-05
1.885677720200402e-02	4.297495e-05
1.886677720200402e-02	4.291534e-05
1.887677720200402e-02	4.291534e-05
1.888677720200401e-02	4.291534e-05
1.889677720200401e-02	4.291534e-05
1.890677720200401e-02	4.291534e-05
1.891677720200402e-02	4.291534e-05
1.892677720200402e-02	4.291534e-05
1.893677720200402e-02	4.291534e-05
1.894677720200402e-02	4.291534e-05
1.895677720200402e-02	4.291534e-05
1.896677720200401e-02	4.291534e-05
1.897677720200401e-02	4.291534e-05
1.898677720200401e-02	4.291534e-05
1.899677720200401e-02	4.291534e-05
1.900677720200402e-02	4.291534e-05
1.901677720200402e-02	4.291534e-05
1.902677720200402e-02	4.291534e-05
1.903677720200402e-02	4.291534e-05
1.904677720200402e-02	4.291534e-05
1.905677720200401e-02	4.291534e-05
1.906677720200401e-02	4.291534e-05
1.907677720200401e-02	4.291534e-05
1.908677720200402e-02	4.297495e-05
1.909677720200402e-02	4.291534e-05
1.910677720200402e-02	4.297495e-05
1.911677720200402e-02	4.291534e-05
1.912677720200402e-02	4.297495e-05
1.913677720200401e-02	4.297495e-05
1.914677720200401e-02	4.297495e-05
1.915677720200401e-02	4.297495e-05
1.916677720200401e-02	4.297495e-05
1.917677720200402e-02	4.297495e-05
1.918677720200402e-02	4.297495e-05
1.919677720200402e-02	4.297495e-05
1.920677720200402e-02	4.297495e-05
1.921677720200402e-02	4.297495e-05
1.922677720200401e-02	4.297495e-05
1.923677720200401e-02	4.297495e-05
1.924677720200401e-02	4.297495e-05
1.925677720200402e-02	4.297495e-05
1.926677720200402e-02	4.297495e-05
1.927677720200402e-02	4.297495e-05
1.928677720200402e-02	4.297495e-05
1.929677720200402e-02	4.297495e-05
1.930677720200401e-02	4.297495e-05
1.931677720200401e-02	4.297495e-05
1.932677720200401e-02	4.297495e-05
1.933677720200401e-02	4.297495e-05
1.934677720200402e-02	4.297495e-05
1.935677720200402e-02	4.297495e-05
1.936677720200402e-02	4.297495e-05
1.937677720200402e-02	4.297495e-05
1.938677720200402e-02	4.297495e-05
1.939677720200401e-02	4.297495e-05
1.940677720200401e-02	4.291534e-05
1.941677720200401e-02	4.291534e-05
1.942677720200402e-02	4.291534e-05
1.943677720200402e-02	4.291534e-05
1.944677720200402e-02	4.291534e-05
1.945677720200402e-02	4.291534e-05
1.946677720200402e-02	4.291534e-05
1.947677720200401e-02	4.291534e-05
1.948677720200401e-02	4.291534e-05
1.949677720200401e-02	4.291534e-05
1.950677720200401e-02	4.291534e-05
1.951677720200402e-02	4.291534e-05
1.952677720200402e-02	4.291534e-05
1.953677720200402e-02	4.291534e-05
1.954677720200402e-02	4.291534e-05
1.955677720200402e-02	4.291534e-05
1.956677720200401e-02	4.291534e-05
1.957677720200401e-02	4.291534e-05
1.958677720200401e-02	4.291534e-05
1.959677720200402e-02	4.291534e-05
1.960677720200402e-02	4.291534e-05
1.961677720200402e-02	4.291534e-05
1.962677720200402e-02	4.291534e-05
1.963677720200402e-02	4.291534e-05
1.964677720200401e-02	4.291534e-05
1.965677720200401e-02	4.291534e-05
1.966677720200401e-02	4.291534e-05
1.967677720200401e-02	4.291534e-05
1.968677720200402e-02	4.291534e-05
1.969677720200402e-02	4.291534e-05
1.970677720200402e-02	4.291534e-05
1.971677720200402e-02	4.291534e-05
1.972677720200402e-02	4.291534e-05
1.973677720200401e-02	4.291534e-05
1.974677720200401e-02	4.291534e-05
1.975677720200401e-02	4.291534e-05
1.976677720200402e-02	4.291534e-05
1.977677720200402e-02	4.291534e-05
1.978677720200402e-02	4.291534e-05
1.979677720200402e-02	4.291534e-05
1.980677720200402e-02	4.291534e-05
1.981677720200401e-02	4.291534e-05
1.982677720200401e-02	4.291534e-05
1.983677720200401e-02	4.291534e-05
1.984677720200401e-02	4.291534e-05
1.985677720200402e-02	4.291534e-05
1.986677720200402e-02	4.291534e-05
1.987677720200402e-02	4.291534e-05
1.988677720200402e-02	4.291534e-05
1.989677720200402e-02	4.291534e-05
1.990677720200401e-02	4.291534e-05
1.991677720200401e-02	4.291534e-05
1.992677720200401e-02	4.291534e-05
1.993677720200402e-02	4.291534e-05
1.994677720200402e-02	4.291534e-05
1.995677720200402e-02	4.291534e-05
1.996677720200402e-02	4.291534e-05
1.997677720200402e-02	4.291534e-05
1.998677720200401e-02	4.291534e-05
1.999677720200401e-02	4.291534e-05
2.000000000000000e-02	4.291534e-05
