time	I(Vcell15)
0.000000000000000e+00	-1.304558e-06
9.999999439624929e-11	-1.304140e-06
1.999999887924986e-10	-1.303697e-06
3.999999775849972e-10	-1.302760e-06
7.999999551699943e-10	-1.300635e-06
1.599999910339989e-09	-1.295769e-06
3.199999820679977e-09	-1.284991e-06
6.399999641359955e-09	-1.262236e-06
1.279999928271991e-08	-1.215241e-06
2.559999856543982e-08	-1.120245e-06
5.119999713087964e-08	-9.402397e-07
9.246836233724925e-08	-6.966021e-07
1.509464896159009e-07	-1.244078e-06
2.056477513197836e-07	-2.613826e-06
2.711089164856950e-07	-4.077575e-06
3.307160233224870e-07	-5.049586e-06
4.499302369960711e-07	-5.779477e-06
4.726459094992694e-07	-5.787012e-06
5.180772545056659e-07	-5.790176e-06
6.089399445184590e-07	-5.795308e-06
7.906653245440450e-07	-5.824598e-06
1.154116084595217e-06	-5.898783e-06
1.732298781783925e-06	-5.947412e-06
2.455606653067474e-06	-5.896461e-06
3.488132917689737e-06	-5.752069e-06
5.266638673671726e-06	-5.498979e-06
8.823650185635705e-06	-5.207025e-06
1.593767320956366e-05	-1.537540e-05
2.593767320956366e-05	-3.440463e-05
3.593767320956366e-05	-4.651154e-05
4.593767320956366e-05	-4.829745e-05
5.593767320956366e-05	-4.662525e-05
6.593767320956366e-05	-4.383904e-05
7.593767320956366e-05	-4.190139e-05
8.593767320956366e-05	-3.927038e-05
9.593767320956366e-05	-3.750065e-05
1.000000009999994e-04	-3.632149e-05
1.000000019999994e-04	-3.632296e-05
1.000000179999994e-04	-3.634991e-05
1.000000499999994e-04	-3.636540e-05
1.000001139999994e-04	-3.636162e-05
1.000002419999994e-04	-3.637313e-05
1.000004979999994e-04	-3.638204e-05
1.000010099999994e-04	-3.640608e-05
1.000020339999994e-04	-3.642396e-05
1.000040819999994e-04	-3.644421e-05
1.000081779999994e-04	-3.645424e-05
1.000163699999994e-04	-3.647405e-05
1.000327539999994e-04	-3.647931e-05
1.000655219999995e-04	-3.647865e-05
1.001310579999995e-04	-3.646107e-05
1.002621299999997e-04	-3.643944e-05
1.005242740000000e-04	-3.638311e-05
1.010485620000006e-04	-3.628234e-05
1.020971380000018e-04	-3.606965e-05
1.041942900000042e-04	-3.566008e-05
1.083885940000089e-04	-3.484551e-05
1.167772020000184e-04	-3.329394e-05
1.267772020000184e-04	-3.154587e-05
1.367772020000184e-04	-7.370557e-05
1.467772020000184e-04	-4.563618e-05
1.523282179888033e-04	-2.041048e-05
1.567376422218519e-04	-3.971958e-05
1.596313782809858e-04	-1.659921e-05
1.627936092688007e-04	-3.874929e-05
1.665372443468691e-04	-1.566939e-05
1.719986193767235e-04	-3.754278e-05
1.819986193767235e-04	-1.399122e-05
1.919986193767235e-04	-3.546506e-05
2.019986193767235e-04	-1.212541e-05
2.119986193767235e-04	-3.370041e-05
2.219986193767235e-04	-1.053113e-05
2.319986193767235e-04	-3.219362e-05
2.419986193767235e-04	-9.167867e-06
2.519986193767235e-04	-3.090509e-05
2.619986193767235e-04	-2.003646e-05
2.719986193767235e-04	-8.942978e-05
2.819986193767235e-04	-3.831601e-02
2.919986193767235e-04	-1.266756e-01
2.975201184064908e-04	-1.444247e-01
3.028670489355589e-04	-1.610308e-01
3.086543750549845e-04	-1.785471e-01
3.186543750549845e-04	-2.045207e-01
3.286543750549845e-04	-2.211547e-01
3.386543750549845e-04	-2.286424e-01
3.486543750549845e-04	-2.357779e-01
3.586543750549845e-04	-2.423646e-01
3.686543750549845e-04	-2.491541e-01
3.786543750549845e-04	-2.555471e-01
3.886543750549845e-04	-2.622064e-01
3.986543750549845e-04	-2.685077e-01
4.086543750549845e-04	-2.750919e-01
4.186543750549845e-04	-2.813353e-01
4.286543750549845e-04	-2.878666e-01
4.386543750549845e-04	-2.940676e-01
4.486543750549845e-04	-3.005571e-01
4.586543750549845e-04	-3.067240e-01
4.686543750549845e-04	-3.131781e-01
4.786543750549845e-04	-3.193158e-01
4.886543750549845e-04	-3.253754e-01
4.986543750549845e-04	-3.266794e-01
5.086543750549845e-04	-3.275349e-01
5.186543750549845e-04	-3.276379e-01
5.286543750549845e-04	-3.281215e-01
5.386543750549845e-04	-3.280386e-01
5.486543750549844e-04	-3.284161e-01
5.586543750549845e-04	-3.282641e-01
5.686543750549845e-04	-3.285951e-01
5.786543750549845e-04	-3.284093e-01
5.886543750549844e-04	-3.287154e-01
5.986543750549845e-04	-3.285104e-01
6.086543750549845e-04	-3.288017e-01
6.186543750549845e-04	-3.285847e-01
6.286543750549844e-04	-3.288662e-01
6.386543750549845e-04	-3.286413e-01
6.486543750549845e-04	-3.289162e-01
6.586543750549845e-04	-3.286857e-01
6.686543750549844e-04	-3.289558e-01
6.786543750549845e-04	-3.287212e-01
6.886543750549845e-04	-3.289877e-01
6.986543750549845e-04	-3.287501e-01
7.086543750549844e-04	-3.290139e-01
7.186543750549845e-04	-3.287740e-01
7.286543750549845e-04	-3.290357e-01
7.386543750549845e-04	-3.287940e-01
7.486543750549844e-04	-3.290539e-01
7.586543750549845e-04	-3.288108e-01
7.686543750549845e-04	-3.290693e-01
7.786543750549845e-04	-3.288251e-01
7.886543750549844e-04	-3.290825e-01
7.986543750549845e-04	-3.288374e-01
8.086543750549845e-04	-3.290938e-01
8.186543750549845e-04	-3.288480e-01
8.286543750549844e-04	-3.291036e-01
8.386543750549844e-04	-3.288571e-01
8.486543750549845e-04	-3.291120e-01
8.586543750549845e-04	-3.288651e-01
8.686543750549844e-04	-3.291194e-01
8.786543750549844e-04	-3.288721e-01
8.886543750549845e-04	-3.291258e-01
8.986543750549845e-04	-3.288782e-01
9.086543750549844e-04	-3.291315e-01
9.186543750549844e-04	-3.288835e-01
9.286543750549845e-04	-3.291364e-01
9.386543750549845e-04	-3.288883e-01
9.486543750549844e-04	-3.291408e-01
9.586543750549844e-04	-3.288925e-01
9.686543750549845e-04	-3.291447e-01
9.786543750549845e-04	-3.288962e-01
9.886543750549845e-04	-3.291481e-01
9.986543750549845e-04	-3.288995e-01
1.000000000000000e-03	-3.291497e-01
1.000000001000000e-03	-3.291557e-01
1.000000017000000e-03	-3.291769e-01
1.000000049000000e-03	-3.291358e-01
1.000000113000000e-03	-3.291414e-01
1.000000241000000e-03	-3.290816e-01
1.000000497000000e-03	-3.290693e-01
1.000001009000000e-03	-3.290160e-01
1.000002033000000e-03	-3.290372e-01
1.000004081000000e-03	-3.290124e-01
1.000008177000000e-03	-3.290377e-01
1.000016369000001e-03	-3.290121e-01
1.000032753000001e-03	-3.290376e-01
1.000065521000002e-03	-3.290120e-01
1.000131057000004e-03	-3.290376e-01
1.000262129000007e-03	-3.290120e-01
1.000524273000015e-03	-3.290377e-01
1.001048561000029e-03	-3.290122e-01
1.002097137000058e-03	-3.290379e-01
1.004194289000116e-03	-3.290126e-01
1.008388593000232e-03	-3.290388e-01
1.016777201000463e-03	-3.290145e-01
1.026777201000463e-03	-3.290414e-01
1.036777201000463e-03	-3.290171e-01
1.046777201000463e-03	-3.290439e-01
1.056777201000463e-03	-3.290194e-01
1.066777201000463e-03	-3.290461e-01
1.076777201000463e-03	-3.290215e-01
1.086777201000463e-03	-3.290480e-01
1.096777201000463e-03	-3.290234e-01
1.106777201000463e-03	-3.290498e-01
1.116777201000463e-03	-3.290250e-01
1.126777201000463e-03	-3.290514e-01
1.136777201000463e-03	-3.290266e-01
1.146777201000463e-03	-3.290528e-01
1.156777201000463e-03	-3.290279e-01
1.166777201000463e-03	-3.290541e-01
1.176777201000463e-03	-3.290291e-01
1.186777201000463e-03	-3.290552e-01
1.196777201000463e-03	-3.290302e-01
1.206777201000463e-03	-3.290563e-01
1.216777201000463e-03	-3.290312e-01
1.226777201000463e-03	-3.290572e-01
1.236777201000463e-03	-3.290320e-01
1.246777201000463e-03	-3.290581e-01
1.256777201000463e-03	-3.290328e-01
1.266777201000463e-03	-3.290588e-01
1.276777201000463e-03	-3.290336e-01
1.286777201000463e-03	-3.290595e-01
1.296777201000463e-03	-3.290342e-01
1.306777201000463e-03	-3.290601e-01
1.316777201000463e-03	-3.290348e-01
1.326777201000463e-03	-3.290606e-01
1.336777201000463e-03	-3.290353e-01
1.346777201000463e-03	-3.290612e-01
1.356777201000463e-03	-3.290358e-01
1.366777201000463e-03	-3.290616e-01
1.376777201000463e-03	-3.290362e-01
1.386777201000463e-03	-3.290620e-01
1.396777201000463e-03	-3.290366e-01
1.406777201000463e-03	-3.290624e-01
1.416777201000463e-03	-3.290370e-01
1.426777201000463e-03	-3.290627e-01
1.436777201000463e-03	-3.290372e-01
1.446777201000463e-03	-3.290630e-01
1.456777201000463e-03	-3.290375e-01
1.466777201000463e-03	-3.290633e-01
1.476777201000463e-03	-3.290378e-01
1.486777201000463e-03	-3.290635e-01
1.496777201000463e-03	-3.290380e-01
1.506777201000463e-03	-3.290637e-01
1.516777201000463e-03	-3.290382e-01
1.526777201000463e-03	-3.290640e-01
1.536777201000463e-03	-3.290384e-01
1.546777201000463e-03	-3.290641e-01
1.556777201000463e-03	-3.290386e-01
1.566777201000463e-03	-3.290643e-01
1.576777201000463e-03	-3.290388e-01
1.586777201000463e-03	-3.290644e-01
1.596777201000463e-03	-3.290389e-01
1.606777201000463e-03	-3.290646e-01
1.616777201000463e-03	-3.290390e-01
1.626777201000463e-03	-3.290647e-01
1.636777201000463e-03	-3.290392e-01
1.646777201000463e-03	-3.290648e-01
1.656777201000463e-03	-3.290392e-01
1.666777201000463e-03	-3.290649e-01
1.676777201000463e-03	-3.290393e-01
1.686777201000463e-03	-3.290650e-01
1.696777201000463e-03	-3.290394e-01
1.706777201000463e-03	-3.290651e-01
1.716777201000463e-03	-3.290395e-01
1.726777201000463e-03	-3.290651e-01
1.736777201000463e-03	-3.290396e-01
1.746777201000463e-03	-3.290652e-01
1.756777201000463e-03	-3.290396e-01
1.766777201000463e-03	-3.290653e-01
1.776777201000463e-03	-3.290397e-01
1.786777201000463e-03	-3.290653e-01
1.796777201000463e-03	-3.290398e-01
1.806777201000463e-03	-3.290654e-01
1.816777201000463e-03	-3.290398e-01
1.826777201000463e-03	-3.290654e-01
1.836777201000463e-03	-3.290398e-01
1.846777201000463e-03	-3.290655e-01
1.856777201000463e-03	-3.290399e-01
1.866777201000463e-03	-3.290655e-01
1.876777201000463e-03	-3.290399e-01
1.886777201000463e-03	-3.290655e-01
1.896777201000463e-03	-3.290400e-01
1.906777201000463e-03	-3.290656e-01
1.916777201000463e-03	-3.290400e-01
1.926777201000463e-03	-3.290656e-01
1.936777201000463e-03	-3.290400e-01
1.946777201000463e-03	-3.290656e-01
1.956777201000463e-03	-3.290400e-01
1.966777201000463e-03	-3.290656e-01
1.976777201000463e-03	-3.290401e-01
1.986777201000463e-03	-3.290657e-01
1.996777201000463e-03	-3.290401e-01
2.006777201000463e-03	-3.290657e-01
2.016777201000463e-03	-3.290401e-01
2.026777201000463e-03	-3.290657e-01
2.036777201000463e-03	-3.290401e-01
2.046777201000463e-03	-3.290657e-01
2.056777201000463e-03	-3.290401e-01
2.066777201000463e-03	-3.290657e-01
2.076777201000463e-03	-3.290401e-01
2.086777201000463e-03	-3.290657e-01
2.096777201000463e-03	-3.290401e-01
2.106777201000463e-03	-3.290657e-01
2.116777201000463e-03	-3.290401e-01
2.126777201000463e-03	-3.290657e-01
2.136777201000463e-03	-3.290402e-01
2.146777201000463e-03	-3.290658e-01
2.156777201000463e-03	-3.290402e-01
2.166777201000463e-03	-3.290658e-01
2.176777201000463e-03	-3.290402e-01
2.186777201000463e-03	-3.290658e-01
2.196777201000463e-03	-3.290402e-01
2.206777201000463e-03	-3.290658e-01
2.216777201000463e-03	-3.290402e-01
2.226777201000463e-03	-3.290658e-01
2.236777201000463e-03	-3.290402e-01
2.246777201000463e-03	-3.290658e-01
2.256777201000463e-03	-3.290402e-01
2.266777201000463e-03	-3.290658e-01
2.276777201000463e-03	-3.290402e-01
2.286777201000463e-03	-3.290658e-01
2.296777201000463e-03	-3.290402e-01
2.306777201000463e-03	-3.290658e-01
2.316777201000463e-03	-3.290402e-01
2.326777201000463e-03	-3.290658e-01
2.336777201000463e-03	-3.290402e-01
2.346777201000463e-03	-3.290658e-01
2.356777201000463e-03	-3.290402e-01
2.366777201000463e-03	-3.290658e-01
2.376777201000463e-03	-3.290402e-01
2.386777201000463e-03	-3.290658e-01
2.396777201000463e-03	-3.290402e-01
2.406777201000463e-03	-3.290658e-01
2.416777201000463e-03	-3.290402e-01
2.426777201000463e-03	-3.290658e-01
2.436777201000463e-03	-3.290402e-01
2.446777201000463e-03	-3.290658e-01
2.456777201000463e-03	-3.290402e-01
2.466777201000463e-03	-3.290658e-01
2.476777201000463e-03	-3.290402e-01
2.486777201000463e-03	-3.290658e-01
2.496777201000463e-03	-3.290402e-01
2.506777201000463e-03	-3.290658e-01
2.516777201000463e-03	-3.290402e-01
2.526777201000463e-03	-3.290658e-01
2.536777201000463e-03	-3.290402e-01
2.546777201000463e-03	-3.290658e-01
2.556777201000463e-03	-3.290402e-01
2.566777201000463e-03	-3.290658e-01
2.576777201000463e-03	-3.290402e-01
2.586777201000463e-03	-3.290658e-01
2.596777201000463e-03	-3.290402e-01
2.606777201000463e-03	-3.290658e-01
2.616777201000463e-03	-3.290402e-01
2.626777201000463e-03	-3.290658e-01
2.636777201000463e-03	-3.290402e-01
2.646777201000463e-03	-3.290658e-01
2.656777201000463e-03	-3.290402e-01
2.666777201000463e-03	-3.290659e-01
2.676777201000463e-03	-3.290402e-01
2.686777201000463e-03	-3.290659e-01
2.696777201000463e-03	-3.290402e-01
2.706777201000463e-03	-3.290659e-01
2.716777201000463e-03	-3.290402e-01
2.726777201000463e-03	-3.290659e-01
2.736777201000463e-03	-3.290402e-01
2.746777201000463e-03	-3.290659e-01
2.756777201000463e-03	-3.290402e-01
2.766777201000463e-03	-3.290659e-01
2.776777201000463e-03	-3.290402e-01
2.786777201000463e-03	-3.290659e-01
2.796777201000463e-03	-3.290403e-01
2.806777201000463e-03	-3.290659e-01
2.816777201000463e-03	-3.290403e-01
2.826777201000463e-03	-3.290659e-01
2.836777201000463e-03	-3.290403e-01
2.846777201000463e-03	-3.290659e-01
2.856777201000463e-03	-3.290403e-01
2.866777201000463e-03	-3.290659e-01
2.876777201000463e-03	-3.290403e-01
2.886777201000463e-03	-3.290659e-01
2.896777201000463e-03	-3.290403e-01
2.906777201000463e-03	-3.290659e-01
2.916777201000463e-03	-3.290403e-01
2.926777201000463e-03	-3.290659e-01
2.936777201000463e-03	-3.290403e-01
2.946777201000463e-03	-3.290659e-01
2.956777201000463e-03	-3.290403e-01
2.966777201000463e-03	-3.290659e-01
2.976777201000463e-03	-3.290403e-01
2.986777201000463e-03	-3.290659e-01
2.996777201000463e-03	-3.290403e-01
3.006777201000463e-03	-3.290659e-01
3.016777201000463e-03	-3.290403e-01
3.026777201000463e-03	-3.290659e-01
3.036777201000463e-03	-3.290403e-01
3.046777201000463e-03	-3.290659e-01
3.056777201000463e-03	-3.290403e-01
3.066777201000463e-03	-3.290659e-01
3.076777201000463e-03	-3.290403e-01
3.086777201000463e-03	-3.290659e-01
3.096777201000463e-03	-3.290403e-01
3.106777201000463e-03	-3.290659e-01
3.116777201000463e-03	-3.290403e-01
3.126777201000463e-03	-3.290659e-01
3.136777201000463e-03	-3.290403e-01
3.146777201000463e-03	-3.290659e-01
3.156777201000463e-03	-3.290403e-01
3.166777201000463e-03	-3.290659e-01
3.176777201000463e-03	-3.290403e-01
3.186777201000463e-03	-3.290659e-01
3.196777201000463e-03	-3.290403e-01
3.206777201000463e-03	-3.290659e-01
3.216777201000463e-03	-3.290403e-01
3.226777201000463e-03	-3.290659e-01
3.236777201000463e-03	-3.290403e-01
3.246777201000463e-03	-3.290659e-01
3.256777201000463e-03	-3.290403e-01
3.266777201000463e-03	-3.290659e-01
3.276777201000463e-03	-3.290403e-01
3.286777201000463e-03	-3.290659e-01
3.296777201000463e-03	-3.290403e-01
3.306777201000463e-03	-3.290659e-01
3.316777201000463e-03	-3.290403e-01
3.326777201000463e-03	-3.290659e-01
3.336777201000463e-03	-3.290403e-01
3.346777201000463e-03	-3.290659e-01
3.356777201000463e-03	-3.290403e-01
3.366777201000463e-03	-3.290659e-01
3.376777201000463e-03	-3.290403e-01
3.386777201000463e-03	-3.290659e-01
3.396777201000463e-03	-3.290403e-01
3.406777201000463e-03	-3.290659e-01
3.416777201000463e-03	-3.290403e-01
3.426777201000463e-03	-3.290659e-01
3.436777201000463e-03	-3.290403e-01
3.446777201000463e-03	-3.290659e-01
3.456777201000463e-03	-3.290403e-01
3.466777201000463e-03	-3.290659e-01
3.476777201000463e-03	-3.290403e-01
3.486777201000463e-03	-3.290659e-01
3.496777201000463e-03	-3.290403e-01
3.506777201000463e-03	-3.290659e-01
3.516777201000463e-03	-3.290403e-01
3.526777201000463e-03	-3.290659e-01
3.536777201000463e-03	-3.290403e-01
3.546777201000463e-03	-3.290659e-01
3.556777201000463e-03	-3.290403e-01
3.566777201000463e-03	-3.290659e-01
3.576777201000463e-03	-3.290403e-01
3.586777201000463e-03	-3.290659e-01
3.596777201000463e-03	-3.290403e-01
3.606777201000463e-03	-3.290659e-01
3.616777201000463e-03	-3.290403e-01
3.626777201000463e-03	-3.290659e-01
3.636777201000463e-03	-3.290403e-01
3.646777201000463e-03	-3.290659e-01
3.656777201000463e-03	-3.290403e-01
3.666777201000463e-03	-3.290659e-01
3.676777201000463e-03	-3.290403e-01
3.686777201000463e-03	-3.290659e-01
3.696777201000463e-03	-3.290403e-01
3.706777201000463e-03	-3.290659e-01
3.716777201000463e-03	-3.290403e-01
3.726777201000463e-03	-3.290659e-01
3.736777201000463e-03	-3.290403e-01
3.746777201000463e-03	-3.290659e-01
3.756777201000463e-03	-3.290403e-01
3.766777201000463e-03	-3.290659e-01
3.776777201000463e-03	-3.290403e-01
3.786777201000463e-03	-3.290659e-01
3.796777201000463e-03	-3.290403e-01
3.806777201000463e-03	-3.290659e-01
3.816777201000463e-03	-3.290403e-01
3.826777201000463e-03	-3.290659e-01
3.836777201000463e-03	-3.290403e-01
3.846777201000463e-03	-3.290659e-01
3.856777201000463e-03	-3.290403e-01
3.866777201000463e-03	-3.290659e-01
3.876777201000463e-03	-3.290403e-01
3.886777201000463e-03	-3.290659e-01
3.896777201000463e-03	-3.290403e-01
3.906777201000463e-03	-3.290659e-01
3.916777201000463e-03	-3.290403e-01
3.926777201000463e-03	-3.290659e-01
3.936777201000463e-03	-3.290403e-01
3.946777201000463e-03	-3.290659e-01
3.956777201000463e-03	-3.290403e-01
3.966777201000463e-03	-3.290659e-01
3.976777201000463e-03	-3.290403e-01
3.986777201000463e-03	-3.290659e-01
3.996777201000463e-03	-3.290403e-01
4.006777201000463e-03	-3.290659e-01
4.016777201000463e-03	-3.290403e-01
4.026777201000463e-03	-3.290659e-01
4.036777201000463e-03	-3.290403e-01
4.046777201000462e-03	-3.290659e-01
4.056777201000463e-03	-3.290403e-01
4.066777201000463e-03	-3.290659e-01
4.076777201000463e-03	-3.290403e-01
4.086777201000463e-03	-3.290659e-01
4.096777201000463e-03	-3.290403e-01
4.106777201000463e-03	-3.290659e-01
4.116777201000463e-03	-3.290403e-01
4.126777201000463e-03	-3.290659e-01
4.136777201000463e-03	-3.290403e-01
4.146777201000463e-03	-3.290659e-01
4.156777201000463e-03	-3.290403e-01
4.166777201000463e-03	-3.290659e-01
4.176777201000463e-03	-3.290403e-01
4.186777201000463e-03	-3.290659e-01
4.196777201000462e-03	-3.290402e-01
4.206777201000463e-03	-3.290659e-01
4.216777201000462e-03	-3.290402e-01
4.226777201000463e-03	-3.290659e-01
4.236777201000463e-03	-3.290402e-01
4.246777201000463e-03	-3.290659e-01
4.256777201000463e-03	-3.290402e-01
4.266777201000463e-03	-3.290659e-01
4.276777201000463e-03	-3.290402e-01
4.286777201000463e-03	-3.290659e-01
4.296777201000463e-03	-3.290402e-01
4.306777201000463e-03	-3.290659e-01
4.316777201000463e-03	-3.290402e-01
4.326777201000463e-03	-3.290659e-01
4.336777201000463e-03	-3.290402e-01
4.346777201000463e-03	-3.290659e-01
4.356777201000463e-03	-3.290402e-01
4.366777201000462e-03	-3.290659e-01
4.376777201000463e-03	-3.290402e-01
4.386777201000462e-03	-3.290659e-01
4.396777201000463e-03	-3.290402e-01
4.406777201000463e-03	-3.290659e-01
4.416777201000463e-03	-3.290402e-01
4.426777201000463e-03	-3.290659e-01
4.436777201000463e-03	-3.290402e-01
4.446777201000463e-03	-3.290659e-01
4.456777201000463e-03	-3.290402e-01
4.466777201000463e-03	-3.290659e-01
4.476777201000463e-03	-3.290402e-01
4.486777201000463e-03	-3.290659e-01
4.496777201000463e-03	-3.290402e-01
4.506777201000463e-03	-3.290659e-01
4.516777201000462e-03	-3.290402e-01
4.526777201000463e-03	-3.290659e-01
4.536777201000462e-03	-3.290402e-01
4.546777201000463e-03	-3.290659e-01
4.556777201000463e-03	-3.290402e-01
4.566777201000463e-03	-3.290659e-01
4.576777201000463e-03	-3.290402e-01
4.586777201000463e-03	-3.290659e-01
4.596777201000463e-03	-3.290402e-01
4.606777201000463e-03	-3.290659e-01
4.616777201000463e-03	-3.290402e-01
4.626777201000463e-03	-3.290659e-01
4.636777201000463e-03	-3.290402e-01
4.646777201000463e-03	-3.290659e-01
4.656777201000463e-03	-3.290402e-01
4.666777201000463e-03	-3.290659e-01
4.676777201000463e-03	-3.290402e-01
4.686777201000462e-03	-3.290659e-01
4.696777201000463e-03	-3.290402e-01
4.706777201000462e-03	-3.290659e-01
4.716777201000463e-03	-3.290402e-01
4.726777201000463e-03	-3.290659e-01
4.736777201000463e-03	-3.290402e-01
4.746777201000463e-03	-3.290659e-01
4.756777201000463e-03	-3.290402e-01
4.766777201000463e-03	-3.290659e-01
4.776777201000463e-03	-3.290402e-01
4.786777201000463e-03	-3.290659e-01
4.796777201000463e-03	-3.290402e-01
4.806777201000463e-03	-3.290659e-01
4.816777201000463e-03	-3.290402e-01
4.826777201000463e-03	-3.290659e-01
4.836777201000462e-03	-3.290402e-01
4.846777201000463e-03	-3.290659e-01
4.856777201000462e-03	-3.290402e-01
4.866777201000463e-03	-3.290659e-01
4.876777201000462e-03	-3.290402e-01
4.886777201000463e-03	-3.290659e-01
4.896777201000463e-03	-3.290402e-01
4.906777201000463e-03	-3.290659e-01
4.916777201000463e-03	-3.290402e-01
4.926777201000463e-03	-3.290659e-01
4.936777201000463e-03	-3.290402e-01
4.946777201000463e-03	-3.290659e-01
4.956777201000463e-03	-3.290402e-01
4.966777201000463e-03	-3.290659e-01
4.976777201000463e-03	-3.290402e-01
4.986777201000463e-03	-3.290659e-01
4.996777201000463e-03	-3.290402e-01
5.006777201000462e-03	-3.290659e-01
5.016777201000463e-03	-3.290402e-01
5.026777201000462e-03	-3.290659e-01
5.036777201000463e-03	-3.290402e-01
5.046777201000462e-03	-3.290659e-01
5.056777201000463e-03	-3.290402e-01
5.066777201000463e-03	-3.290659e-01
5.076777201000463e-03	-3.290402e-01
5.086777201000463e-03	-3.290659e-01
5.096777201000463e-03	-3.290402e-01
5.106777201000463e-03	-3.290659e-01
5.116777201000463e-03	-3.290402e-01
5.126777201000463e-03	-3.290659e-01
5.136777201000463e-03	-3.290402e-01
5.146777201000463e-03	-3.290659e-01
5.156777201000462e-03	-3.290402e-01
5.166777201000463e-03	-3.290659e-01
5.176777201000462e-03	-3.290402e-01
5.186777201000463e-03	-3.290659e-01
5.196777201000462e-03	-3.290402e-01
5.206777201000463e-03	-3.290659e-01
5.216777201000463e-03	-3.290402e-01
5.226777201000463e-03	-3.290659e-01
5.236777201000463e-03	-3.290402e-01
5.246777201000463e-03	-3.290659e-01
5.256777201000463e-03	-3.290402e-01
5.266777201000463e-03	-3.290659e-01
5.276777201000463e-03	-3.290402e-01
5.286777201000463e-03	-3.290659e-01
5.296777201000463e-03	-3.290402e-01
5.306777201000463e-03	-3.290659e-01
5.316777201000463e-03	-3.290402e-01
5.326777201000462e-03	-3.290659e-01
5.336777201000463e-03	-3.290402e-01
5.346777201000462e-03	-3.290659e-01
5.356777201000463e-03	-3.290402e-01
5.366777201000462e-03	-3.290659e-01
5.376777201000463e-03	-3.290402e-01
5.386777201000463e-03	-3.290659e-01
5.396777201000463e-03	-3.290402e-01
5.406777201000463e-03	-3.290659e-01
5.416777201000463e-03	-3.290402e-01
5.426777201000463e-03	-3.290659e-01
5.436777201000463e-03	-3.290402e-01
5.446777201000463e-03	-3.290659e-01
5.456777201000463e-03	-3.290402e-01
5.466777201000463e-03	-3.290659e-01
5.476777201000462e-03	-3.290402e-01
5.486777201000463e-03	-3.290659e-01
5.496777201000462e-03	-3.290402e-01
5.506777201000463e-03	-3.290659e-01
5.516777201000462e-03	-3.290402e-01
5.526777201000463e-03	-3.290659e-01
5.536777201000462e-03	-3.290402e-01
5.546777201000463e-03	-3.290659e-01
5.556777201000463e-03	-3.290402e-01
5.566777201000463e-03	-3.290659e-01
5.576777201000463e-03	-3.290402e-01
5.586777201000463e-03	-3.290659e-01
5.596777201000463e-03	-3.290402e-01
5.606777201000463e-03	-3.290659e-01
5.616777201000463e-03	-3.290402e-01
5.626777201000463e-03	-3.290659e-01
5.636777201000463e-03	-3.290402e-01
5.646777201000462e-03	-3.290659e-01
5.656777201000463e-03	-3.290402e-01
5.666777201000462e-03	-3.290659e-01
5.676777201000463e-03	-3.290402e-01
5.686777201000462e-03	-3.290659e-01
5.696777201000463e-03	-3.290402e-01
5.706777201000462e-03	-3.290659e-01
5.716777201000463e-03	-3.290402e-01
5.726777201000463e-03	-3.290659e-01
5.736777201000463e-03	-3.290402e-01
5.746777201000463e-03	-3.290659e-01
5.756777201000463e-03	-3.290402e-01
5.766777201000463e-03	-3.290659e-01
5.776777201000463e-03	-3.290402e-01
5.786777201000463e-03	-3.290659e-01
5.796777201000462e-03	-3.290402e-01
5.806777201000463e-03	-3.290659e-01
5.816777201000462e-03	-3.290402e-01
5.826777201000463e-03	-3.290659e-01
5.836777201000462e-03	-3.290402e-01
5.846777201000463e-03	-3.290659e-01
5.856777201000462e-03	-3.290402e-01
5.866777201000463e-03	-3.290659e-01
5.876777201000462e-03	-3.290402e-01
5.886777201000463e-03	-3.290659e-01
5.896777201000463e-03	-3.290402e-01
5.906777201000463e-03	-3.290659e-01
5.916777201000463e-03	-3.290402e-01
5.926777201000463e-03	-3.290659e-01
5.936777201000463e-03	-3.290402e-01
5.946777201000463e-03	-3.290659e-01
5.956777201000463e-03	-3.290402e-01
5.966777201000462e-03	-3.290659e-01
5.976777201000463e-03	-3.290402e-01
5.986777201000462e-03	-3.290659e-01
5.996777201000463e-03	-3.290402e-01
6.006777201000462e-03	-3.290659e-01
6.016777201000463e-03	-3.290402e-01
6.026777201000462e-03	-3.290659e-01
6.036777201000463e-03	-3.290402e-01
6.046777201000463e-03	-3.290659e-01
6.056777201000463e-03	-3.290402e-01
6.066777201000463e-03	-3.290659e-01
6.076777201000463e-03	-3.290402e-01
6.086777201000463e-03	-3.290659e-01
6.096777201000463e-03	-3.290402e-01
6.106777201000463e-03	-3.290659e-01
6.116777201000462e-03	-3.290402e-01
6.126777201000463e-03	-3.290659e-01
6.136777201000462e-03	-3.290402e-01
6.146777201000463e-03	-3.290659e-01
6.156777201000462e-03	-3.290402e-01
6.166777201000463e-03	-3.290659e-01
6.176777201000462e-03	-3.290402e-01
6.186777201000463e-03	-3.290659e-01
6.196777201000462e-03	-3.290402e-01
6.206777201000463e-03	-3.290659e-01
6.216777201000463e-03	-3.290402e-01
6.226777201000463e-03	-3.290659e-01
6.236777201000463e-03	-3.290402e-01
6.246777201000463e-03	-3.290659e-01
6.256777201000463e-03	-3.290402e-01
6.266777201000463e-03	-3.290659e-01
6.276777201000463e-03	-3.290402e-01
6.286777201000462e-03	-3.290659e-01
6.296777201000463e-03	-3.290402e-01
6.306777201000462e-03	-3.290659e-01
6.316777201000463e-03	-3.290402e-01
6.326777201000462e-03	-3.290659e-01
6.336777201000463e-03	-3.290402e-01
6.346777201000462e-03	-3.290659e-01
6.356777201000463e-03	-3.290402e-01
6.366777201000462e-03	-3.290659e-01
6.376777201000463e-03	-3.290402e-01
6.386777201000463e-03	-3.290659e-01
6.396777201000463e-03	-3.290402e-01
6.406777201000463e-03	-3.290659e-01
6.416777201000463e-03	-3.290402e-01
6.426777201000463e-03	-3.290659e-01
6.436777201000462e-03	-3.290402e-01
6.446777201000463e-03	-3.290659e-01
6.456777201000462e-03	-3.290402e-01
6.466777201000463e-03	-3.290659e-01
6.476777201000462e-03	-3.290402e-01
6.486777201000463e-03	-3.290659e-01
6.496777201000462e-03	-3.290402e-01
6.506777201000463e-03	-3.290659e-01
6.516777201000462e-03	-3.290402e-01
6.526777201000463e-03	-3.290659e-01
6.536777201000462e-03	-3.290402e-01
6.546777201000463e-03	-3.290659e-01
6.556777201000463e-03	-3.290402e-01
6.566777201000463e-03	-3.290659e-01
6.576777201000463e-03	-3.290402e-01
6.586777201000463e-03	-3.290659e-01
6.596777201000463e-03	-3.290402e-01
6.606777201000462e-03	-3.290659e-01
6.616777201000463e-03	-3.290402e-01
6.626777201000462e-03	-3.290659e-01
6.636777201000463e-03	-3.290402e-01
6.646777201000462e-03	-3.290659e-01
6.656777201000463e-03	-3.290402e-01
6.666777201000462e-03	-3.290659e-01
6.676777201000463e-03	-3.290402e-01
6.686777201000462e-03	-3.290659e-01
6.696777201000463e-03	-3.290402e-01
6.706777201000463e-03	-3.290659e-01
6.716777201000463e-03	-3.290402e-01
6.726777201000463e-03	-3.290659e-01
6.736777201000463e-03	-3.290402e-01
6.746777201000463e-03	-3.290659e-01
6.756777201000462e-03	-3.290402e-01
6.766777201000463e-03	-3.290659e-01
6.776777201000462e-03	-3.290402e-01
6.786777201000463e-03	-3.290659e-01
6.796777201000462e-03	-3.290402e-01
6.806777201000463e-03	-3.290659e-01
6.816777201000462e-03	-3.290402e-01
6.826777201000463e-03	-3.290659e-01
6.836777201000462e-03	-3.290402e-01
6.846777201000463e-03	-3.290659e-01
6.856777201000462e-03	-3.290402e-01
6.866777201000463e-03	-3.290659e-01
6.876777201000463e-03	-3.290402e-01
6.886777201000463e-03	-3.290659e-01
6.896777201000463e-03	-3.290402e-01
6.906777201000463e-03	-3.290659e-01
6.916777201000463e-03	-3.290402e-01
6.926777201000462e-03	-3.290659e-01
6.936777201000463e-03	-3.290402e-01
6.946777201000462e-03	-3.290659e-01
6.956777201000463e-03	-3.290402e-01
6.966777201000462e-03	-3.290659e-01
6.976777201000463e-03	-3.290402e-01
6.986777201000462e-03	-3.290659e-01
6.996777201000463e-03	-3.290402e-01
7.006777201000462e-03	-3.290659e-01
7.016777201000463e-03	-3.290402e-01
7.026777201000462e-03	-3.290659e-01
7.036777201000463e-03	-3.290402e-01
7.046777201000463e-03	-3.290659e-01
7.056777201000463e-03	-3.290402e-01
7.066777201000463e-03	-3.290659e-01
7.076777201000462e-03	-3.290402e-01
7.086777201000463e-03	-3.290659e-01
7.096777201000462e-03	-3.290402e-01
7.106777201000463e-03	-3.290659e-01
7.116777201000462e-03	-3.290402e-01
7.126777201000463e-03	-3.290659e-01
7.136777201000462e-03	-3.290402e-01
7.146777201000463e-03	-3.290659e-01
7.156777201000462e-03	-3.290402e-01
7.166777201000463e-03	-3.290659e-01
7.176777201000462e-03	-3.290402e-01
7.186777201000463e-03	-3.290659e-01
7.196777201000462e-03	-3.290402e-01
7.206777201000463e-03	-3.290659e-01
7.216777201000463e-03	-3.290402e-01
7.226777201000463e-03	-3.290659e-01
7.236777201000463e-03	-3.290402e-01
7.246777201000462e-03	-3.290659e-01
7.256777201000463e-03	-3.290402e-01
7.266777201000462e-03	-3.290659e-01
7.276777201000463e-03	-3.290402e-01
7.286777201000462e-03	-3.290659e-01
7.296777201000463e-03	-3.290402e-01
7.306777201000462e-03	-3.290659e-01
7.316777201000463e-03	-3.290402e-01
7.326777201000462e-03	-3.290659e-01
7.336777201000463e-03	-3.290402e-01
7.346777201000462e-03	-3.290659e-01
7.356777201000463e-03	-3.290402e-01
7.366777201000463e-03	-3.290659e-01
7.376777201000463e-03	-3.290402e-01
7.386777201000463e-03	-3.290659e-01
7.396777201000462e-03	-3.290402e-01
7.406777201000463e-03	-3.290659e-01
7.416777201000462e-03	-3.290402e-01
7.426777201000463e-03	-3.290659e-01
7.436777201000462e-03	-3.290402e-01
7.446777201000463e-03	-3.290659e-01
7.456777201000462e-03	-3.290402e-01
7.466777201000463e-03	-3.290659e-01
7.476777201000462e-03	-3.290402e-01
7.486777201000463e-03	-3.290659e-01
7.496777201000462e-03	-3.290402e-01
7.506777201000463e-03	-3.290659e-01
7.516777201000462e-03	-3.290402e-01
7.526777201000463e-03	-3.290659e-01
7.536777201000463e-03	-3.290402e-01
7.546777201000463e-03	-3.290659e-01
7.556777201000463e-03	-3.290402e-01
7.566777201000462e-03	-3.290659e-01
7.576777201000463e-03	-3.290402e-01
7.586777201000462e-03	-3.290659e-01
7.596777201000463e-03	-3.290402e-01
7.606777201000462e-03	-3.290659e-01
7.616777201000463e-03	-3.290402e-01
7.626777201000462e-03	-3.290659e-01
7.636777201000463e-03	-3.290402e-01
7.646777201000462e-03	-3.290659e-01
7.656777201000463e-03	-3.290402e-01
7.666777201000462e-03	-3.290659e-01
7.676777201000463e-03	-3.290402e-01
7.686777201000462e-03	-3.290659e-01
7.696777201000463e-03	-3.290402e-01
7.706777201000463e-03	-3.290659e-01
7.716777201000462e-03	-3.290402e-01
7.726777201000463e-03	-3.290659e-01
7.736777201000462e-03	-3.290402e-01
7.746777201000463e-03	-3.290659e-01
7.756777201000462e-03	-3.290402e-01
7.766777201000463e-03	-3.290659e-01
7.776777201000462e-03	-3.290402e-01
7.786777201000463e-03	-3.290659e-01
7.796777201000462e-03	-3.290402e-01
7.806777201000463e-03	-3.290659e-01
7.816777201000463e-03	-3.290402e-01
7.826777201000463e-03	-3.290659e-01
7.836777201000462e-03	-3.290402e-01
7.846777201000462e-03	-3.290659e-01
7.856777201000463e-03	-3.290402e-01
7.866777201000463e-03	-3.290659e-01
7.876777201000463e-03	-3.290402e-01
7.886777201000462e-03	-3.290659e-01
7.896777201000462e-03	-3.290402e-01
7.906777201000463e-03	-3.290659e-01
7.916777201000463e-03	-3.290402e-01
7.926777201000462e-03	-3.290659e-01
7.936777201000462e-03	-3.290402e-01
7.946777201000463e-03	-3.290659e-01
7.956777201000463e-03	-3.290402e-01
7.966777201000462e-03	-3.290659e-01
7.976777201000462e-03	-3.290402e-01
7.986777201000463e-03	-3.290659e-01
7.996777201000463e-03	-3.290402e-01
8.006777201000462e-03	-3.290659e-01
8.016777201000462e-03	-3.290402e-01
8.026777201000463e-03	-3.290659e-01
8.036777201000463e-03	-3.290402e-01
8.046777201000463e-03	-3.290659e-01
8.056777201000462e-03	-3.290402e-01
8.066777201000462e-03	-3.290659e-01
8.076777201000463e-03	-3.290402e-01
8.086777201000463e-03	-3.290659e-01
8.096777201000462e-03	-3.290402e-01
8.106777201000462e-03	-3.290659e-01
8.116777201000463e-03	-3.290402e-01
8.126777201000463e-03	-3.290659e-01
8.136777201000462e-03	-3.290402e-01
8.146777201000462e-03	-3.290659e-01
8.156777201000463e-03	-3.290402e-01
8.166777201000463e-03	-3.290659e-01
8.176777201000462e-03	-3.290402e-01
8.186777201000462e-03	-3.290659e-01
8.196777201000462e-03	-3.290402e-01
8.206777201000463e-03	-3.290659e-01
8.216777201000463e-03	-3.290402e-01
8.226777201000462e-03	-3.290659e-01
8.236777201000462e-03	-3.290402e-01
8.246777201000463e-03	-3.290659e-01
8.256777201000463e-03	-3.290402e-01
8.266777201000462e-03	-3.290659e-01
8.276777201000462e-03	-3.290402e-01
8.286777201000463e-03	-3.290659e-01
8.296777201000463e-03	-3.290402e-01
8.306777201000462e-03	-3.290659e-01
8.316777201000462e-03	-3.290402e-01
8.326777201000463e-03	-3.290659e-01
8.336777201000463e-03	-3.290402e-01
8.346777201000462e-03	-3.290659e-01
8.356777201000462e-03	-3.290402e-01
8.366777201000462e-03	-3.290659e-01
8.376777201000463e-03	-3.290402e-01
8.386777201000463e-03	-3.290659e-01
8.396777201000462e-03	-3.290402e-01
8.406777201000462e-03	-3.290659e-01
8.416777201000463e-03	-3.290402e-01
8.426777201000463e-03	-3.290659e-01
8.436777201000462e-03	-3.290402e-01
8.446777201000462e-03	-3.290659e-01
8.456777201000463e-03	-3.290402e-01
8.466777201000463e-03	-3.290659e-01
8.476777201000462e-03	-3.290402e-01
8.486777201000462e-03	-3.290659e-01
8.496777201000463e-03	-3.290402e-01
8.506777201000463e-03	-3.290659e-01
8.516777201000462e-03	-3.290402e-01
8.526777201000462e-03	-3.290659e-01
8.536777201000462e-03	-3.290402e-01
8.546777201000463e-03	-3.290659e-01
8.556777201000463e-03	-3.290402e-01
8.566777201000462e-03	-3.290659e-01
8.576777201000462e-03	-3.290402e-01
8.586777201000463e-03	-3.290659e-01
8.596777201000463e-03	-3.290402e-01
8.606777201000462e-03	-3.290659e-01
8.616777201000462e-03	-3.290402e-01
8.626777201000463e-03	-3.290659e-01
8.636777201000463e-03	-3.290402e-01
8.646777201000462e-03	-3.290659e-01
8.656777201000462e-03	-3.290402e-01
8.666777201000463e-03	-3.290659e-01
8.676777201000463e-03	-3.290402e-01
8.686777201000462e-03	-3.290659e-01
8.696777201000462e-03	-3.290402e-01
8.706777201000462e-03	-3.290659e-01
8.716777201000463e-03	-3.290402e-01
8.726777201000463e-03	-3.290659e-01
8.736777201000462e-03	-3.290402e-01
8.746777201000462e-03	-3.290659e-01
8.756777201000463e-03	-3.290402e-01
8.766777201000463e-03	-3.290659e-01
8.776777201000462e-03	-3.290402e-01
8.786777201000462e-03	-3.290659e-01
8.796777201000463e-03	-3.290402e-01
8.806777201000463e-03	-3.290659e-01
8.816777201000462e-03	-3.290402e-01
8.826777201000462e-03	-3.290659e-01
8.836777201000462e-03	-3.290402e-01
8.846777201000463e-03	-3.290659e-01
8.856777201000463e-03	-3.290402e-01
8.866777201000462e-03	-3.290659e-01
8.876777201000462e-03	-3.290402e-01
8.886777201000463e-03	-3.290659e-01
8.896777201000463e-03	-3.290402e-01
8.906777201000462e-03	-3.290659e-01
8.916777201000462e-03	-3.290402e-01
8.926777201000463e-03	-3.290659e-01
8.936777201000463e-03	-3.290402e-01
8.946777201000462e-03	-3.290659e-01
8.956777201000462e-03	-3.290402e-01
8.966777201000463e-03	-3.290659e-01
8.976777201000463e-03	-3.290402e-01
8.986777201000462e-03	-3.290659e-01
8.996777201000462e-03	-3.290402e-01
9.006777201000462e-03	-3.290659e-01
9.016777201000463e-03	-3.290402e-01
9.026777201000463e-03	-3.290659e-01
9.036777201000462e-03	-3.290402e-01
9.046777201000462e-03	-3.290659e-01
9.056777201000463e-03	-3.290402e-01
9.066777201000463e-03	-3.290659e-01
9.076777201000462e-03	-3.290402e-01
9.086777201000462e-03	-3.290659e-01
9.096777201000463e-03	-3.290402e-01
9.106777201000463e-03	-3.290659e-01
9.116777201000462e-03	-3.290402e-01
9.126777201000462e-03	-3.290659e-01
9.136777201000463e-03	-3.290402e-01
9.146777201000463e-03	-3.290659e-01
9.156777201000462e-03	-3.290402e-01
9.166777201000462e-03	-3.290659e-01
9.176777201000462e-03	-3.290402e-01
9.186777201000463e-03	-3.290659e-01
9.196777201000463e-03	-3.290402e-01
9.206777201000462e-03	-3.290659e-01
9.216777201000462e-03	-3.290402e-01
9.226777201000463e-03	-3.290659e-01
9.236777201000463e-03	-3.290402e-01
9.246777201000462e-03	-3.290659e-01
9.256777201000462e-03	-3.290402e-01
9.266777201000463e-03	-3.290659e-01
9.276777201000463e-03	-3.290402e-01
9.286777201000462e-03	-3.290659e-01
9.296777201000462e-03	-3.290402e-01
9.306777201000463e-03	-3.290659e-01
9.316777201000463e-03	-3.290402e-01
9.326777201000462e-03	-3.290659e-01
9.336777201000462e-03	-3.290402e-01
9.346777201000462e-03	-3.290659e-01
9.356777201000463e-03	-3.290402e-01
9.366777201000463e-03	-3.290659e-01
9.376777201000462e-03	-3.290402e-01
9.386777201000462e-03	-3.290659e-01
9.396777201000463e-03	-3.290402e-01
9.406777201000463e-03	-3.290659e-01
9.416777201000462e-03	-3.290402e-01
9.426777201000462e-03	-3.290659e-01
9.436777201000463e-03	-3.290402e-01
9.446777201000463e-03	-3.290659e-01
9.456777201000462e-03	-3.290402e-01
9.466777201000462e-03	-3.290659e-01
9.476777201000462e-03	-3.290402e-01
9.486777201000463e-03	-3.290659e-01
9.496777201000462e-03	-3.290402e-01
9.506777201000462e-03	-3.290659e-01
9.516777201000462e-03	-3.290402e-01
9.526777201000463e-03	-3.290659e-01
9.536777201000463e-03	-3.290402e-01
9.546777201000462e-03	-3.290659e-01
9.556777201000462e-03	-3.290402e-01
9.566777201000463e-03	-3.290659e-01
9.576777201000463e-03	-3.290402e-01
9.586777201000462e-03	-3.290659e-01
9.596777201000462e-03	-3.290402e-01
9.606777201000463e-03	-3.290659e-01
9.616777201000463e-03	-3.290402e-01
9.626777201000462e-03	-3.290659e-01
9.636777201000462e-03	-3.290402e-01
9.646777201000462e-03	-3.290659e-01
9.656777201000463e-03	-3.290402e-01
9.666777201000462e-03	-3.290659e-01
9.676777201000462e-03	-3.290402e-01
9.686777201000462e-03	-3.290659e-01
9.696777201000463e-03	-3.290402e-01
9.706777201000463e-03	-3.290659e-01
9.716777201000462e-03	-3.290402e-01
9.726777201000462e-03	-3.290659e-01
9.736777201000463e-03	-3.290402e-01
9.746777201000463e-03	-3.290659e-01
9.756777201000462e-03	-3.290402e-01
9.766777201000462e-03	-3.290659e-01
9.776777201000463e-03	-3.290402e-01
9.786777201000463e-03	-3.290659e-01
9.796777201000462e-03	-3.290402e-01
9.806777201000462e-03	-3.290659e-01
9.816777201000462e-03	-3.290402e-01
9.826777201000463e-03	-3.290659e-01
9.836777201000462e-03	-3.290402e-01
9.846777201000462e-03	-3.290659e-01
9.856777201000462e-03	-3.290402e-01
9.866777201000463e-03	-3.290659e-01
9.876777201000463e-03	-3.290402e-01
9.886777201000462e-03	-3.290659e-01
9.896777201000462e-03	-3.290402e-01
9.906777201000463e-03	-3.290659e-01
9.916777201000463e-03	-3.290402e-01
9.926777201000462e-03	-3.290659e-01
9.936777201000462e-03	-3.290402e-01
9.946777201000463e-03	-3.290659e-01
9.956777201000463e-03	-3.290402e-01
9.966777201000462e-03	-3.290659e-01
9.976777201000462e-03	-3.290402e-01
9.986777201000462e-03	-3.290659e-01
9.996777201000463e-03	-3.290402e-01
1.000000000000000e-02	-3.290659e-01
1.000000000100000e-02	-3.290502e-01
1.000000000200000e-02	-3.290582e-01
1.000000000440036e-02	-3.290483e-01
1.000000000670974e-02	-3.290569e-01
1.000000001132851e-02	-3.290488e-01
1.000000002056606e-02	-3.290568e-01
1.000000003904114e-02	-3.290490e-01
1.000000007599130e-02	-3.290568e-01
1.000000014989163e-02	-3.290490e-01
1.000000029769228e-02	-3.290568e-01
1.000000059329359e-02	-3.290491e-01
1.000000118449621e-02	-3.290569e-01
1.000000236690145e-02	-3.290491e-01
1.000000473171193e-02	-3.290568e-01
1.000000946133289e-02	-3.290489e-01
1.000001768468402e-02	-3.290565e-01
1.000002962942897e-02	-3.290485e-01
1.000005351891887e-02	-3.290554e-01
1.000010129789866e-02	-3.290307e-01
1.000017105027748e-02	-3.290573e-01
1.000023626403240e-02	-3.290538e-01
1.000031614377573e-02	-3.290656e-01
1.000039209500824e-02	-3.290611e-01
1.000054399747327e-02	-3.290723e-01
1.000056482753742e-02	-3.290689e-01
1.000060648766571e-02	-3.290695e-01
1.000068980792228e-02	-3.290705e-01
1.000085644843544e-02	-3.290726e-01
1.000118972946175e-02	-3.290760e-01
1.000176798343685e-02	-3.290799e-01
1.000243495306574e-02	-3.290809e-01
1.000255254085709e-02	-3.290807e-01
1.000278771643979e-02	-3.290800e-01
1.000325806760518e-02	-3.290771e-01
1.000337565539653e-02	-3.290761e-01
1.000361083097922e-02	-3.290739e-01
1.000408118214461e-02	-3.290696e-01
1.000502188447540e-02	-3.290607e-01
1.000690328913696e-02	-3.290425e-01
1.001062905475410e-02	-3.290049e-01
1.001808058598839e-02	-3.289222e-01
1.002808058598839e-02	-3.287843e-01
1.003808058598839e-02	-3.285872e-01
1.004808058598839e-02	-3.282638e-01
1.005808058598839e-02	-3.275917e-01
1.006808058598839e-02	-3.248006e-01
1.007808058598839e-02	-3.145581e-01
1.008808058598839e-02	-3.041075e-01
1.009808058598839e-02	-2.929358e-01
1.010000000000000e-02	-2.908500e-01
1.010000000100000e-02	-2.908517e-01
1.010000001700000e-02	-2.908536e-01
1.010000004900000e-02	-2.908541e-01
1.010000011300000e-02	-2.908542e-01
1.010000024100000e-02	-2.908514e-01
1.010000049700000e-02	-2.908466e-01
1.010000100900000e-02	-2.908365e-01
1.010000203300000e-02	-2.908229e-01
1.010000408100000e-02	-2.908056e-01
1.010000817700000e-02	-2.907917e-01
1.010001636900000e-02	-2.907791e-01
1.010003275300001e-02	-2.907614e-01
1.010006552100002e-02	-2.907232e-01
1.010013105700003e-02	-2.906490e-01
1.010026212900006e-02	-2.904986e-01
1.010052427300013e-02	-2.901996e-01
1.010104856100025e-02	-2.895992e-01
1.010209713700050e-02	-2.883991e-01
1.010419428900100e-02	-2.859928e-01
1.010838859300201e-02	-2.811791e-01
1.011677720100402e-02	-2.716153e-01
1.012677720100402e-02	-2.604800e-01
1.013677720100402e-02	-2.497778e-01
1.014677720100401e-02	-2.398233e-01
1.015677720100402e-02	-2.308753e-01
1.016677720100402e-02	-2.220255e-01
1.017677720100402e-02	-2.089044e-01
1.018677720100401e-02	-1.865930e-01
1.019677720100402e-02	-1.701898e-01
1.020642687875436e-02	-1.674428e-01
1.021642687875436e-02	-1.769413e-01
1.022642687875436e-02	-1.937853e-01
1.023642687875436e-02	-2.128128e-01
1.024642687875436e-02	-2.309259e-01
1.025642687875436e-02	-2.520521e-01
1.026642687875436e-02	-2.755075e-01
1.027642687875436e-02	-3.010660e-01
1.028642687875436e-02	-3.280845e-01
1.029642687875436e-02	-3.563432e-01
1.030642687875436e-02	-3.851838e-01
1.031642687875436e-02	-4.143056e-01
1.032642687875436e-02	-4.428876e-01
1.033642687875436e-02	-4.702401e-01
1.034642687875436e-02	-4.946209e-01
1.035642687875436e-02	-5.121344e-01
1.036642687875436e-02	-5.051634e-01
1.037642687875436e-02	-4.897141e-01
1.038642687875436e-02	-4.737059e-01
1.039642687875436e-02	-4.561154e-01
1.040642687875436e-02	-4.298030e-01
1.041642687875436e-02	-3.537261e-01
1.042641835458377e-02	-2.754830e-01
1.043641835458377e-02	-2.052440e-01
1.044641835458377e-02	-1.202887e-01
1.045589702286615e-02	-4.507057e-02
1.046589702286614e-02	-3.634975e-03
1.047576027642319e-02	-1.062014e-05
1.048576027642319e-02	-9.682926e-06
1.049576027642319e-02	-1.096299e-05
1.050576027642319e-02	-9.904085e-06
1.051576027642319e-02	-1.066937e-05
1.052576027642319e-02	-9.607217e-06
1.053576027642319e-02	-1.037279e-05
1.054576027642319e-02	-9.316788e-06
1.055576027642319e-02	-1.009210e-05
1.056576027642319e-02	-9.040857e-06
1.057576027642319e-02	-9.826329e-06
1.058576027642319e-02	-8.778855e-06
1.059576027642319e-02	-9.574583e-06
1.060576027642319e-02	-8.529675e-06
1.061576027642319e-02	-9.330949e-06
1.062576027642319e-02	-8.280613e-06
1.063576027642319e-02	-9.086059e-06
1.064576027642319e-02	-8.033831e-06
1.065576027642319e-02	-8.847043e-06
1.066576027642319e-02	-7.794957e-06
1.067576027642319e-02	-8.617579e-06
1.068576027642319e-02	-7.566409e-06
1.069576027642319e-02	-8.399182e-06
1.070576027642319e-02	-7.349166e-06
1.071576027642319e-02	-8.192386e-06
1.072576027642319e-02	-7.143493e-06
1.073576027642319e-02	-7.997214e-06
1.074576027642319e-02	-6.949273e-06
1.075576027642319e-02	-7.813408e-06
1.076576027642319e-02	-6.766172e-06
1.077576027642319e-02	-7.640551e-06
1.078576027642319e-02	-6.593740e-06
1.079576027642319e-02	-7.478147e-06
1.080576027642319e-02	-6.431466e-06
1.081576027642319e-02	-7.325660e-06
1.082576027642319e-02	-6.278817e-06
1.083576027642319e-02	-7.182548e-06
1.084576027642319e-02	-6.135259e-06
1.085576027642319e-02	-7.048276e-06
1.086576027642319e-02	-6.000273e-06
1.087576027642319e-02	-6.922333e-06
1.088576027642319e-02	-5.873367e-06
1.089576027642319e-02	-6.804237e-06
1.090576027642319e-02	-5.754077e-06
1.091576027642319e-02	-6.693539e-06
1.092576027642319e-02	-5.641978e-06
1.093576027642319e-02	-6.589826e-06
1.094576027642319e-02	-5.536676e-06
1.095576027642319e-02	-6.492723e-06
1.096576027642319e-02	-5.437817e-06
1.097576027642319e-02	-6.401888e-06
1.098576027642319e-02	-5.345076e-06
1.099576027642319e-02	-6.317013e-06
1.100000000100000e-02	-5.280251e-06
1.100000000200000e-02	-4.784669e-06
1.100000001800000e-02	-5.099317e-06
1.100000005000000e-02	-5.891970e-06
1.100000011400000e-02	-6.814677e-06
1.100000024200000e-02	-7.542102e-06
1.100000049800000e-02	-7.569126e-06
1.100000101000000e-02	-6.715048e-06
1.100000203400000e-02	-5.912704e-06
1.100000408200000e-02	-5.796071e-06
1.100000817800000e-02	-5.891621e-06
1.100001637000000e-02	-5.806048e-06
1.100003275400001e-02	-5.813170e-06
1.100006552200002e-02	-5.773849e-06
1.100013105800003e-02	-5.806803e-06
1.100026213000006e-02	-5.774280e-06
1.100052427400013e-02	-5.804682e-06
1.100104856200025e-02	-5.771235e-06
1.100209713800050e-02	-5.798059e-06
1.100419429000100e-02	-5.758309e-06
1.100838859400201e-02	-5.772308e-06
1.101677720200402e-02	-5.707780e-06
1.102677720200402e-02	-5.700217e-06
1.103677720200402e-02	-5.631851e-06
1.104677720200402e-02	-5.626899e-06
1.105677720200402e-02	-5.561118e-06
1.106677720200402e-02	-5.558668e-06
1.107677720200402e-02	-5.495365e-06
1.108677720200402e-02	-5.495315e-06
1.109677720200402e-02	-5.434389e-06
1.110677720200402e-02	-5.436637e-06
1.111677720200402e-02	-5.377986e-06
1.112677720200402e-02	-5.382431e-06
1.113677720200402e-02	-5.325952e-06
1.114677720200402e-02	-5.332490e-06
1.115677720200402e-02	-5.278080e-06
1.116677720200402e-02	-5.286604e-06
1.117677720200402e-02	-5.234152e-06
1.118677720200402e-02	-5.244549e-06
1.119677720200402e-02	-5.193941e-06
1.120677720200402e-02	-5.206097e-06
1.121677720200402e-02	-5.157214e-06
1.122677720200402e-02	-5.171009e-06
1.123677720200402e-02	-5.123730e-06
1.124677720200402e-02	-5.139041e-06
1.125677720200402e-02	-5.093244e-06
1.126677720200402e-02	-5.109949e-06
1.127677720200402e-02	-5.065513e-06
1.128677720200402e-02	-5.083489e-06
1.129677720200402e-02	-5.040294e-06
1.130677720200402e-02	-5.059426e-06
1.131677720200402e-02	-5.017355e-06
1.132677720200402e-02	-5.037530e-06
1.133677720200402e-02	-4.996473e-06
1.134677720200402e-02	-5.017584e-06
1.135677720200402e-02	-4.977440e-06
1.136677720200402e-02	-4.999387e-06
1.137677720200402e-02	-4.960059e-06
1.138677720200402e-02	-4.982752e-06
1.139677720200402e-02	-4.944153e-06
1.140677720200402e-02	-4.967508e-06
1.141677720200402e-02	-4.929558e-06
1.142677720200402e-02	-4.953500e-06
1.143677720200402e-02	-4.916129e-06
1.144677720200402e-02	-4.940589e-06
1.145677720200402e-02	-4.903733e-06
1.146677720200402e-02	-4.928653e-06
1.147677720200402e-02	-4.892255e-06
1.148677720200402e-02	-4.917582e-06
1.149677720200402e-02	-4.881593e-06
1.150677720200402e-02	-4.907280e-06
1.151677720200402e-02	-4.871656e-06
1.152677720200402e-02	-4.897663e-06
1.153677720200402e-02	-4.862366e-06
1.154677720200402e-02	-4.888657e-06
1.155677720200402e-02	-4.853654e-06
1.156677720200402e-02	-4.880199e-06
1.157677720200402e-02	-4.845461e-06
1.158677720200402e-02	-4.872234e-06
1.159677720200402e-02	-4.837737e-06
1.160677720200402e-02	-4.864714e-06
1.161677720200402e-02	-4.830437e-06
1.162677720200402e-02	-4.857599e-06
1.163677720200402e-02	-4.823524e-06
1.164677720200402e-02	-4.850855e-06
1.165677720200402e-02	-4.816966e-06
1.166677720200402e-02	-4.844451e-06
1.167677720200402e-02	-4.810735e-06
1.168677720200402e-02	-4.838364e-06
1.169677720200402e-02	-4.804811e-06
1.170677720200402e-02	-4.832573e-06
1.171677720200402e-02	-4.799174e-06
1.172677720200402e-02	-4.827061e-06
1.173677720200402e-02	-4.793810e-06
1.174677720200402e-02	-4.821816e-06
1.175677720200402e-02	-4.788707e-06
1.176677720200402e-02	-4.816828e-06
1.177677720200402e-02	-4.783855e-06
1.178677720200402e-02	-4.812088e-06
1.179677720200402e-02	-4.779251e-06
1.180677720200402e-02	-4.807593e-06
1.181677720200402e-02	-4.774889e-06
1.182677720200402e-02	-4.803341e-06
1.183677720200402e-02	-4.770770e-06
1.184677720200402e-02	-4.799332e-06
1.185677720200402e-02	-4.766895e-06
1.186677720200402e-02	-4.795568e-06
1.187677720200402e-02	-4.763268e-06
1.188677720200402e-02	-4.792054e-06
1.189677720200402e-02	-4.759894e-06
1.190677720200402e-02	-4.788798e-06
1.191677720200402e-02	-4.756782e-06
1.192677720200402e-02	-4.785808e-06
1.193677720200402e-02	-4.753942e-06
1.194677720200402e-02	-4.783097e-06
1.195677720200402e-02	-4.751386e-06
1.196677720200402e-02	-4.780677e-06
1.197677720200402e-02	-4.749129e-06
1.198677720200402e-02	-4.778564e-06
1.199677720200402e-02	-4.747189e-06
1.200677720200402e-02	-4.776777e-06
1.201677720200402e-02	-4.745584e-06
1.202677720200402e-02	-4.775336e-06
1.203677720200402e-02	-4.744336e-06
1.204677720200402e-02	-4.774263e-06
1.205677720200402e-02	-4.743469e-06
1.206677720200402e-02	-4.773586e-06
1.207677720200402e-02	-4.743010e-06
1.208677720200402e-02	-4.773329e-06
1.209677720200402e-02	-4.742987e-06
1.210677720200402e-02	-4.773525e-06
1.211677720200402e-02	-4.743431e-06
1.212677720200402e-02	-4.774203e-06
1.213677720200402e-02	-4.744375e-06
1.214677720200402e-02	-4.775397e-06
1.215677720200402e-02	-4.745851e-06
1.216677720200402e-02	-4.777140e-06
1.217677720200402e-02	-4.747891e-06
1.218677720200402e-02	-4.779462e-06
1.219677720200402e-02	-4.750525e-06
1.220677720200402e-02	-4.782391e-06
1.221677720200402e-02	-4.753777e-06
1.222677720200402e-02	-4.785949e-06
1.223677720200402e-02	-4.757665e-06
1.224677720200402e-02	-4.790146e-06
1.225677720200402e-02	-4.762193e-06
1.226677720200402e-02	-4.794982e-06
1.227677720200402e-02	-4.767355e-06
1.228677720200402e-02	-4.800443e-06
1.229677720200402e-02	-4.773132e-06
1.230677720200402e-02	-4.806506e-06
1.231677720200402e-02	-4.779496e-06
1.232677720200402e-02	-4.813144e-06
1.233677720200402e-02	-4.786421e-06
1.234677720200402e-02	-4.820331e-06
1.235677720200402e-02	-4.793887e-06
1.236677720200402e-02	-4.828052e-06
1.237677720200402e-02	-4.801885e-06
1.238677720200402e-02	-4.836304e-06
1.239677720200402e-02	-4.810414e-06
1.240677720200402e-02	-4.845092e-06
1.241677720200402e-02	-4.819482e-06
1.242677720200402e-02	-4.854420e-06
1.243677720200402e-02	-4.829093e-06
1.244677720200402e-02	-4.864293e-06
1.245677720200402e-02	-4.839246e-06
1.246677720200402e-02	-4.874703e-06
1.247677720200402e-02	-4.849929e-06
1.248677720200402e-02	-4.885631e-06
1.249677720200402e-02	-4.861115e-06
1.250677720200402e-02	-4.897046e-06
1.251677720200402e-02	-4.872766e-06
1.252677720200402e-02	-4.908900e-06
1.253677720200402e-02	-4.884831e-06
1.254677720200402e-02	-4.921142e-06
1.255677720200402e-02	-4.897253e-06
1.256677720200402e-02	-4.933705e-06
1.257677720200402e-02	-4.909962e-06
1.258677720200402e-02	-4.946522e-06
1.259677720200402e-02	-4.922887e-06
1.260677720200402e-02	-4.959516e-06
1.261677720200402e-02	-4.935951e-06
1.262677720200402e-02	-4.972610e-06
1.263677720200402e-02	-4.949077e-06
1.264677720200402e-02	-4.985729e-06
1.265677720200402e-02	-4.962190e-06
1.266677720200402e-02	-4.998798e-06
1.267677720200402e-02	-4.975216e-06
1.268677720200402e-02	-5.011744e-06
1.269677720200402e-02	-4.988085e-06
1.270677720200402e-02	-5.024500e-06
1.271677720200402e-02	-5.000732e-06
1.272677720200402e-02	-5.037004e-06
1.273677720200402e-02	-5.013099e-06
1.274677720200402e-02	-5.049200e-06
1.275677720200402e-02	-5.025133e-06
1.276677720200402e-02	-5.061041e-06
1.277677720200402e-02	-5.036789e-06
1.278677720200402e-02	-5.072483e-06
1.279677720200402e-02	-5.048031e-06
1.280677720200402e-02	-5.083496e-06
1.281677720200402e-02	-5.058826e-06
1.282677720200402e-02	-5.094049e-06
1.283677720200402e-02	-5.069153e-06
1.284677720200402e-02	-5.104126e-06
1.285677720200402e-02	-5.078995e-06
1.286677720200402e-02	-5.113711e-06
1.287677720200402e-02	-5.088343e-06
1.288677720200402e-02	-5.122799e-06
1.289677720200402e-02	-5.097190e-06
1.290677720200402e-02	-5.131387e-06
1.291677720200402e-02	-5.105539e-06
1.292677720200402e-02	-5.139479e-06
1.293677720200402e-02	-5.113395e-06
1.294677720200402e-02	-5.147082e-06
1.295677720200402e-02	-5.120767e-06
1.296677720200402e-02	-5.154206e-06
1.297677720200402e-02	-5.127668e-06
1.298677720200402e-02	-5.160866e-06
1.299677720200402e-02	-5.134112e-06
1.300677720200402e-02	-5.167079e-06
1.301677720200402e-02	-5.140116e-06
1.302677720200402e-02	-5.172861e-06
1.303677720200402e-02	-5.145700e-06
1.304677720200402e-02	-5.178232e-06
1.305677720200402e-02	-5.150883e-06
1.306677720200402e-02	-5.183212e-06
1.307677720200402e-02	-5.155685e-06
1.308677720200402e-02	-5.187822e-06
1.309677720200402e-02	-5.160129e-06
1.310677720200402e-02	-5.192084e-06
1.311677720200402e-02	-5.164233e-06
1.312677720200402e-02	-5.196016e-06
1.313677720200402e-02	-5.168019e-06
1.314677720200402e-02	-5.199642e-06
1.315677720200402e-02	-5.171507e-06
1.316677720200402e-02	-5.202979e-06
1.317677720200402e-02	-5.174718e-06
1.318677720200402e-02	-5.206048e-06
1.319677720200402e-02	-5.177670e-06
1.320677720200402e-02	-5.208867e-06
1.321677720200402e-02	-5.180380e-06
1.322677720200402e-02	-5.211455e-06
1.323677720200402e-02	-5.182867e-06
1.324677720200402e-02	-5.213827e-06
1.325677720200402e-02	-5.185148e-06
1.326677720200402e-02	-5.216000e-06
1.327677720200402e-02	-5.187238e-06
1.328677720200402e-02	-5.217990e-06
1.329677720200402e-02	-5.189151e-06
1.330677720200402e-02	-5.219811e-06
1.331677720200402e-02	-5.190901e-06
1.332677720200402e-02	-5.221475e-06
1.333677720200402e-02	-5.192502e-06
1.334677720200402e-02	-5.222996e-06
1.335677720200402e-02	-5.193965e-06
1.336677720200402e-02	-5.224384e-06
1.337677720200402e-02	-5.195301e-06
1.338677720200402e-02	-5.225651e-06
1.339677720200402e-02	-5.196521e-06
1.340677720200402e-02	-5.226808e-06
1.341677720200402e-02	-5.197635e-06
1.342677720200402e-02	-5.227862e-06
1.343677720200402e-02	-5.198651e-06
1.344677720200402e-02	-5.228823e-06
1.345677720200402e-02	-5.199578e-06
1.346677720200402e-02	-5.229699e-06
1.347677720200402e-02	-5.200423e-06
1.348677720200402e-02	-5.230496e-06
1.349677720200402e-02	-5.201193e-06
1.350677720200402e-02	-5.231222e-06
1.351677720200402e-02	-5.201895e-06
1.352677720200402e-02	-5.231882e-06
1.353677720200402e-02	-5.202535e-06
1.354677720200402e-02	-5.232484e-06
1.355677720200401e-02	-5.203118e-06
1.356677720200402e-02	-5.233030e-06
1.357677720200402e-02	-5.203648e-06
1.358677720200402e-02	-5.233527e-06
1.359677720200402e-02	-5.204131e-06
1.360677720200402e-02	-5.233978e-06
1.361677720200402e-02	-5.204571e-06
1.362677720200402e-02	-5.234388e-06
1.363677720200402e-02	-5.204971e-06
1.364677720200402e-02	-5.234761e-06
1.365677720200402e-02	-5.205336e-06
1.366677720200402e-02	-5.235099e-06
1.367677720200402e-02	-5.205668e-06
1.368677720200402e-02	-5.235406e-06
1.369677720200402e-02	-5.205969e-06
1.370677720200402e-02	-5.235685e-06
1.371677720200402e-02	-5.206244e-06
1.372677720200401e-02	-5.235937e-06
1.373677720200402e-02	-5.206493e-06
1.374677720200402e-02	-5.236166e-06
1.375677720200402e-02	-5.206721e-06
1.376677720200402e-02	-5.236373e-06
1.377677720200402e-02	-5.206928e-06
1.378677720200402e-02	-5.236561e-06
1.379677720200402e-02	-5.207115e-06
1.380677720200402e-02	-5.236731e-06
1.381677720200402e-02	-5.207286e-06
1.382677720200402e-02	-5.236885e-06
1.383677720200402e-02	-5.207442e-06
1.384677720200402e-02	-5.237024e-06
1.385677720200402e-02	-5.207584e-06
1.386677720200402e-02	-5.237149e-06
1.387677720200402e-02	-5.207713e-06
1.388677720200402e-02	-5.237263e-06
1.389677720200401e-02	-5.207829e-06
1.390677720200402e-02	-5.237365e-06
1.391677720200402e-02	-5.207936e-06
1.392677720200402e-02	-5.237458e-06
1.393677720200402e-02	-5.208033e-06
1.394677720200402e-02	-5.237541e-06
1.395677720200402e-02	-5.208121e-06
1.396677720200402e-02	-5.237616e-06
1.397677720200402e-02	-5.208202e-06
1.398677720200402e-02	-5.237683e-06
1.399677720200402e-02	-5.208275e-06
1.400677720200402e-02	-5.237744e-06
1.401677720200402e-02	-5.208341e-06
1.402677720200402e-02	-5.237798e-06
1.403677720200402e-02	-5.208402e-06
1.404677720200402e-02	-5.237847e-06
1.405677720200402e-02	-5.208457e-06
1.406677720200402e-02	-5.237890e-06
1.407677720200402e-02	-5.208508e-06
1.408677720200402e-02	-5.237929e-06
1.409677720200402e-02	-5.208554e-06
1.410677720200402e-02	-5.237964e-06
1.411677720200402e-02	-5.208596e-06
1.412677720200402e-02	-5.237995e-06
1.413677720200402e-02	-5.208634e-06
1.414677720200402e-02	-5.238022e-06
1.415677720200402e-02	-5.208668e-06
1.416677720200402e-02	-5.238046e-06
1.417677720200402e-02	-5.208700e-06
1.418677720200402e-02	-5.238067e-06
1.419677720200401e-02	-5.208729e-06
1.420677720200402e-02	-5.238086e-06
1.421677720200402e-02	-5.208756e-06
1.422677720200402e-02	-5.238102e-06
1.423677720200402e-02	-5.208780e-06
1.424677720200402e-02	-5.238117e-06
1.425677720200402e-02	-5.208803e-06
1.426677720200402e-02	-5.238129e-06
1.427677720200402e-02	-5.208823e-06
1.428677720200402e-02	-5.238139e-06
1.429677720200402e-02	-5.208842e-06
1.430677720200402e-02	-5.238148e-06
1.431677720200402e-02	-5.208859e-06
1.432677720200402e-02	-5.238156e-06
1.433677720200402e-02	-5.208875e-06
1.434677720200402e-02	-5.238162e-06
1.435677720200402e-02	-5.208890e-06
1.436677720200401e-02	-5.238167e-06
1.437677720200402e-02	-5.208904e-06
1.438677720200402e-02	-5.238171e-06
1.439677720200402e-02	-5.208916e-06
1.440677720200402e-02	-5.238174e-06
1.441677720200402e-02	-5.208928e-06
1.442677720200402e-02	-5.238176e-06
1.443677720200402e-02	-5.208939e-06
1.444677720200402e-02	-5.238177e-06
1.445677720200402e-02	-5.208949e-06
1.446677720200402e-02	-5.238178e-06
1.447677720200402e-02	-5.208958e-06
1.448677720200402e-02	-5.238178e-06
1.449677720200402e-02	-5.208966e-06
1.450677720200402e-02	-5.238177e-06
1.451677720200402e-02	-5.208974e-06
1.452677720200402e-02	-5.238177e-06
1.453677720200401e-02	-5.208982e-06
1.454677720200402e-02	-5.238175e-06
1.455677720200402e-02	-5.208989e-06
1.456677720200402e-02	-5.238173e-06
1.457677720200402e-02	-5.208996e-06
1.458677720200402e-02	-5.238171e-06
1.459677720200402e-02	-5.209003e-06
1.460677720200402e-02	-5.238168e-06
1.461677720200402e-02	-5.209009e-06
1.462677720200402e-02	-5.238165e-06
1.463677720200402e-02	-5.209015e-06
1.464677720200402e-02	-5.238162e-06
1.465677720200402e-02	-5.209020e-06
1.466677720200402e-02	-5.238158e-06
1.467677720200402e-02	-5.209026e-06
1.468677720200402e-02	-5.238155e-06
1.469677720200402e-02	-5.209031e-06
1.470677720200401e-02	-5.238151e-06
1.471677720200402e-02	-5.209036e-06
1.472677720200402e-02	-5.238147e-06
1.473677720200402e-02	-5.209040e-06
1.474677720200402e-02	-5.238142e-06
1.475677720200402e-02	-5.209045e-06
1.476677720200402e-02	-5.238138e-06
1.477677720200402e-02	-5.209050e-06
1.478677720200402e-02	-5.238134e-06
1.479677720200402e-02	-5.209054e-06
1.480677720200402e-02	-5.238129e-06
1.481677720200402e-02	-5.209058e-06
1.482677720200402e-02	-5.238125e-06
1.483677720200401e-02	-5.209063e-06
1.484677720200402e-02	-5.238120e-06
1.485677720200402e-02	-5.209067e-06
1.486677720200402e-02	-5.238115e-06
1.487677720200401e-02	-5.209070e-06
1.488677720200402e-02	-5.238111e-06
1.489677720200402e-02	-5.209075e-06
1.490677720200402e-02	-5.238106e-06
1.491677720200402e-02	-5.209079e-06
1.492677720200402e-02	-5.238101e-06
1.493677720200402e-02	-5.209082e-06
1.494677720200402e-02	-5.238096e-06
1.495677720200402e-02	-5.209086e-06
1.496677720200402e-02	-5.238091e-06
1.497677720200402e-02	-5.209090e-06
1.498677720200402e-02	-5.238086e-06
1.499677720200402e-02	-5.209094e-06
1.500677720200401e-02	-5.238081e-06
1.501677720200402e-02	-5.209097e-06
1.502677720200402e-02	-5.238076e-06
1.503677720200402e-02	-5.209101e-06
1.504677720200401e-02	-5.238071e-06
1.505677720200402e-02	-5.209105e-06
1.506677720200402e-02	-5.238066e-06
1.507677720200402e-02	-5.209109e-06
1.508677720200402e-02	-5.238061e-06
1.509677720200402e-02	-5.209112e-06
1.510677720200402e-02	-5.238056e-06
1.511677720200402e-02	-5.209116e-06
1.512677720200402e-02	-5.238051e-06
1.513677720200402e-02	-5.209120e-06
1.514677720200402e-02	-5.238045e-06
1.515677720200402e-02	-5.209123e-06
1.516677720200402e-02	-5.238040e-06
1.517677720200401e-02	-5.209127e-06
1.518677720200402e-02	-5.238035e-06
1.519677720200402e-02	-5.209130e-06
1.520677720200402e-02	-5.238030e-06
1.521677720200401e-02	-5.209134e-06
1.522677720200402e-02	-5.238025e-06
1.523677720200402e-02	-5.209138e-06
1.524677720200402e-02	-5.238020e-06
1.525677720200402e-02	-5.209141e-06
1.526677720200402e-02	-5.238015e-06
1.527677720200402e-02	-5.209145e-06
1.528677720200402e-02	-5.238010e-06
1.529677720200402e-02	-5.209149e-06
1.530677720200402e-02	-5.238005e-06
1.531677720200402e-02	-5.209152e-06
1.532677720200402e-02	-5.238000e-06
1.533677720200402e-02	-5.209156e-06
1.534677720200401e-02	-5.237996e-06
1.535677720200402e-02	-5.209160e-06
1.536677720200402e-02	-5.237991e-06
1.537677720200402e-02	-5.209163e-06
1.538677720200401e-02	-5.237986e-06
1.539677720200402e-02	-5.209167e-06
1.540677720200402e-02	-5.237981e-06
1.541677720200402e-02	-5.209170e-06
1.542677720200402e-02	-5.237976e-06
1.543677720200402e-02	-5.209174e-06
1.544677720200402e-02	-5.237971e-06
1.545677720200402e-02	-5.209178e-06
1.546677720200402e-02	-5.237966e-06
1.547677720200401e-02	-5.209181e-06
1.548677720200402e-02	-5.237961e-06
1.549677720200402e-02	-5.209185e-06
1.550677720200402e-02	-5.237956e-06
1.551677720200401e-02	-5.209189e-06
1.552677720200402e-02	-5.237951e-06
1.553677720200402e-02	-5.209193e-06
1.554677720200402e-02	-5.237947e-06
1.555677720200402e-02	-5.209196e-06
1.556677720200402e-02	-5.237942e-06
1.557677720200402e-02	-5.209200e-06
1.558677720200402e-02	-5.237937e-06
1.559677720200402e-02	-5.209204e-06
1.560677720200402e-02	-5.237933e-06
1.561677720200402e-02	-5.209208e-06
1.562677720200402e-02	-5.237928e-06
1.563677720200402e-02	-5.209211e-06
1.564677720200401e-02	-5.237923e-06
1.565677720200401e-02	-5.209215e-06
1.566677720200401e-02	-5.237919e-06
1.567677720200402e-02	-5.209219e-06
1.568677720200402e-02	-5.237914e-06
1.569677720200402e-02	-5.209223e-06
1.570677720200402e-02	-5.237909e-06
1.571677720200402e-02	-5.209226e-06
1.572677720200402e-02	-5.237905e-06
1.573677720200401e-02	-5.209230e-06
1.574677720200401e-02	-5.237900e-06
1.575677720200402e-02	-5.209234e-06
1.576677720200402e-02	-5.237895e-06
1.577677720200402e-02	-5.209238e-06
1.578677720200402e-02	-5.237891e-06
1.579677720200402e-02	-5.209242e-06
1.580677720200402e-02	-5.237886e-06
1.581677720200401e-02	-5.209246e-06
1.582677720200401e-02	-5.237882e-06
1.583677720200401e-02	-5.209250e-06
1.584677720200402e-02	-5.237877e-06
1.585677720200402e-02	-5.209253e-06
1.586677720200402e-02	-5.237873e-06
1.587677720200402e-02	-5.209257e-06
1.588677720200402e-02	-5.237868e-06
1.589677720200402e-02	-5.209261e-06
1.590677720200401e-02	-5.237864e-06
1.591677720200401e-02	-5.209265e-06
1.592677720200402e-02	-5.237859e-06
1.593677720200402e-02	-5.209269e-06
1.594677720200402e-02	-5.237855e-06
1.595677720200402e-02	-5.209272e-06
1.596677720200402e-02	-5.237850e-06
1.597677720200402e-02	-5.209276e-06
1.598677720200401e-02	-5.237846e-06
1.599677720200401e-02	-5.209280e-06
1.600677720200401e-02	-5.237841e-06
1.601677720200402e-02	-5.209284e-06
1.602677720200402e-02	-5.237837e-06
1.603677720200402e-02	-5.209288e-06
1.604677720200402e-02	-5.237832e-06
1.605677720200402e-02	-5.209292e-06
1.606677720200402e-02	-5.237828e-06
1.607677720200401e-02	-5.209296e-06
1.608677720200401e-02	-5.237824e-06
1.609677720200402e-02	-5.209300e-06
1.610677720200402e-02	-5.237819e-06
1.611677720200402e-02	-5.209304e-06
1.612677720200402e-02	-5.237815e-06
1.613677720200402e-02	-5.209307e-06
1.614677720200402e-02	-5.237810e-06
1.615677720200401e-02	-5.209311e-06
1.616677720200401e-02	-5.237806e-06
1.617677720200401e-02	-5.209315e-06
1.618677720200402e-02	-5.237802e-06
1.619677720200402e-02	-5.209319e-06
1.620677720200402e-02	-5.237798e-06
1.621677720200402e-02	-5.209323e-06
1.622677720200402e-02	-5.237793e-06
1.623677720200402e-02	-5.209327e-06
1.624677720200401e-02	-5.237789e-06
1.625677720200401e-02	-5.209331e-06
1.626677720200402e-02	-5.237785e-06
1.627677720200402e-02	-5.209335e-06
1.628677720200402e-02	-5.237780e-06
1.629677720200402e-02	-5.209339e-06
1.630677720200402e-02	-5.237776e-06
1.631677720200402e-02	-5.209342e-06
1.632677720200401e-02	-5.237772e-06
1.633677720200401e-02	-5.209346e-06
1.634677720200401e-02	-5.237768e-06
1.635677720200402e-02	-5.209351e-06
1.636677720200402e-02	-5.237763e-06
1.637677720200402e-02	-5.209354e-06
1.638677720200402e-02	-5.237759e-06
1.639677720200402e-02	-5.209358e-06
1.640677720200402e-02	-5.237755e-06
1.641677720200401e-02	-5.209362e-06
1.642677720200401e-02	-5.237750e-06
1.643677720200401e-02	-5.209366e-06
1.644677720200402e-02	-5.237746e-06
1.645677720200402e-02	-5.209370e-06
1.646677720200402e-02	-5.237742e-06
1.647677720200402e-02	-5.209374e-06
1.648677720200402e-02	-5.237738e-06
1.649677720200401e-02	-5.209378e-06
1.650677720200401e-02	-5.237734e-06
1.651677720200401e-02	-5.209381e-06
1.652677720200402e-02	-5.237730e-06
1.653677720200402e-02	-5.209386e-06
1.654677720200402e-02	-5.237725e-06
1.655677720200402e-02	-5.209390e-06
1.656677720200402e-02	-5.237721e-06
1.657677720200402e-02	-5.209393e-06
1.658677720200401e-02	-5.237717e-06
1.659677720200401e-02	-5.209397e-06
1.660677720200401e-02	-5.237713e-06
1.661677720200402e-02	-5.209401e-06
1.662677720200402e-02	-5.237709e-06
1.663677720200402e-02	-5.209405e-06
1.664677720200402e-02	-5.237705e-06
1.665677720200402e-02	-5.209409e-06
1.666677720200401e-02	-5.237701e-06
1.667677720200401e-02	-5.209413e-06
1.668677720200401e-02	-5.237696e-06
1.669677720200402e-02	-5.209417e-06
1.670677720200402e-02	-5.237692e-06
1.671677720200402e-02	-5.209421e-06
1.672677720200402e-02	-5.237688e-06
1.673677720200402e-02	-5.209425e-06
1.674677720200402e-02	-5.237684e-06
1.675677720200401e-02	-5.209428e-06
1.676677720200401e-02	-5.237680e-06
1.677677720200401e-02	-5.209432e-06
1.678677720200402e-02	-5.237676e-06
1.679677720200402e-02	-5.209436e-06
1.680677720200402e-02	-5.237672e-06
1.681677720200402e-02	-5.209440e-06
1.682677720200402e-02	-5.237668e-06
1.683677720200401e-02	-5.209444e-06
1.684677720200401e-02	-5.237664e-06
1.685677720200401e-02	-5.209448e-06
1.686677720200402e-02	-5.237660e-06
1.687677720200402e-02	-5.209452e-06
1.688677720200402e-02	-5.237656e-06
1.689677720200402e-02	-5.209456e-06
1.690677720200402e-02	-5.237652e-06
1.691677720200402e-02	-5.209460e-06
1.692677720200401e-02	-5.237648e-06
1.693677720200401e-02	-5.209463e-06
1.694677720200401e-02	-5.237644e-06
1.695677720200402e-02	-5.209467e-06
1.696677720200402e-02	-5.237639e-06
1.697677720200402e-02	-5.209472e-06
1.698677720200402e-02	-5.237635e-06
1.699677720200402e-02	-5.209475e-06
1.700677720200401e-02	-5.237632e-06
1.701677720200401e-02	-5.209479e-06
1.702677720200401e-02	-5.237628e-06
1.703677720200402e-02	-5.209483e-06
1.704677720200402e-02	-5.237624e-06
1.705677720200402e-02	-5.209487e-06
1.706677720200402e-02	-5.237619e-06
1.707677720200402e-02	-5.209491e-06
1.708677720200402e-02	-5.237615e-06
1.709677720200401e-02	-5.209495e-06
1.710677720200401e-02	-5.237612e-06
1.711677720200401e-02	-5.209498e-06
1.712677720200402e-02	-5.237608e-06
1.713677720200402e-02	-5.209502e-06
1.714677720200402e-02	-5.237604e-06
1.715677720200402e-02	-5.209506e-06
1.716677720200402e-02	-5.237599e-06
1.717677720200401e-02	-5.209510e-06
1.718677720200401e-02	-5.237596e-06
1.719677720200401e-02	-5.209514e-06
1.720677720200402e-02	-5.237592e-06
1.721677720200402e-02	-5.209518e-06
1.722677720200402e-02	-5.237588e-06
1.723677720200402e-02	-5.209522e-06
1.724677720200402e-02	-5.237584e-06
1.725677720200402e-02	-5.209526e-06
1.726677720200401e-02	-5.237580e-06
1.727677720200401e-02	-5.209529e-06
1.728677720200401e-02	-5.237576e-06
1.729677720200402e-02	-5.209533e-06
1.730677720200402e-02	-5.237572e-06
1.731677720200402e-02	-5.209537e-06
1.732677720200402e-02	-5.237568e-06
1.733677720200402e-02	-5.209541e-06
1.734677720200401e-02	-5.237564e-06
1.735677720200401e-02	-5.209545e-06
1.736677720200401e-02	-5.237560e-06
1.737677720200402e-02	-5.209548e-06
1.738677720200402e-02	-5.237556e-06
1.739677720200402e-02	-5.209552e-06
1.740677720200402e-02	-5.237552e-06
1.741677720200402e-02	-5.209556e-06
1.742677720200402e-02	-5.237549e-06
1.743677720200401e-02	-5.209560e-06
1.744677720200401e-02	-5.237544e-06
1.745677720200401e-02	-5.209564e-06
1.746677720200402e-02	-5.237541e-06
1.747677720200402e-02	-5.209568e-06
1.748677720200402e-02	-5.237537e-06
1.749677720200402e-02	-5.209572e-06
1.750677720200402e-02	-5.237533e-06
1.751677720200401e-02	-5.209575e-06
1.752677720200401e-02	-5.237529e-06
1.753677720200401e-02	-5.209579e-06
1.754677720200402e-02	-5.237525e-06
1.755677720200402e-02	-5.209583e-06
1.756677720200402e-02	-5.237521e-06
1.757677720200402e-02	-5.209587e-06
1.758677720200402e-02	-5.237518e-06
1.759677720200402e-02	-5.209591e-06
1.760677720200401e-02	-5.237514e-06
1.761677720200401e-02	-5.209594e-06
1.762677720200401e-02	-5.237510e-06
1.763677720200402e-02	-5.209598e-06
1.764677720200402e-02	-5.237506e-06
1.765677720200402e-02	-5.209602e-06
1.766677720200402e-02	-5.237502e-06
1.767677720200402e-02	-5.209606e-06
1.768677720200401e-02	-5.237498e-06
1.769677720200401e-02	-5.209610e-06
1.770677720200401e-02	-5.237494e-06
1.771677720200401e-02	-5.209613e-06
1.772677720200402e-02	-5.237490e-06
1.773677720200402e-02	-5.209617e-06
1.774677720200402e-02	-5.237487e-06
1.775677720200402e-02	-5.209621e-06
1.776677720200402e-02	-5.237483e-06
1.777677720200401e-02	-5.209625e-06
1.778677720200401e-02	-5.237479e-06
1.779677720200401e-02	-5.209628e-06
1.780677720200402e-02	-5.237475e-06
1.781677720200402e-02	-5.209632e-06
1.782677720200402e-02	-5.237471e-06
1.783677720200402e-02	-5.209636e-06
1.784677720200402e-02	-5.237468e-06
1.785677720200401e-02	-5.209640e-06
1.786677720200401e-02	-5.237464e-06
1.787677720200401e-02	-5.209643e-06
1.788677720200401e-02	-5.237460e-06
1.789677720200402e-02	-5.209647e-06
1.790677720200402e-02	-5.237456e-06
1.791677720200402e-02	-5.209651e-06
1.792677720200402e-02	-5.237453e-06
1.793677720200402e-02	-5.209655e-06
1.794677720200401e-02	-5.237448e-06
1.795677720200401e-02	-5.209658e-06
1.796677720200401e-02	-5.237445e-06
1.797677720200402e-02	-5.209663e-06
1.798677720200402e-02	-5.237441e-06
1.799677720200402e-02	-5.209666e-06
1.800677720200402e-02	-5.237437e-06
1.801677720200402e-02	-5.209670e-06
1.802677720200401e-02	-5.237433e-06
1.803677720200401e-02	-5.209673e-06
1.804677720200401e-02	-5.237430e-06
1.805677720200401e-02	-5.209678e-06
1.806677720200402e-02	-5.237426e-06
1.807677720200402e-02	-5.209681e-06
1.808677720200402e-02	-5.237422e-06
1.809677720200402e-02	-5.209685e-06
1.810677720200402e-02	-5.237418e-06
1.811677720200401e-02	-5.209688e-06
1.812677720200401e-02	-5.237415e-06
1.813677720200401e-02	-5.209692e-06
1.814677720200402e-02	-5.237411e-06
1.815677720200402e-02	-5.209696e-06
1.816677720200402e-02	-5.237407e-06
1.817677720200402e-02	-5.209700e-06
1.818677720200402e-02	-5.237403e-06
1.819677720200401e-02	-5.209703e-06
1.820677720200401e-02	-5.237400e-06
1.821677720200401e-02	-5.209707e-06
1.822677720200401e-02	-5.237396e-06
1.823677720200402e-02	-5.209711e-06
1.824677720200402e-02	-5.237392e-06
1.825677720200402e-02	-5.209714e-06
1.826677720200402e-02	-5.237388e-06
1.827677720200402e-02	-5.209718e-06
1.828677720200401e-02	-5.237385e-06
1.829677720200401e-02	-5.209722e-06
1.830677720200401e-02	-5.237381e-06
1.831677720200402e-02	-5.209726e-06
1.832677720200402e-02	-5.237378e-06
1.833677720200402e-02	-5.209729e-06
1.834677720200402e-02	-5.237373e-06
1.835677720200402e-02	-5.209733e-06
1.836677720200402e-02	-5.237370e-06
1.837677720200401e-02	-5.209737e-06
1.838677720200401e-02	-5.237366e-06
1.839677720200401e-02	-5.209740e-06
1.840677720200402e-02	-5.237363e-06
1.841677720200402e-02	-5.209744e-06
1.842677720200402e-02	-5.237359e-06
1.843677720200402e-02	-5.209748e-06
1.844677720200402e-02	-5.237355e-06
1.845677720200401e-02	-5.209751e-06
1.846677720200401e-02	-5.237352e-06
1.847677720200401e-02	-5.209755e-06
1.848677720200402e-02	-5.237348e-06
1.849677720200402e-02	-5.209759e-06
1.850677720200402e-02	-5.237344e-06
1.851677720200402e-02	-5.209763e-06
1.852677720200402e-02	-5.237340e-06
1.853677720200402e-02	-5.209766e-06
1.854677720200401e-02	-5.237337e-06
1.855677720200401e-02	-5.209770e-06
1.856677720200401e-02	-5.237333e-06
1.857677720200402e-02	-5.209773e-06
1.858677720200402e-02	-5.237329e-06
1.859677720200402e-02	-5.209777e-06
1.860677720200402e-02	-5.237326e-06
1.861677720200402e-02	-5.209781e-06
1.862677720200401e-02	-5.237322e-06
1.863677720200401e-02	-5.209784e-06
1.864677720200401e-02	-5.237318e-06
1.865677720200402e-02	-5.209788e-06
1.866677720200402e-02	-5.237315e-06
1.867677720200402e-02	-5.209792e-06
1.868677720200402e-02	-5.237311e-06
1.869677720200402e-02	-5.209795e-06
1.870677720200402e-02	-5.237308e-06
1.871677720200401e-02	-5.209799e-06
1.872677720200401e-02	-5.237304e-06
1.873677720200401e-02	-5.209803e-06
1.874677720200402e-02	-5.237300e-06
1.875677720200402e-02	-5.209806e-06
1.876677720200402e-02	-5.237297e-06
1.877677720200402e-02	-5.209810e-06
1.878677720200402e-02	-5.237293e-06
1.879677720200401e-02	-5.209813e-06
1.880677720200401e-02	-5.237289e-06
1.881677720200401e-02	-5.209817e-06
1.882677720200402e-02	-5.237286e-06
1.883677720200402e-02	-5.209821e-06
1.884677720200402e-02	-5.237282e-06
1.885677720200402e-02	-5.209824e-06
1.886677720200402e-02	-5.237278e-06
1.887677720200402e-02	-5.209828e-06
1.888677720200401e-02	-5.237275e-06
1.889677720200401e-02	-5.209831e-06
1.890677720200401e-02	-5.237271e-06
1.891677720200402e-02	-5.209835e-06
1.892677720200402e-02	-5.237267e-06
1.893677720200402e-02	-5.209838e-06
1.894677720200402e-02	-5.237264e-06
1.895677720200402e-02	-5.209842e-06
1.896677720200401e-02	-5.237261e-06
1.897677720200401e-02	-5.209846e-06
1.898677720200401e-02	-5.237257e-06
1.899677720200401e-02	-5.209849e-06
1.900677720200402e-02	-5.237253e-06
1.901677720200402e-02	-5.209853e-06
1.902677720200402e-02	-5.237250e-06
1.903677720200402e-02	-5.209857e-06
1.904677720200402e-02	-5.237246e-06
1.905677720200401e-02	-5.209860e-06
1.906677720200401e-02	-5.237242e-06
1.907677720200401e-02	-5.209864e-06
1.908677720200402e-02	-5.237239e-06
1.909677720200402e-02	-5.209867e-06
1.910677720200402e-02	-5.237235e-06
1.911677720200402e-02	-5.209871e-06
1.912677720200402e-02	-5.237232e-06
1.913677720200401e-02	-5.209874e-06
1.914677720200401e-02	-5.237228e-06
1.915677720200401e-02	-5.209878e-06
1.916677720200401e-02	-5.237225e-06
1.917677720200402e-02	-5.209881e-06
1.918677720200402e-02	-5.237221e-06
1.919677720200402e-02	-5.209885e-06
1.920677720200402e-02	-5.237217e-06
1.921677720200402e-02	-5.209889e-06
1.922677720200401e-02	-5.237214e-06
1.923677720200401e-02	-5.209892e-06
1.924677720200401e-02	-5.237211e-06
1.925677720200402e-02	-5.209896e-06
1.926677720200402e-02	-5.237207e-06
1.927677720200402e-02	-5.209899e-06
1.928677720200402e-02	-5.237203e-06
1.929677720200402e-02	-5.209903e-06
1.930677720200401e-02	-5.237200e-06
1.931677720200401e-02	-5.209906e-06
1.932677720200401e-02	-5.237197e-06
1.933677720200401e-02	-5.209910e-06
1.934677720200402e-02	-5.237193e-06
1.935677720200402e-02	-5.209913e-06
1.936677720200402e-02	-5.237189e-06
1.937677720200402e-02	-5.209917e-06
1.938677720200402e-02	-5.237186e-06
1.939677720200401e-02	-5.209920e-06
1.940677720200401e-02	-5.237182e-06
1.941677720200401e-02	-5.209924e-06
1.942677720200402e-02	-5.237179e-06
1.943677720200402e-02	-5.209927e-06
1.944677720200402e-02	-5.237175e-06
1.945677720200402e-02	-5.209931e-06
1.946677720200402e-02	-5.237172e-06
1.947677720200401e-02	-5.209934e-06
1.948677720200401e-02	-5.237168e-06
1.949677720200401e-02	-5.209938e-06
1.950677720200401e-02	-5.237165e-06
1.951677720200402e-02	-5.209941e-06
1.952677720200402e-02	-5.237161e-06
1.953677720200402e-02	-5.209945e-06
1.954677720200402e-02	-5.237158e-06
1.955677720200402e-02	-5.209949e-06
1.956677720200401e-02	-5.237154e-06
1.957677720200401e-02	-5.209952e-06
1.958677720200401e-02	-5.237151e-06
1.959677720200402e-02	-5.209955e-06
1.960677720200402e-02	-5.237147e-06
1.961677720200402e-02	-5.209959e-06
1.962677720200402e-02	-5.237144e-06
1.963677720200402e-02	-5.209962e-06
1.964677720200401e-02	-5.237140e-06
1.965677720200401e-02	-5.209966e-06
1.966677720200401e-02	-5.237137e-06
1.967677720200401e-02	-5.209969e-06
1.968677720200402e-02	-5.237133e-06
1.969677720200402e-02	-5.209973e-06
1.970677720200402e-02	-5.237130e-06
1.971677720200402e-02	-5.209976e-06
1.972677720200402e-02	-5.237127e-06
1.973677720200401e-02	-5.209979e-06
1.974677720200401e-02	-5.237123e-06
1.975677720200401e-02	-5.209983e-06
1.976677720200402e-02	-5.237119e-06
1.977677720200402e-02	-5.209987e-06
1.978677720200402e-02	-5.237116e-06
1.979677720200402e-02	-5.209990e-06
1.980677720200402e-02	-5.237112e-06
1.981677720200401e-02	-5.209994e-06
1.982677720200401e-02	-5.237109e-06
1.983677720200401e-02	-5.209997e-06
1.984677720200401e-02	-5.237106e-06
1.985677720200402e-02	-5.210000e-06
1.986677720200402e-02	-5.237102e-06
1.987677720200402e-02	-5.210004e-06
1.988677720200402e-02	-5.237099e-06
1.989677720200402e-02	-5.210007e-06
1.990677720200401e-02	-5.237095e-06
1.991677720200401e-02	-5.210011e-06
1.992677720200401e-02	-5.237092e-06
1.993677720200402e-02	-5.210014e-06
1.994677720200402e-02	-5.237088e-06
1.995677720200402e-02	-5.210018e-06
1.996677720200402e-02	-5.237085e-06
1.997677720200402e-02	-5.210021e-06
1.998677720200401e-02	-5.237081e-06
1.999677720200401e-02	-5.210024e-06
2.000000000000000e-02	-5.237075e-06
