time	I(Vcell15)
0.000000000000000e+00	-1.304558e-06
9.999999439624929e-11	-1.303509e-06
1.999999887924986e-10	-1.302493e-06
3.999999775849972e-10	-1.300429e-06
7.999999551699943e-10	-1.296130e-06
1.599999910339989e-09	-1.287105e-06
3.199999820679977e-09	-1.268493e-06
6.399999641359955e-09	-1.231368e-06
1.279999928271991e-08	-1.159212e-06
2.559999856543982e-08	-1.022050e-06
5.119999713087964e-08	-7.169766e-07
9.246836417723533e-08	4.186730e-06
1.509242075100819e-07	-1.321318e-06
2.056174244703025e-07	-2.965029e-06
2.710765642440253e-07	-4.976037e-06
3.306952379877461e-07	-6.163613e-06
4.437995133823612e-07	-7.122933e-06
4.655979855252423e-07	-7.093608e-06
5.091949298110046e-07	-7.071312e-06
5.963888183825291e-07	-7.024662e-06
7.707765955255781e-07	-6.941235e-06
1.119552149811676e-06	-6.844470e-06
1.689222017952657e-06	-6.765959e-06
2.396118455308188e-06	-6.721172e-06
3.398941274866276e-06	-6.673275e-06
5.089102328211127e-06	-6.622624e-06
8.469424434900830e-06	-6.658924e-06
1.523006864828024e-05	-1.605290e-05
2.523006864828024e-05	-3.686995e-05
3.523006864828024e-05	-5.006722e-05
4.523006864828024e-05	-5.250394e-05
5.523006864828023e-05	-5.034665e-05
6.523006864828023e-05	-4.733097e-05
7.523006864828023e-05	-4.526799e-05
8.523006864828023e-05	-4.272741e-05
9.523006864828022e-05	-4.084293e-05
1.000000009999994e-04	-3.962992e-05
1.000000019999994e-04	-3.963020e-05
1.000000179999994e-04	-3.966926e-05
1.000000499999994e-04	-3.968847e-05
1.000001139999994e-04	-3.967985e-05
1.000002419999994e-04	-3.968710e-05
1.000004979999994e-04	-3.968461e-05
1.000010099999994e-04	-3.969468e-05
1.000020339999994e-04	-3.969652e-05
1.000040819999994e-04	-3.970868e-05
1.000081779999994e-04	-3.971324e-05
1.000163699999994e-04	-3.972825e-05
1.000327539999994e-04	-3.972913e-05
1.000655219999995e-04	-3.972929e-05
1.001310579999995e-04	-3.971171e-05
1.002621299999997e-04	-3.969111e-05
1.005242740000000e-04	-3.963491e-05
1.010485620000006e-04	-3.953656e-05
1.020971380000018e-04	-3.932578e-05
1.041942900000042e-04	-3.892107e-05
1.083885940000089e-04	-3.811247e-05
1.167772020000184e-04	-3.657304e-05
1.267772020000184e-04	-3.483452e-05
1.367772020000184e-04	-3.321360e-05
1.467772020000184e-04	-3.132585e-05
1.567772020000184e-04	-2.944496e-05
1.667772020000184e-04	-2.788111e-05
1.767772020000184e-04	-2.654007e-05
1.867772020000184e-04	-2.530326e-05
1.967772020000184e-04	-2.414730e-05
2.067772020000184e-04	-2.308324e-05
2.167772020000184e-04	-2.207638e-05
2.267772020000184e-04	-2.114253e-05
2.367772020000184e-04	-2.025687e-05
2.467772020000184e-04	-1.943414e-05
2.567772020000184e-04	-1.865256e-05
2.667772020000184e-04	-2.560567e-05
2.767772020000184e-04	-7.691883e-05
2.835310670063409e-04	-6.141054e-03
2.900097651985191e-04	-1.841453e-02
2.955519010219953e-04	-2.998978e-02
3.007019764923531e-04	-4.132706e-02
3.066665354848595e-04	-5.309287e-02
3.121238906876391e-04	-5.819410e-02
3.176258009527081e-04	-6.248527e-02
3.233143742601884e-04	-6.652972e-02
3.333143742601884e-04	-7.361071e-02
3.433143742601884e-04	-8.039889e-02
3.533143742601884e-04	-8.725668e-02
3.633143742601884e-04	-9.391391e-02
3.733143742601883e-04	-1.006796e-01
3.833143742601884e-04	-1.072674e-01
3.933143742601883e-04	-1.139750e-01
4.033143742601884e-04	-1.205146e-01
4.133143742601883e-04	-1.271779e-01
4.233143742601884e-04	-1.336791e-01
4.333143742601883e-04	-1.403051e-01
4.433143742601884e-04	-1.467731e-01
4.533143742601883e-04	-1.533659e-01
4.633143742601884e-04	-1.596191e-01
4.733143742601883e-04	-1.610578e-01
4.833143742601884e-04	-1.615277e-01
4.933143742601884e-04	-1.618178e-01
5.033143742601883e-04	-1.619974e-01
5.133143742601883e-04	-1.621649e-01
5.233143742601884e-04	-1.622816e-01
5.333143742601884e-04	-1.624061e-01
5.433143742601883e-04	-1.624902e-01
5.533143742601883e-04	-1.625887e-01
5.633143742601884e-04	-1.626514e-01
5.733143742601884e-04	-1.627318e-01
5.833143742601883e-04	-1.627790e-01
5.933143742601883e-04	-1.628462e-01
6.033143742601884e-04	-1.628820e-01
6.133143742601884e-04	-1.629391e-01
6.233143742601883e-04	-1.629661e-01
6.333143742601883e-04	-1.630155e-01
6.433143742601884e-04	-1.630356e-01
6.533143742601884e-04	-1.630789e-01
6.633143742601883e-04	-1.630937e-01
6.733143742601883e-04	-1.631321e-01
6.833143742601883e-04	-1.631425e-01
6.933143742601884e-04	-1.631770e-01
7.033143742601883e-04	-1.631838e-01
7.133143742601883e-04	-1.632151e-01
7.233143742601883e-04	-1.632191e-01
7.333143742601884e-04	-1.632477e-01
7.433143742601883e-04	-1.632493e-01
7.533143742601883e-04	-1.632758e-01
7.633143742601883e-04	-1.632754e-01
7.733143742601884e-04	-1.633000e-01
7.833143742601883e-04	-1.632979e-01
7.933143742601883e-04	-1.633210e-01
8.033143742601883e-04	-1.633175e-01
8.133143742601884e-04	-1.633393e-01
8.233143742601883e-04	-1.633346e-01
8.333143742601883e-04	-1.633552e-01
8.433143742601883e-04	-1.633495e-01
8.533143742601884e-04	-1.633691e-01
8.633143742601883e-04	-1.633625e-01
8.733143742601883e-04	-1.633814e-01
8.833143742601883e-04	-1.633740e-01
8.933143742601884e-04	-1.633921e-01
9.033143742601883e-04	-1.633841e-01
9.133143742601883e-04	-1.634016e-01
9.233143742601883e-04	-1.633930e-01
9.333143742601884e-04	-1.634099e-01
9.433143742601883e-04	-1.634008e-01
9.533143742601883e-04	-1.634173e-01
9.633143742601883e-04	-1.634078e-01
9.733143742601884e-04	-1.634238e-01
9.833143742601883e-04	-1.634139e-01
9.933143742601883e-04	-1.634296e-01
1.000000000000000e-03	-1.634185e-01
1.000000001000000e-03	-1.634190e-01
1.000000017000000e-03	-1.634218e-01
1.000000049000000e-03	-1.634212e-01
1.000000113000000e-03	-1.634213e-01
1.000000241000000e-03	-1.634218e-01
1.000000497000000e-03	-1.634225e-01
1.000001009000000e-03	-1.634236e-01
1.000002033000000e-03	-1.634245e-01
1.000004081000000e-03	-1.634251e-01
1.000008177000000e-03	-1.634249e-01
1.000016369000001e-03	-1.634250e-01
1.000032753000001e-03	-1.634249e-01
1.000065521000002e-03	-1.634250e-01
1.000131057000004e-03	-1.634249e-01
1.000262129000007e-03	-1.634251e-01
1.000524273000015e-03	-1.634250e-01
1.001048561000029e-03	-1.634253e-01
1.002097137000058e-03	-1.634255e-01
1.004194289000116e-03	-1.634261e-01
1.008388593000232e-03	-1.634271e-01
1.016777201000463e-03	-1.634292e-01
1.026777201000463e-03	-1.634314e-01
1.036777201000463e-03	-1.634337e-01
1.046777201000463e-03	-1.634356e-01
1.056777201000463e-03	-1.634376e-01
1.066777201000463e-03	-1.634393e-01
1.076777201000463e-03	-1.634411e-01
1.086777201000463e-03	-1.634426e-01
1.096777201000463e-03	-1.634443e-01
1.106777201000463e-03	-1.634456e-01
1.116777201000463e-03	-1.634471e-01
1.126777201000463e-03	-1.634482e-01
1.136777201000463e-03	-1.634496e-01
1.146777201000463e-03	-1.634506e-01
1.156777201000463e-03	-1.634518e-01
1.166777201000463e-03	-1.634527e-01
1.176777201000463e-03	-1.634538e-01
1.186777201000463e-03	-1.634545e-01
1.196777201000463e-03	-1.634555e-01
1.206777201000463e-03	-1.634562e-01
1.216777201000463e-03	-1.634571e-01
1.226777201000463e-03	-1.634577e-01
1.236777201000463e-03	-1.634585e-01
1.246777201000463e-03	-1.634590e-01
1.256777201000463e-03	-1.634597e-01
1.266777201000463e-03	-1.634602e-01
1.276777201000463e-03	-1.634609e-01
1.286777201000463e-03	-1.634613e-01
1.296777201000463e-03	-1.634619e-01
1.306777201000463e-03	-1.634622e-01
1.316777201000463e-03	-1.634628e-01
1.326777201000463e-03	-1.634631e-01
1.336777201000463e-03	-1.634636e-01
1.346777201000463e-03	-1.634638e-01
1.356777201000463e-03	-1.634643e-01
1.366777201000463e-03	-1.634645e-01
1.376777201000463e-03	-1.634649e-01
1.386777201000463e-03	-1.634651e-01
1.396777201000463e-03	-1.634655e-01
1.406777201000463e-03	-1.634656e-01
1.416777201000463e-03	-1.634660e-01
1.426777201000463e-03	-1.634661e-01
1.436777201000463e-03	-1.634665e-01
1.446777201000463e-03	-1.634666e-01
1.456777201000463e-03	-1.634669e-01
1.466777201000463e-03	-1.634670e-01
1.476777201000463e-03	-1.634672e-01
1.486777201000463e-03	-1.634673e-01
1.496777201000463e-03	-1.634676e-01
1.506777201000463e-03	-1.634676e-01
1.516777201000463e-03	-1.634679e-01
1.526777201000463e-03	-1.634679e-01
1.536777201000463e-03	-1.634681e-01
1.546777201000463e-03	-1.634682e-01
1.556777201000463e-03	-1.634684e-01
1.566777201000463e-03	-1.634684e-01
1.576777201000463e-03	-1.634686e-01
1.586777201000463e-03	-1.634686e-01
1.596777201000463e-03	-1.634688e-01
1.606777201000463e-03	-1.634687e-01
1.616777201000463e-03	-1.634689e-01
1.626777201000463e-03	-1.634689e-01
1.636777201000463e-03	-1.634691e-01
1.646777201000463e-03	-1.634690e-01
1.656777201000463e-03	-1.634692e-01
1.666777201000463e-03	-1.634692e-01
1.676777201000463e-03	-1.634693e-01
1.686777201000463e-03	-1.634693e-01
1.696777201000463e-03	-1.634694e-01
1.706777201000463e-03	-1.634694e-01
1.716777201000463e-03	-1.634696e-01
1.726777201000463e-03	-1.634695e-01
1.736777201000463e-03	-1.634696e-01
1.746777201000463e-03	-1.634696e-01
1.756777201000463e-03	-1.634697e-01
1.766777201000463e-03	-1.634696e-01
1.776777201000463e-03	-1.634698e-01
1.786777201000463e-03	-1.634697e-01
1.796777201000463e-03	-1.634699e-01
1.806777201000463e-03	-1.634698e-01
1.816777201000463e-03	-1.634699e-01
1.826777201000463e-03	-1.634698e-01
1.836777201000463e-03	-1.634700e-01
1.846777201000463e-03	-1.634699e-01
1.856777201000463e-03	-1.634700e-01
1.866777201000463e-03	-1.634699e-01
1.876777201000463e-03	-1.634700e-01
1.886777201000463e-03	-1.634700e-01
1.896777201000463e-03	-1.634701e-01
1.906777201000463e-03	-1.634700e-01
1.916777201000463e-03	-1.634701e-01
1.926777201000463e-03	-1.634700e-01
1.936777201000463e-03	-1.634701e-01
1.946777201000463e-03	-1.634700e-01
1.956777201000463e-03	-1.634702e-01
1.966777201000463e-03	-1.634701e-01
1.976777201000463e-03	-1.634702e-01
1.986777201000463e-03	-1.634701e-01
1.996777201000463e-03	-1.634702e-01
2.006777201000463e-03	-1.634701e-01
2.016777201000463e-03	-1.634702e-01
2.026777201000463e-03	-1.634701e-01
2.036777201000463e-03	-1.634703e-01
2.046777201000463e-03	-1.634701e-01
2.056777201000463e-03	-1.634703e-01
2.066777201000463e-03	-1.634702e-01
2.076777201000463e-03	-1.634703e-01
2.086777201000463e-03	-1.634702e-01
2.096777201000463e-03	-1.634703e-01
2.106777201000463e-03	-1.634702e-01
2.116777201000463e-03	-1.634703e-01
2.126777201000463e-03	-1.634702e-01
2.136777201000463e-03	-1.634703e-01
2.146777201000463e-03	-1.634702e-01
2.156777201000463e-03	-1.634703e-01
2.166777201000463e-03	-1.634702e-01
2.176777201000463e-03	-1.634703e-01
2.186777201000463e-03	-1.634702e-01
2.196777201000463e-03	-1.634703e-01
2.206777201000463e-03	-1.634702e-01
2.216777201000463e-03	-1.634703e-01
2.226777201000463e-03	-1.634702e-01
2.236777201000463e-03	-1.634703e-01
2.246777201000463e-03	-1.634703e-01
2.256777201000463e-03	-1.634704e-01
2.266777201000463e-03	-1.634703e-01
2.276777201000463e-03	-1.634704e-01
2.286777201000463e-03	-1.634703e-01
2.296777201000463e-03	-1.634704e-01
2.306777201000463e-03	-1.634703e-01
2.316777201000463e-03	-1.634704e-01
2.326777201000463e-03	-1.634703e-01
2.336777201000463e-03	-1.634704e-01
2.346777201000463e-03	-1.634703e-01
2.356777201000463e-03	-1.634704e-01
2.366777201000463e-03	-1.634703e-01
2.376777201000463e-03	-1.634704e-01
2.386777201000463e-03	-1.634703e-01
2.396777201000463e-03	-1.634704e-01
2.406777201000463e-03	-1.634703e-01
2.416777201000463e-03	-1.634704e-01
2.426777201000463e-03	-1.634703e-01
2.436777201000463e-03	-1.634704e-01
2.446777201000463e-03	-1.634703e-01
2.456777201000463e-03	-1.634704e-01
2.466777201000463e-03	-1.634703e-01
2.476777201000463e-03	-1.634704e-01
2.486777201000463e-03	-1.634703e-01
2.496777201000463e-03	-1.634704e-01
2.506777201000463e-03	-1.634703e-01
2.516777201000463e-03	-1.634704e-01
2.526777201000463e-03	-1.634703e-01
2.536777201000463e-03	-1.634704e-01
2.546777201000463e-03	-1.634703e-01
2.556777201000463e-03	-1.634704e-01
2.566777201000463e-03	-1.634703e-01
2.576777201000463e-03	-1.634704e-01
2.586777201000463e-03	-1.634703e-01
2.596777201000463e-03	-1.634704e-01
2.606777201000463e-03	-1.634703e-01
2.616777201000463e-03	-1.634704e-01
2.626777201000463e-03	-1.634703e-01
2.636777201000463e-03	-1.634704e-01
2.646777201000463e-03	-1.634703e-01
2.656777201000463e-03	-1.634704e-01
2.666777201000463e-03	-1.634703e-01
2.676777201000463e-03	-1.634704e-01
2.686777201000463e-03	-1.634703e-01
2.696777201000463e-03	-1.634704e-01
2.706777201000463e-03	-1.634703e-01
2.716777201000463e-03	-1.634704e-01
2.726777201000463e-03	-1.634703e-01
2.736777201000463e-03	-1.634704e-01
2.746777201000463e-03	-1.634703e-01
2.756777201000463e-03	-1.634704e-01
2.766777201000463e-03	-1.634703e-01
2.776777201000463e-03	-1.634704e-01
2.786777201000463e-03	-1.634703e-01
2.796777201000463e-03	-1.634704e-01
2.806777201000463e-03	-1.634703e-01
2.816777201000463e-03	-1.634704e-01
2.826777201000463e-03	-1.634703e-01
2.836777201000463e-03	-1.634704e-01
2.846777201000463e-03	-1.634703e-01
2.856777201000463e-03	-1.634704e-01
2.866777201000463e-03	-1.634703e-01
2.876777201000463e-03	-1.634704e-01
2.886777201000463e-03	-1.634703e-01
2.896777201000463e-03	-1.634704e-01
2.906777201000463e-03	-1.634703e-01
2.916777201000463e-03	-1.634704e-01
2.926777201000463e-03	-1.634703e-01
2.936777201000463e-03	-1.634704e-01
2.946777201000463e-03	-1.634703e-01
2.956777201000463e-03	-1.634704e-01
2.966777201000463e-03	-1.634703e-01
2.976777201000463e-03	-1.634704e-01
2.986777201000463e-03	-1.634703e-01
2.996777201000463e-03	-1.634704e-01
3.006777201000463e-03	-1.634703e-01
3.016777201000463e-03	-1.634704e-01
3.026777201000463e-03	-1.634703e-01
3.036777201000463e-03	-1.634704e-01
3.046777201000463e-03	-1.634703e-01
3.056777201000463e-03	-1.634704e-01
3.066777201000463e-03	-1.634703e-01
3.076777201000463e-03	-1.634704e-01
3.086777201000463e-03	-1.634703e-01
3.096777201000463e-03	-1.634704e-01
3.106777201000463e-03	-1.634703e-01
3.116777201000463e-03	-1.634704e-01
3.126777201000463e-03	-1.634703e-01
3.136777201000463e-03	-1.634704e-01
3.146777201000463e-03	-1.634703e-01
3.156777201000463e-03	-1.634704e-01
3.166777201000463e-03	-1.634703e-01
3.176777201000463e-03	-1.634704e-01
3.186777201000463e-03	-1.634703e-01
3.196777201000463e-03	-1.634704e-01
3.206777201000463e-03	-1.634703e-01
3.216777201000463e-03	-1.634704e-01
3.226777201000463e-03	-1.634703e-01
3.236777201000463e-03	-1.634704e-01
3.246777201000463e-03	-1.634703e-01
3.256777201000463e-03	-1.634704e-01
3.266777201000463e-03	-1.634703e-01
3.276777201000463e-03	-1.634704e-01
3.286777201000463e-03	-1.634703e-01
3.296777201000463e-03	-1.634704e-01
3.306777201000463e-03	-1.634703e-01
3.316777201000463e-03	-1.634704e-01
3.326777201000463e-03	-1.634703e-01
3.336777201000463e-03	-1.634704e-01
3.346777201000463e-03	-1.634703e-01
3.356777201000463e-03	-1.634704e-01
3.366777201000463e-03	-1.634703e-01
3.376777201000463e-03	-1.634704e-01
3.386777201000463e-03	-1.634703e-01
3.396777201000463e-03	-1.634704e-01
3.406777201000463e-03	-1.634703e-01
3.416777201000463e-03	-1.634704e-01
3.426777201000463e-03	-1.634703e-01
3.436777201000463e-03	-1.634704e-01
3.446777201000463e-03	-1.634703e-01
3.456777201000463e-03	-1.634704e-01
3.466777201000463e-03	-1.634703e-01
3.476777201000463e-03	-1.634704e-01
3.486777201000463e-03	-1.634703e-01
3.496777201000463e-03	-1.634704e-01
3.506777201000463e-03	-1.634703e-01
3.516777201000463e-03	-1.634704e-01
3.526777201000463e-03	-1.634703e-01
3.536777201000463e-03	-1.634704e-01
3.546777201000463e-03	-1.634703e-01
3.556777201000463e-03	-1.634704e-01
3.566777201000463e-03	-1.634703e-01
3.576777201000463e-03	-1.634704e-01
3.586777201000463e-03	-1.634703e-01
3.596777201000463e-03	-1.634704e-01
3.606777201000463e-03	-1.634703e-01
3.616777201000463e-03	-1.634704e-01
3.626777201000463e-03	-1.634703e-01
3.636777201000463e-03	-1.634704e-01
3.646777201000463e-03	-1.634703e-01
3.656777201000463e-03	-1.634704e-01
3.666777201000463e-03	-1.634703e-01
3.676777201000463e-03	-1.634704e-01
3.686777201000463e-03	-1.634703e-01
3.696777201000463e-03	-1.634704e-01
3.706777201000463e-03	-1.634703e-01
3.716777201000463e-03	-1.634704e-01
3.726777201000463e-03	-1.634703e-01
3.736777201000463e-03	-1.634704e-01
3.746777201000463e-03	-1.634703e-01
3.756777201000463e-03	-1.634704e-01
3.766777201000463e-03	-1.634703e-01
3.776777201000463e-03	-1.634704e-01
3.786777201000463e-03	-1.634703e-01
3.796777201000463e-03	-1.634704e-01
3.806777201000463e-03	-1.634703e-01
3.816777201000463e-03	-1.634704e-01
3.826777201000463e-03	-1.634703e-01
3.836777201000463e-03	-1.634704e-01
3.846777201000463e-03	-1.634703e-01
3.856777201000463e-03	-1.634704e-01
3.866777201000463e-03	-1.634703e-01
3.876777201000463e-03	-1.634704e-01
3.886777201000463e-03	-1.634703e-01
3.896777201000463e-03	-1.634704e-01
3.906777201000463e-03	-1.634703e-01
3.916777201000463e-03	-1.634704e-01
3.926777201000463e-03	-1.634703e-01
3.936777201000463e-03	-1.634704e-01
3.946777201000463e-03	-1.634703e-01
3.956777201000463e-03	-1.634704e-01
3.966777201000463e-03	-1.634703e-01
3.976777201000463e-03	-1.634704e-01
3.986777201000463e-03	-1.634703e-01
3.996777201000463e-03	-1.634704e-01
4.006777201000463e-03	-1.634703e-01
4.016777201000463e-03	-1.634704e-01
4.026777201000463e-03	-1.634703e-01
4.036777201000463e-03	-1.634704e-01
4.046777201000462e-03	-1.634703e-01
4.056777201000463e-03	-1.634704e-01
4.066777201000463e-03	-1.634703e-01
4.076777201000463e-03	-1.634704e-01
4.086777201000463e-03	-1.634703e-01
4.096777201000463e-03	-1.634704e-01
4.106777201000463e-03	-1.634703e-01
4.116777201000463e-03	-1.634704e-01
4.126777201000463e-03	-1.634703e-01
4.136777201000463e-03	-1.634704e-01
4.146777201000463e-03	-1.634703e-01
4.156777201000463e-03	-1.634704e-01
4.166777201000463e-03	-1.634703e-01
4.176777201000463e-03	-1.634704e-01
4.186777201000463e-03	-1.634703e-01
4.196777201000462e-03	-1.634704e-01
4.206777201000463e-03	-1.634703e-01
4.216777201000462e-03	-1.634704e-01
4.226777201000463e-03	-1.634703e-01
4.236777201000463e-03	-1.634704e-01
4.246777201000463e-03	-1.634703e-01
4.256777201000463e-03	-1.634704e-01
4.266777201000463e-03	-1.634703e-01
4.276777201000463e-03	-1.634704e-01
4.286777201000463e-03	-1.634703e-01
4.296777201000463e-03	-1.634704e-01
4.306777201000463e-03	-1.634703e-01
4.316777201000463e-03	-1.634704e-01
4.326777201000463e-03	-1.634703e-01
4.336777201000463e-03	-1.634704e-01
4.346777201000463e-03	-1.634703e-01
4.356777201000463e-03	-1.634704e-01
4.366777201000462e-03	-1.634703e-01
4.376777201000463e-03	-1.634704e-01
4.386777201000462e-03	-1.634703e-01
4.396777201000463e-03	-1.634704e-01
4.406777201000463e-03	-1.634703e-01
4.416777201000463e-03	-1.634704e-01
4.426777201000463e-03	-1.634703e-01
4.436777201000463e-03	-1.634704e-01
4.446777201000463e-03	-1.634703e-01
4.456777201000463e-03	-1.634704e-01
4.466777201000463e-03	-1.634703e-01
4.476777201000463e-03	-1.634704e-01
4.486777201000463e-03	-1.634703e-01
4.496777201000463e-03	-1.634704e-01
4.506777201000463e-03	-1.634703e-01
4.516777201000462e-03	-1.634704e-01
4.526777201000463e-03	-1.634703e-01
4.536777201000462e-03	-1.634704e-01
4.546777201000463e-03	-1.634703e-01
4.556777201000463e-03	-1.634704e-01
4.566777201000463e-03	-1.634703e-01
4.576777201000463e-03	-1.634704e-01
4.586777201000463e-03	-1.634703e-01
4.596777201000463e-03	-1.634704e-01
4.606777201000463e-03	-1.634703e-01
4.616777201000463e-03	-1.634704e-01
4.626777201000463e-03	-1.634703e-01
4.636777201000463e-03	-1.634704e-01
4.646777201000463e-03	-1.634703e-01
4.656777201000463e-03	-1.634704e-01
4.666777201000463e-03	-1.634703e-01
4.676777201000463e-03	-1.634704e-01
4.686777201000462e-03	-1.634703e-01
4.696777201000463e-03	-1.634704e-01
4.706777201000462e-03	-1.634703e-01
4.716777201000463e-03	-1.634704e-01
4.726777201000463e-03	-1.634703e-01
4.736777201000463e-03	-1.634704e-01
4.746777201000463e-03	-1.634703e-01
4.756777201000463e-03	-1.634704e-01
4.766777201000463e-03	-1.634703e-01
4.776777201000463e-03	-1.634704e-01
4.786777201000463e-03	-1.634703e-01
4.796777201000463e-03	-1.634704e-01
4.806777201000463e-03	-1.634703e-01
4.816777201000463e-03	-1.634704e-01
4.826777201000463e-03	-1.634703e-01
4.836777201000462e-03	-1.634704e-01
4.846777201000463e-03	-1.634703e-01
4.856777201000462e-03	-1.634704e-01
4.866777201000463e-03	-1.634703e-01
4.876777201000462e-03	-1.634704e-01
4.886777201000463e-03	-1.634703e-01
4.896777201000463e-03	-1.634704e-01
4.906777201000463e-03	-1.634703e-01
4.916777201000463e-03	-1.634704e-01
4.926777201000463e-03	-1.634703e-01
4.936777201000463e-03	-1.634704e-01
4.946777201000463e-03	-1.634703e-01
4.956777201000463e-03	-1.634704e-01
4.966777201000463e-03	-1.634703e-01
4.976777201000463e-03	-1.634704e-01
4.986777201000463e-03	-1.634703e-01
4.996777201000463e-03	-1.634704e-01
5.006777201000462e-03	-1.634703e-01
5.016777201000463e-03	-1.634704e-01
5.026777201000462e-03	-1.634703e-01
5.036777201000463e-03	-1.634704e-01
5.046777201000462e-03	-1.634703e-01
5.056777201000463e-03	-1.634704e-01
5.066777201000463e-03	-1.634703e-01
5.076777201000463e-03	-1.634704e-01
5.086777201000463e-03	-1.634703e-01
5.096777201000463e-03	-1.634704e-01
5.106777201000463e-03	-1.634703e-01
5.116777201000463e-03	-1.634704e-01
5.126777201000463e-03	-1.634703e-01
5.136777201000463e-03	-1.634704e-01
5.146777201000463e-03	-1.634703e-01
5.156777201000462e-03	-1.634704e-01
5.166777201000463e-03	-1.634703e-01
5.176777201000462e-03	-1.634704e-01
5.186777201000463e-03	-1.634703e-01
5.196777201000462e-03	-1.634704e-01
5.206777201000463e-03	-1.634703e-01
5.216777201000463e-03	-1.634704e-01
5.226777201000463e-03	-1.634703e-01
5.236777201000463e-03	-1.634704e-01
5.246777201000463e-03	-1.634703e-01
5.256777201000463e-03	-1.634704e-01
5.266777201000463e-03	-1.634703e-01
5.276777201000463e-03	-1.634704e-01
5.286777201000463e-03	-1.634703e-01
5.296777201000463e-03	-1.634704e-01
5.306777201000463e-03	-1.634703e-01
5.316777201000463e-03	-1.634704e-01
5.326777201000462e-03	-1.634703e-01
5.336777201000463e-03	-1.634704e-01
5.346777201000462e-03	-1.634703e-01
5.356777201000463e-03	-1.634704e-01
5.366777201000462e-03	-1.634703e-01
5.376777201000463e-03	-1.634704e-01
5.386777201000463e-03	-1.634703e-01
5.396777201000463e-03	-1.634704e-01
5.406777201000463e-03	-1.634703e-01
5.416777201000463e-03	-1.634704e-01
5.426777201000463e-03	-1.634703e-01
5.436777201000463e-03	-1.634704e-01
5.446777201000463e-03	-1.634703e-01
5.456777201000463e-03	-1.634704e-01
5.466777201000463e-03	-1.634703e-01
5.476777201000462e-03	-1.634704e-01
5.486777201000463e-03	-1.634703e-01
5.496777201000462e-03	-1.634704e-01
5.506777201000463e-03	-1.634703e-01
5.516777201000462e-03	-1.634704e-01
5.526777201000463e-03	-1.634703e-01
5.536777201000462e-03	-1.634704e-01
5.546777201000463e-03	-1.634703e-01
5.556777201000463e-03	-1.634704e-01
5.566777201000463e-03	-1.634703e-01
5.576777201000463e-03	-1.634704e-01
5.586777201000463e-03	-1.634703e-01
5.596777201000463e-03	-1.634704e-01
5.606777201000463e-03	-1.634703e-01
5.616777201000463e-03	-1.634704e-01
5.626777201000463e-03	-1.634703e-01
5.636777201000463e-03	-1.634704e-01
5.646777201000462e-03	-1.634703e-01
5.656777201000463e-03	-1.634704e-01
5.666777201000462e-03	-1.634703e-01
5.676777201000463e-03	-1.634704e-01
5.686777201000462e-03	-1.634703e-01
5.696777201000463e-03	-1.634704e-01
5.706777201000462e-03	-1.634703e-01
5.716777201000463e-03	-1.634704e-01
5.726777201000463e-03	-1.634703e-01
5.736777201000463e-03	-1.634704e-01
5.746777201000463e-03	-1.634703e-01
5.756777201000463e-03	-1.634704e-01
5.766777201000463e-03	-1.634703e-01
5.776777201000463e-03	-1.634704e-01
5.786777201000463e-03	-1.634703e-01
5.796777201000462e-03	-1.634704e-01
5.806777201000463e-03	-1.634703e-01
5.816777201000462e-03	-1.634704e-01
5.826777201000463e-03	-1.634703e-01
5.836777201000462e-03	-1.634704e-01
5.846777201000463e-03	-1.634703e-01
5.856777201000462e-03	-1.634704e-01
5.866777201000463e-03	-1.634703e-01
5.876777201000462e-03	-1.634704e-01
5.886777201000463e-03	-1.634703e-01
5.896777201000463e-03	-1.634704e-01
5.906777201000463e-03	-1.634703e-01
5.916777201000463e-03	-1.634704e-01
5.926777201000463e-03	-1.634703e-01
5.936777201000463e-03	-1.634704e-01
5.946777201000463e-03	-1.634703e-01
5.956777201000463e-03	-1.634704e-01
5.966777201000462e-03	-1.634703e-01
5.976777201000463e-03	-1.634704e-01
5.986777201000462e-03	-1.634703e-01
5.996777201000463e-03	-1.634704e-01
6.006777201000462e-03	-1.634703e-01
6.016777201000463e-03	-1.634704e-01
6.026777201000462e-03	-1.634703e-01
6.036777201000463e-03	-1.634704e-01
6.046777201000463e-03	-1.634703e-01
6.056777201000463e-03	-1.634704e-01
6.066777201000463e-03	-1.634703e-01
6.076777201000463e-03	-1.634704e-01
6.086777201000463e-03	-1.634703e-01
6.096777201000463e-03	-1.634704e-01
6.106777201000463e-03	-1.634703e-01
6.116777201000462e-03	-1.634704e-01
6.126777201000463e-03	-1.634703e-01
6.136777201000462e-03	-1.634704e-01
6.146777201000463e-03	-1.634703e-01
6.156777201000462e-03	-1.634704e-01
6.166777201000463e-03	-1.634703e-01
6.176777201000462e-03	-1.634704e-01
6.186777201000463e-03	-1.634703e-01
6.196777201000462e-03	-1.634704e-01
6.206777201000463e-03	-1.634703e-01
6.216777201000463e-03	-1.634704e-01
6.226777201000463e-03	-1.634703e-01
6.236777201000463e-03	-1.634704e-01
6.246777201000463e-03	-1.634703e-01
6.256777201000463e-03	-1.634704e-01
6.266777201000463e-03	-1.634703e-01
6.276777201000463e-03	-1.634704e-01
6.286777201000462e-03	-1.634703e-01
6.296777201000463e-03	-1.634704e-01
6.306777201000462e-03	-1.634703e-01
6.316777201000463e-03	-1.634704e-01
6.326777201000462e-03	-1.634703e-01
6.336777201000463e-03	-1.634704e-01
6.346777201000462e-03	-1.634703e-01
6.356777201000463e-03	-1.634704e-01
6.366777201000462e-03	-1.634703e-01
6.376777201000463e-03	-1.634704e-01
6.386777201000463e-03	-1.634703e-01
6.396777201000463e-03	-1.634704e-01
6.406777201000463e-03	-1.634703e-01
6.416777201000463e-03	-1.634704e-01
6.426777201000463e-03	-1.634703e-01
6.436777201000462e-03	-1.634704e-01
6.446777201000463e-03	-1.634703e-01
6.456777201000462e-03	-1.634704e-01
6.466777201000463e-03	-1.634703e-01
6.476777201000462e-03	-1.634704e-01
6.486777201000463e-03	-1.634703e-01
6.496777201000462e-03	-1.634704e-01
6.506777201000463e-03	-1.634703e-01
6.516777201000462e-03	-1.634704e-01
6.526777201000463e-03	-1.634703e-01
6.536777201000462e-03	-1.634704e-01
6.546777201000463e-03	-1.634703e-01
6.556777201000463e-03	-1.634704e-01
6.566777201000463e-03	-1.634703e-01
6.576777201000463e-03	-1.634704e-01
6.586777201000463e-03	-1.634703e-01
6.596777201000463e-03	-1.634704e-01
6.606777201000462e-03	-1.634703e-01
6.616777201000463e-03	-1.634704e-01
6.626777201000462e-03	-1.634703e-01
6.636777201000463e-03	-1.634704e-01
6.646777201000462e-03	-1.634703e-01
6.656777201000463e-03	-1.634704e-01
6.666777201000462e-03	-1.634703e-01
6.676777201000463e-03	-1.634704e-01
6.686777201000462e-03	-1.634703e-01
6.696777201000463e-03	-1.634704e-01
6.706777201000463e-03	-1.634703e-01
6.716777201000463e-03	-1.634704e-01
6.726777201000463e-03	-1.634703e-01
6.736777201000463e-03	-1.634704e-01
6.746777201000463e-03	-1.634703e-01
6.756777201000462e-03	-1.634704e-01
6.766777201000463e-03	-1.634703e-01
6.776777201000462e-03	-1.634704e-01
6.786777201000463e-03	-1.634703e-01
6.796777201000462e-03	-1.634704e-01
6.806777201000463e-03	-1.634703e-01
6.816777201000462e-03	-1.634704e-01
6.826777201000463e-03	-1.634703e-01
6.836777201000462e-03	-1.634704e-01
6.846777201000463e-03	-1.634703e-01
6.856777201000462e-03	-1.634704e-01
6.866777201000463e-03	-1.634703e-01
6.876777201000463e-03	-1.634704e-01
6.886777201000463e-03	-1.634703e-01
6.896777201000463e-03	-1.634704e-01
6.906777201000463e-03	-1.634703e-01
6.916777201000463e-03	-1.634704e-01
6.926777201000462e-03	-1.634703e-01
6.936777201000463e-03	-1.634704e-01
6.946777201000462e-03	-1.634703e-01
6.956777201000463e-03	-1.634704e-01
6.966777201000462e-03	-1.634703e-01
6.976777201000463e-03	-1.634704e-01
6.986777201000462e-03	-1.634703e-01
6.996777201000463e-03	-1.634704e-01
7.006777201000462e-03	-1.634703e-01
7.016777201000463e-03	-1.634704e-01
7.026777201000462e-03	-1.634703e-01
7.036777201000463e-03	-1.634704e-01
7.046777201000463e-03	-1.634703e-01
7.056777201000463e-03	-1.634704e-01
7.066777201000463e-03	-1.634703e-01
7.076777201000462e-03	-1.634704e-01
7.086777201000463e-03	-1.634703e-01
7.096777201000462e-03	-1.634704e-01
7.106777201000463e-03	-1.634703e-01
7.116777201000462e-03	-1.634704e-01
7.126777201000463e-03	-1.634703e-01
7.136777201000462e-03	-1.634704e-01
7.146777201000463e-03	-1.634703e-01
7.156777201000462e-03	-1.634704e-01
7.166777201000463e-03	-1.634703e-01
7.176777201000462e-03	-1.634704e-01
7.186777201000463e-03	-1.634703e-01
7.196777201000462e-03	-1.634704e-01
7.206777201000463e-03	-1.634703e-01
7.216777201000463e-03	-1.634704e-01
7.226777201000463e-03	-1.634703e-01
7.236777201000463e-03	-1.634704e-01
7.246777201000462e-03	-1.634703e-01
7.256777201000463e-03	-1.634704e-01
7.266777201000462e-03	-1.634703e-01
7.276777201000463e-03	-1.634704e-01
7.286777201000462e-03	-1.634703e-01
7.296777201000463e-03	-1.634704e-01
7.306777201000462e-03	-1.634703e-01
7.316777201000463e-03	-1.634704e-01
7.326777201000462e-03	-1.634703e-01
7.336777201000463e-03	-1.634704e-01
7.346777201000462e-03	-1.634703e-01
7.356777201000463e-03	-1.634704e-01
7.366777201000463e-03	-1.634703e-01
7.376777201000463e-03	-1.634704e-01
7.386777201000463e-03	-1.634703e-01
7.396777201000462e-03	-1.634704e-01
7.406777201000463e-03	-1.634703e-01
7.416777201000462e-03	-1.634704e-01
7.426777201000463e-03	-1.634703e-01
7.436777201000462e-03	-1.634704e-01
7.446777201000463e-03	-1.634703e-01
7.456777201000462e-03	-1.634704e-01
7.466777201000463e-03	-1.634703e-01
7.476777201000462e-03	-1.634704e-01
7.486777201000463e-03	-1.634703e-01
7.496777201000462e-03	-1.634704e-01
7.506777201000463e-03	-1.634703e-01
7.516777201000462e-03	-1.634704e-01
7.526777201000463e-03	-1.634703e-01
7.536777201000463e-03	-1.634704e-01
7.546777201000463e-03	-1.634703e-01
7.556777201000463e-03	-1.634704e-01
7.566777201000462e-03	-1.634703e-01
7.576777201000463e-03	-1.634704e-01
7.586777201000462e-03	-1.634703e-01
7.596777201000463e-03	-1.634704e-01
7.606777201000462e-03	-1.634703e-01
7.616777201000463e-03	-1.634704e-01
7.626777201000462e-03	-1.634703e-01
7.636777201000463e-03	-1.634704e-01
7.646777201000462e-03	-1.634703e-01
7.656777201000463e-03	-1.634704e-01
7.666777201000462e-03	-1.634703e-01
7.676777201000463e-03	-1.634704e-01
7.686777201000462e-03	-1.634703e-01
7.696777201000463e-03	-1.634704e-01
7.706777201000463e-03	-1.634703e-01
7.716777201000462e-03	-1.634704e-01
7.726777201000463e-03	-1.634703e-01
7.736777201000462e-03	-1.634704e-01
7.746777201000463e-03	-1.634703e-01
7.756777201000462e-03	-1.634704e-01
7.766777201000463e-03	-1.634703e-01
7.776777201000462e-03	-1.634704e-01
7.786777201000463e-03	-1.634703e-01
7.796777201000462e-03	-1.634704e-01
7.806777201000463e-03	-1.634703e-01
7.816777201000463e-03	-1.634704e-01
7.826777201000463e-03	-1.634703e-01
7.836777201000462e-03	-1.634704e-01
7.846777201000462e-03	-1.634703e-01
7.856777201000463e-03	-1.634704e-01
7.866777201000463e-03	-1.634703e-01
7.876777201000463e-03	-1.634704e-01
7.886777201000462e-03	-1.634703e-01
7.896777201000462e-03	-1.634704e-01
7.906777201000463e-03	-1.634703e-01
7.916777201000463e-03	-1.634704e-01
7.926777201000462e-03	-1.634703e-01
7.936777201000462e-03	-1.634704e-01
7.946777201000463e-03	-1.634703e-01
7.956777201000463e-03	-1.634704e-01
7.966777201000462e-03	-1.634703e-01
7.976777201000462e-03	-1.634704e-01
7.986777201000463e-03	-1.634703e-01
7.996777201000463e-03	-1.634704e-01
8.006777201000462e-03	-1.634703e-01
8.016777201000462e-03	-1.634704e-01
8.026777201000463e-03	-1.634703e-01
8.036777201000463e-03	-1.634704e-01
8.046777201000463e-03	-1.634703e-01
8.056777201000462e-03	-1.634704e-01
8.066777201000462e-03	-1.634703e-01
8.076777201000463e-03	-1.634704e-01
8.086777201000463e-03	-1.634703e-01
8.096777201000462e-03	-1.634704e-01
8.106777201000462e-03	-1.634703e-01
8.116777201000463e-03	-1.634704e-01
8.126777201000463e-03	-1.634703e-01
8.136777201000462e-03	-1.634704e-01
8.146777201000462e-03	-1.634703e-01
8.156777201000463e-03	-1.634704e-01
8.166777201000463e-03	-1.634703e-01
8.176777201000462e-03	-1.634704e-01
8.186777201000462e-03	-1.634703e-01
8.196777201000462e-03	-1.634704e-01
8.206777201000463e-03	-1.634703e-01
8.216777201000463e-03	-1.634704e-01
8.226777201000462e-03	-1.634703e-01
8.236777201000462e-03	-1.634704e-01
8.246777201000463e-03	-1.634703e-01
8.256777201000463e-03	-1.634704e-01
8.266777201000462e-03	-1.634703e-01
8.276777201000462e-03	-1.634704e-01
8.286777201000463e-03	-1.634703e-01
8.296777201000463e-03	-1.634704e-01
8.306777201000462e-03	-1.634703e-01
8.316777201000462e-03	-1.634704e-01
8.326777201000463e-03	-1.634703e-01
8.336777201000463e-03	-1.634704e-01
8.346777201000462e-03	-1.634703e-01
8.356777201000462e-03	-1.634704e-01
8.366777201000462e-03	-1.634703e-01
8.376777201000463e-03	-1.634704e-01
8.386777201000463e-03	-1.634703e-01
8.396777201000462e-03	-1.634704e-01
8.406777201000462e-03	-1.634703e-01
8.416777201000463e-03	-1.634704e-01
8.426777201000463e-03	-1.634703e-01
8.436777201000462e-03	-1.634704e-01
8.446777201000462e-03	-1.634703e-01
8.456777201000463e-03	-1.634704e-01
8.466777201000463e-03	-1.634703e-01
8.476777201000462e-03	-1.634704e-01
8.486777201000462e-03	-1.634703e-01
8.496777201000463e-03	-1.634704e-01
8.506777201000463e-03	-1.634703e-01
8.516777201000462e-03	-1.634704e-01
8.526777201000462e-03	-1.634703e-01
8.536777201000462e-03	-1.634704e-01
8.546777201000463e-03	-1.634703e-01
8.556777201000463e-03	-1.634704e-01
8.566777201000462e-03	-1.634703e-01
8.576777201000462e-03	-1.634704e-01
8.586777201000463e-03	-1.634703e-01
8.596777201000463e-03	-1.634704e-01
8.606777201000462e-03	-1.634703e-01
8.616777201000462e-03	-1.634704e-01
8.626777201000463e-03	-1.634703e-01
8.636777201000463e-03	-1.634704e-01
8.646777201000462e-03	-1.634703e-01
8.656777201000462e-03	-1.634704e-01
8.666777201000463e-03	-1.634703e-01
8.676777201000463e-03	-1.634704e-01
8.686777201000462e-03	-1.634703e-01
8.696777201000462e-03	-1.634704e-01
8.706777201000462e-03	-1.634703e-01
8.716777201000463e-03	-1.634704e-01
8.726777201000463e-03	-1.634703e-01
8.736777201000462e-03	-1.634704e-01
8.746777201000462e-03	-1.634703e-01
8.756777201000463e-03	-1.634704e-01
8.766777201000463e-03	-1.634703e-01
8.776777201000462e-03	-1.634704e-01
8.786777201000462e-03	-1.634703e-01
8.796777201000463e-03	-1.634704e-01
8.806777201000463e-03	-1.634703e-01
8.816777201000462e-03	-1.634704e-01
8.826777201000462e-03	-1.634703e-01
8.836777201000462e-03	-1.634704e-01
8.846777201000463e-03	-1.634703e-01
8.856777201000463e-03	-1.634704e-01
8.866777201000462e-03	-1.634703e-01
8.876777201000462e-03	-1.634704e-01
8.886777201000463e-03	-1.634703e-01
8.896777201000463e-03	-1.634704e-01
8.906777201000462e-03	-1.634703e-01
8.916777201000462e-03	-1.634704e-01
8.926777201000463e-03	-1.634703e-01
8.936777201000463e-03	-1.634704e-01
8.946777201000462e-03	-1.634703e-01
8.956777201000462e-03	-1.634704e-01
8.966777201000463e-03	-1.634703e-01
8.976777201000463e-03	-1.634704e-01
8.986777201000462e-03	-1.634703e-01
8.996777201000462e-03	-1.634704e-01
9.006777201000462e-03	-1.634703e-01
9.016777201000463e-03	-1.634704e-01
9.026777201000463e-03	-1.634703e-01
9.036777201000462e-03	-1.634704e-01
9.046777201000462e-03	-1.634703e-01
9.056777201000463e-03	-1.634704e-01
9.066777201000463e-03	-1.634703e-01
9.076777201000462e-03	-1.634704e-01
9.086777201000462e-03	-1.634703e-01
9.096777201000463e-03	-1.634704e-01
9.106777201000463e-03	-1.634703e-01
9.116777201000462e-03	-1.634704e-01
9.126777201000462e-03	-1.634703e-01
9.136777201000463e-03	-1.634704e-01
9.146777201000463e-03	-1.634703e-01
9.156777201000462e-03	-1.634704e-01
9.166777201000462e-03	-1.634703e-01
9.176777201000462e-03	-1.634704e-01
9.186777201000463e-03	-1.634703e-01
9.196777201000463e-03	-1.634704e-01
9.206777201000462e-03	-1.634703e-01
9.216777201000462e-03	-1.634704e-01
9.226777201000463e-03	-1.634703e-01
9.236777201000463e-03	-1.634704e-01
9.246777201000462e-03	-1.634703e-01
9.256777201000462e-03	-1.634704e-01
9.266777201000463e-03	-1.634703e-01
9.276777201000463e-03	-1.634704e-01
9.286777201000462e-03	-1.634703e-01
9.296777201000462e-03	-1.634704e-01
9.306777201000463e-03	-1.634703e-01
9.316777201000463e-03	-1.634704e-01
9.326777201000462e-03	-1.634703e-01
9.336777201000462e-03	-1.634704e-01
9.346777201000462e-03	-1.634703e-01
9.356777201000463e-03	-1.634704e-01
9.366777201000463e-03	-1.634703e-01
9.376777201000462e-03	-1.634704e-01
9.386777201000462e-03	-1.634703e-01
9.396777201000463e-03	-1.634704e-01
9.406777201000463e-03	-1.634703e-01
9.416777201000462e-03	-1.634704e-01
9.426777201000462e-03	-1.634703e-01
9.436777201000463e-03	-1.634704e-01
9.446777201000463e-03	-1.634703e-01
9.456777201000462e-03	-1.634704e-01
9.466777201000462e-03	-1.634703e-01
9.476777201000462e-03	-1.634704e-01
9.486777201000463e-03	-1.634703e-01
9.496777201000462e-03	-1.634704e-01
9.506777201000462e-03	-1.634703e-01
9.516777201000462e-03	-1.634704e-01
9.526777201000463e-03	-1.634703e-01
9.536777201000463e-03	-1.634704e-01
9.546777201000462e-03	-1.634703e-01
9.556777201000462e-03	-1.634704e-01
9.566777201000463e-03	-1.634703e-01
9.576777201000463e-03	-1.634704e-01
9.586777201000462e-03	-1.634703e-01
9.596777201000462e-03	-1.634704e-01
9.606777201000463e-03	-1.634703e-01
9.616777201000463e-03	-1.634704e-01
9.626777201000462e-03	-1.634703e-01
9.636777201000462e-03	-1.634704e-01
9.646777201000462e-03	-1.634703e-01
9.656777201000463e-03	-1.634704e-01
9.666777201000462e-03	-1.634703e-01
9.676777201000462e-03	-1.634704e-01
9.686777201000462e-03	-1.634703e-01
9.696777201000463e-03	-1.634704e-01
9.706777201000463e-03	-1.634703e-01
9.716777201000462e-03	-1.634704e-01
9.726777201000462e-03	-1.634703e-01
9.736777201000463e-03	-1.634704e-01
9.746777201000463e-03	-1.634703e-01
9.756777201000462e-03	-1.634704e-01
9.766777201000462e-03	-1.634703e-01
9.776777201000463e-03	-1.634704e-01
9.786777201000463e-03	-1.634703e-01
9.796777201000462e-03	-1.634704e-01
9.806777201000462e-03	-1.634703e-01
9.816777201000462e-03	-1.634704e-01
9.826777201000463e-03	-1.634703e-01
9.836777201000462e-03	-1.634704e-01
9.846777201000462e-03	-1.634703e-01
9.856777201000462e-03	-1.634704e-01
9.866777201000463e-03	-1.634703e-01
9.876777201000463e-03	-1.634704e-01
9.886777201000462e-03	-1.634703e-01
9.896777201000462e-03	-1.634704e-01
9.906777201000463e-03	-1.634703e-01
9.916777201000463e-03	-1.634704e-01
9.926777201000462e-03	-1.634703e-01
9.936777201000462e-03	-1.634704e-01
9.946777201000463e-03	-1.634703e-01
9.956777201000463e-03	-1.634704e-01
9.966777201000462e-03	-1.634703e-01
9.976777201000462e-03	-1.634704e-01
9.986777201000462e-03	-1.634703e-01
9.996777201000463e-03	-1.634704e-01
1.000000000000000e-02	-1.634703e-01
1.000000000100000e-02	-1.634704e-01
1.000000000200000e-02	-1.634704e-01
1.000000000440036e-02	-1.634704e-01
1.000000000670974e-02	-1.634704e-01
1.000000001132851e-02	-1.634704e-01
1.000000002056605e-02	-1.634703e-01
1.000000003904114e-02	-1.634703e-01
1.000000007599130e-02	-1.634703e-01
1.000000014989163e-02	-1.634703e-01
1.000000029769228e-02	-1.634703e-01
1.000000059329359e-02	-1.634703e-01
1.000000118449621e-02	-1.634703e-01
1.000000236690145e-02	-1.634703e-01
1.000000473171193e-02	-1.634703e-01
1.000000946133288e-02	-1.634702e-01
1.000001768949127e-02	-1.634701e-01
1.000002963204123e-02	-1.634700e-01
1.000005351714114e-02	-1.634695e-01
1.000010097863585e-02	-1.634602e-01
1.000015398679389e-02	-1.634703e-01
1.000020604733347e-02	-1.634727e-01
1.000026203738538e-02	-1.634751e-01
1.000031701191653e-02	-1.634769e-01
1.000042696097884e-02	-1.634790e-01
1.000045444824441e-02	-1.634791e-01
1.000050942277557e-02	-1.634792e-01
1.000061937183787e-02	-1.634794e-01
1.000083926996248e-02	-1.634798e-01
1.000118353605681e-02	-1.634803e-01
1.000177805770837e-02	-1.634808e-01
1.000249958254154e-02	-1.634805e-01
1.000263574895813e-02	-1.634803e-01
1.000290808179131e-02	-1.634800e-01
1.000345274745768e-02	-1.634791e-01
1.000454207879041e-02	-1.634767e-01
1.000672074145588e-02	-1.633909e-01
1.000945049428811e-02	-1.630041e-01
1.001362862358279e-02	-1.612625e-01
1.001754925944139e-02	-1.479855e-01
1.002063867064516e-02	-1.345270e-01
1.002204346081350e-02	-1.321379e-01
1.002297941857569e-02	-1.316047e-01
1.002391423870453e-02	-1.313978e-01
1.002481083941511e-02	-1.312505e-01
1.002597288152203e-02	-1.312097e-01
1.002727884648705e-02	-1.311360e-01
1.002864981349575e-02	-1.311565e-01
1.003109632465831e-02	-1.311090e-01
1.003346930237903e-02	-1.311444e-01
1.003821525782047e-02	-1.311019e-01
1.004503392288171e-02	-1.311348e-01
1.005503392288171e-02	-1.310866e-01
1.006503392288171e-02	-1.311154e-01
1.007503392288171e-02	-1.310648e-01
1.008503392288171e-02	-1.310917e-01
1.009503392288171e-02	-1.310384e-01
1.010000000000000e-02	-1.310706e-01
1.010000000100000e-02	-1.310740e-01
1.010000001700000e-02	-1.310733e-01
1.010000004900000e-02	-1.310702e-01
1.010000011300000e-02	-1.310655e-01
1.010000024100000e-02	-1.310587e-01
1.010000049700000e-02	-1.310496e-01
1.010000100900000e-02	-1.310420e-01
1.010000203300000e-02	-1.310395e-01
1.010000408100000e-02	-1.310414e-01
1.010000817700000e-02	-1.310436e-01
1.010001636900000e-02	-1.310471e-01
1.010003275300001e-02	-1.310496e-01
1.010006552100002e-02	-1.310509e-01
1.010013105700003e-02	-1.310504e-01
1.010026212900006e-02	-1.310505e-01
1.010052427300013e-02	-1.310498e-01
1.010104856100025e-02	-1.310493e-01
1.010209713700050e-02	-1.310474e-01
1.010419428900100e-02	-1.310445e-01
1.010838859300201e-02	-1.310376e-01
1.011677720100402e-02	-1.310245e-01
1.012677720100402e-02	-1.310094e-01
1.013433420684462e-02	-1.313983e-01
1.014204763814038e-02	-1.418003e-01
1.014500016728764e-02	-1.501845e-01
1.014785662457738e-02	-1.580085e-01
1.015088562540706e-02	-1.663938e-01
1.015694362706643e-02	-1.826168e-01
1.016694362706643e-02	-2.088151e-01
1.017694362706643e-02	-2.232451e-01
1.018694362706643e-02	-2.314625e-01
1.019694362706643e-02	-2.396681e-01
1.020694362706643e-02	-2.495341e-01
1.021694362706643e-02	-2.666147e-01
1.022694362706643e-02	-2.895909e-01
1.023694362706643e-02	-3.116597e-01
1.024694362706643e-02	-3.362034e-01
1.025694362706643e-02	-3.632640e-01
1.026694362706643e-02	-3.931046e-01
1.027694362706643e-02	-4.245330e-01
1.028694362706643e-02	-4.578280e-01
1.029694362706643e-02	-4.918050e-01
1.030694362706643e-02	-5.266837e-01
1.031694362706643e-02	-5.611692e-01
1.032694362706643e-02	-5.951834e-01
1.033694362706643e-02	-6.230942e-01
1.034694362706643e-02	-6.449798e-01
1.035694362706643e-02	-6.497823e-01
1.036694362706643e-02	-6.346416e-01
1.037694362706643e-02	-6.188207e-01
1.038694362706643e-02	-6.021663e-01
1.039694362706643e-02	-5.810217e-01
1.040694362706643e-02	-5.198606e-01
1.041694362706643e-02	-4.329938e-01
1.042694362706643e-02	-3.540920e-01
1.043694362706643e-02	-2.502785e-01
1.044694362706643e-02	-1.317385e-01
1.045694362706643e-02	-4.595253e-02
1.046694362706643e-02	-3.471796e-03
1.047694362706643e-02	-1.361826e-05
1.048694362706643e-02	-5.174642e-06
1.049694362706643e-02	-1.444784e-05
1.050694362706643e-02	-5.916204e-06
1.051694362706643e-02	-1.435815e-05
1.052694362706643e-02	-5.871893e-06
1.053694362706643e-02	-1.426857e-05
1.054694362706643e-02	-5.821752e-06
1.055694362706643e-02	-1.418008e-05
1.056694362706643e-02	-5.771965e-06
1.057694362706643e-02	-1.409337e-05
1.058694362706643e-02	-5.722994e-06
1.059694362706643e-02	-1.400886e-05
1.060694362706643e-02	-5.672663e-06
1.061694362706643e-02	-1.390344e-05
1.062694362706643e-02	-5.600703e-06
1.063694362706643e-02	-1.379901e-05
1.064694362706643e-02	-5.531416e-06
1.065694362706643e-02	-1.369760e-05
1.066694362706643e-02	-5.463728e-06
1.067694362706643e-02	-1.359927e-05
1.068694362706643e-02	-5.398251e-06
1.069694362706643e-02	-1.350456e-05
1.070694362706643e-02	-5.335703e-06
1.071694362706643e-02	-1.341398e-05
1.072694362706643e-02	-5.276628e-06
1.073694362706643e-02	-1.332785e-05
1.074694362706643e-02	-5.221355e-06
1.075694362706643e-02	-1.324628e-05
1.076694362706643e-02	-5.170030e-06
1.077694362706643e-02	-1.316926e-05
1.078694362706643e-02	-5.122664e-06
1.079694362706643e-02	-1.309668e-05
1.080694362706643e-02	-5.079174e-06
1.081694362706643e-02	-1.302836e-05
1.082694362706643e-02	-5.039410e-06
1.083694362706643e-02	-1.296406e-05
1.084694362706643e-02	-5.003184e-06
1.085694362706643e-02	-1.290356e-05
1.086694362706643e-02	-4.970287e-06
1.087694362706643e-02	-1.284658e-05
1.088694362706643e-02	-4.940499e-06
1.089694362706643e-02	-1.279287e-05
1.090694362706643e-02	-4.913600e-06
1.091694362706643e-02	-1.274220e-05
1.092694362706643e-02	-4.889372e-06
1.093694362706643e-02	-1.269431e-05
1.094694362706643e-02	-4.867607e-06
1.095694362706643e-02	-1.264899e-05
1.096694362706643e-02	-4.848107e-06
1.097694362706643e-02	-1.260603e-05
1.098694362706643e-02	-4.830686e-06
1.099694362706643e-02	-1.256523e-05
1.100000000100000e-02	-4.838395e-06
1.100000000200000e-02	2.022724e-05
1.100000001800000e-02	5.375863e-05
1.100000005000000e-02	-8.789874e-06
1.100000011400000e-02	2.451404e-05
1.100000024200000e-02	-2.053284e-05
1.100000049800000e-02	1.880672e-05
1.100000101000000e-02	-2.501932e-05
1.100000203400000e-02	1.326867e-05
1.100000408200000e-02	-2.891255e-05
1.100000817800000e-02	1.175496e-05
1.100001637000000e-02	-2.900277e-05
1.100003275400001e-02	1.166659e-05
1.100006552200002e-02	-2.903896e-05
1.100013105800003e-02	1.165807e-05
1.100026213000006e-02	-2.903637e-05
1.100052427400013e-02	1.165759e-05
1.100104856200025e-02	-2.903481e-05
1.100209713800050e-02	1.165950e-05
1.100419429000100e-02	-2.903043e-05
1.100838859400201e-02	1.166789e-05
1.101677720200402e-02	-2.901379e-05
1.102677720200402e-02	1.169157e-05
1.103677720200402e-02	-2.898878e-05
1.104677720200402e-02	1.171574e-05
1.105677720200402e-02	-2.896536e-05
1.106677720200402e-02	1.173837e-05
1.107677720200402e-02	-2.894340e-05
1.108677720200402e-02	1.175962e-05
1.109677720200402e-02	-2.892278e-05
1.110677720200402e-02	1.177958e-05
1.111677720200402e-02	-2.890338e-05
1.112677720200402e-02	1.179838e-05
1.113677720200402e-02	-2.888510e-05
1.114677720200402e-02	1.181610e-05
1.115677720200402e-02	-2.886785e-05
1.116677720200402e-02	1.183283e-05
1.117677720200402e-02	-2.885155e-05
1.118677720200402e-02	1.184867e-05
1.119677720200402e-02	-2.883610e-05
1.120677720200402e-02	1.186367e-05
1.121677720200402e-02	-2.882146e-05
1.122677720200402e-02	1.187791e-05
1.123677720200402e-02	-2.880754e-05
1.124677720200402e-02	1.189145e-05
1.125677720200402e-02	-2.879431e-05
1.126677720200402e-02	1.190433e-05
1.127677720200402e-02	-2.878169e-05
1.128677720200402e-02	1.191662e-05
1.129677720200402e-02	-2.876966e-05
1.130677720200402e-02	1.192835e-05
1.131677720200402e-02	-2.875816e-05
1.132677720200402e-02	1.193957e-05
1.133677720200402e-02	-2.874715e-05
1.134677720200402e-02	1.195031e-05
1.135677720200402e-02	-2.873660e-05
1.136677720200402e-02	1.196061e-05
1.137677720200402e-02	-2.872649e-05
1.138677720200402e-02	1.197049e-05
1.139677720200402e-02	-2.871677e-05
1.140677720200402e-02	1.197999e-05
1.141677720200402e-02	-2.870743e-05
1.142677720200402e-02	1.198912e-05
1.143677720200402e-02	-2.869844e-05
1.144677720200402e-02	1.199791e-05
1.145677720200402e-02	-2.868978e-05
1.146677720200402e-02	1.200638e-05
1.147677720200402e-02	-2.868143e-05
1.148677720200402e-02	1.201456e-05
1.149677720200402e-02	-2.867337e-05
1.150677720200402e-02	1.202244e-05
1.151677720200402e-02	-2.866559e-05
1.152677720200402e-02	1.203006e-05
1.153677720200402e-02	-2.865807e-05
1.154677720200402e-02	1.203742e-05
1.155677720200402e-02	-2.865080e-05
1.156677720200402e-02	1.204453e-05
1.157677720200402e-02	-2.864378e-05
1.158677720200402e-02	1.205141e-05
1.159677720200402e-02	-2.863698e-05
1.160677720200402e-02	1.205807e-05
1.161677720200402e-02	-2.863040e-05
1.162677720200402e-02	1.206451e-05
1.163677720200402e-02	-2.862404e-05
1.164677720200402e-02	1.207074e-05
1.165677720200402e-02	-2.861788e-05
1.166677720200402e-02	1.207676e-05
1.167677720200402e-02	-2.861193e-05
1.168677720200402e-02	1.208258e-05
1.169677720200402e-02	-2.860617e-05
1.170677720200402e-02	1.208821e-05
1.171677720200402e-02	-2.860061e-05
1.172677720200402e-02	1.209365e-05
1.173677720200402e-02	-2.859524e-05
1.174677720200402e-02	1.209890e-05
1.175677720200402e-02	-2.859006e-05
1.176677720200402e-02	1.210395e-05
1.177677720200402e-02	-2.858507e-05
1.178677720200402e-02	1.210881e-05
1.179677720200402e-02	-2.858027e-05
1.180677720200402e-02	1.211348e-05
1.181677720200402e-02	-2.857567e-05
1.182677720200402e-02	1.211796e-05
1.183677720200402e-02	-2.857126e-05
1.184677720200402e-02	1.212224e-05
1.185677720200402e-02	-2.856705e-05
1.186677720200402e-02	1.212631e-05
1.187677720200402e-02	-2.856306e-05
1.188677720200402e-02	1.213017e-05
1.189677720200402e-02	-2.855927e-05
1.190677720200402e-02	1.213381e-05
1.191677720200402e-02	-2.855571e-05
1.192677720200402e-02	1.213723e-05
1.193677720200402e-02	-2.855238e-05
1.194677720200402e-02	1.214041e-05
1.195677720200402e-02	-2.854929e-05
1.196677720200402e-02	1.214334e-05
1.197677720200402e-02	-2.854646e-05
1.198677720200402e-02	1.214602e-05
1.199677720200402e-02	-2.854389e-05
1.200677720200402e-02	1.214841e-05
1.201677720200402e-02	-2.854161e-05
1.202677720200402e-02	1.215052e-05
1.203677720200402e-02	-2.853963e-05
1.204677720200402e-02	1.215231e-05
1.205677720200402e-02	-2.853796e-05
1.206677720200402e-02	1.215378e-05
1.207677720200402e-02	-2.853664e-05
1.208677720200402e-02	1.215490e-05
1.209677720200402e-02	-2.853567e-05
1.210677720200402e-02	1.215565e-05
1.211677720200402e-02	-2.853509e-05
1.212677720200402e-02	1.215600e-05
1.213677720200402e-02	-2.853492e-05
1.214677720200402e-02	1.215593e-05
1.215677720200402e-02	-2.853517e-05
1.216677720200402e-02	1.215541e-05
1.217677720200402e-02	-2.853589e-05
1.218677720200402e-02	1.215442e-05
1.219677720200402e-02	-2.853710e-05
1.220677720200402e-02	1.215294e-05
1.221677720200402e-02	-2.853882e-05
1.222677720200402e-02	1.215092e-05
1.223677720200402e-02	-2.854107e-05
1.224677720200402e-02	1.214837e-05
1.225677720200402e-02	-2.854388e-05
1.226677720200402e-02	1.214525e-05
1.227677720200402e-02	-2.854725e-05
1.228677720200402e-02	1.214157e-05
1.229677720200402e-02	-2.855119e-05
1.230677720200402e-02	1.213732e-05
1.231677720200402e-02	-2.855569e-05
1.232677720200402e-02	1.213251e-05
1.233677720200402e-02	-2.856074e-05
1.234677720200402e-02	1.212716e-05
1.235677720200402e-02	-2.856633e-05
1.236677720200402e-02	1.212128e-05
1.237677720200402e-02	-2.857243e-05
1.238677720200402e-02	1.211490e-05
1.239677720200402e-02	-2.857903e-05
1.240677720200402e-02	1.210803e-05
1.241677720200402e-02	-2.858612e-05
1.242677720200402e-02	1.210067e-05
1.243677720200402e-02	-2.859369e-05
1.244677720200402e-02	1.209282e-05
1.245677720200402e-02	-2.860175e-05
1.246677720200402e-02	1.208450e-05
1.247677720200402e-02	-2.861028e-05
1.248677720200402e-02	1.207570e-05
1.249677720200402e-02	-2.861928e-05
1.250677720200402e-02	1.206644e-05
1.251677720200402e-02	-2.862874e-05
1.252677720200402e-02	1.205673e-05
1.253677720200402e-02	-2.863863e-05
1.254677720200402e-02	1.204661e-05
1.255677720200402e-02	-2.864892e-05
1.256677720200402e-02	1.203612e-05
1.257677720200402e-02	-2.865956e-05
1.258677720200402e-02	1.202529e-05
1.259677720200402e-02	-2.867051e-05
1.260677720200402e-02	1.201418e-05
1.261677720200402e-02	-2.868170e-05
1.262677720200402e-02	1.200286e-05
1.263677720200402e-02	-2.869308e-05
1.264677720200402e-02	1.199138e-05
1.265677720200402e-02	-2.870459e-05
1.266677720200402e-02	1.197980e-05
1.267677720200402e-02	-2.871617e-05
1.268677720200402e-02	1.196818e-05
1.269677720200402e-02	-2.872775e-05
1.270677720200402e-02	1.195660e-05
1.271677720200402e-02	-2.873927e-05
1.272677720200402e-02	1.194510e-05
1.273677720200402e-02	-2.875068e-05
1.274677720200402e-02	1.193374e-05
1.275677720200402e-02	-2.876192e-05
1.276677720200402e-02	1.192258e-05
1.277677720200402e-02	-2.877294e-05
1.278677720200402e-02	1.191165e-05
1.279677720200402e-02	-2.878370e-05
1.280677720200402e-02	1.190101e-05
1.281677720200402e-02	-2.879415e-05
1.282677720200402e-02	1.189069e-05
1.283677720200402e-02	-2.880427e-05
1.284677720200402e-02	1.188072e-05
1.285677720200402e-02	-2.881403e-05
1.286677720200402e-02	1.187112e-05
1.287677720200402e-02	-2.882341e-05
1.288677720200402e-02	1.186192e-05
1.289677720200402e-02	-2.883238e-05
1.290677720200402e-02	1.185312e-05
1.291677720200402e-02	-2.884095e-05
1.292677720200402e-02	1.184474e-05
1.293677720200402e-02	-2.884909e-05
1.294677720200402e-02	1.183677e-05
1.295677720200402e-02	-2.885682e-05
1.296677720200402e-02	1.182923e-05
1.297677720200402e-02	-2.886412e-05
1.298677720200402e-02	1.182211e-05
1.299677720200402e-02	-2.887101e-05
1.300677720200402e-02	1.181540e-05
1.301677720200402e-02	-2.887749e-05
1.302677720200402e-02	1.180909e-05
1.303677720200402e-02	-2.888357e-05
1.304677720200402e-02	1.180317e-05
1.305677720200402e-02	-2.888927e-05
1.306677720200402e-02	1.179763e-05
1.307677720200402e-02	-2.889460e-05
1.308677720200402e-02	1.179245e-05
1.309677720200402e-02	-2.889958e-05
1.310677720200402e-02	1.178762e-05
1.311677720200402e-02	-2.890421e-05
1.312677720200402e-02	1.178313e-05
1.313677720200402e-02	-2.890851e-05
1.314677720200402e-02	1.177895e-05
1.315677720200402e-02	-2.891252e-05
1.316677720200402e-02	1.177506e-05
1.317677720200402e-02	-2.891623e-05
1.318677720200402e-02	1.177147e-05
1.319677720200402e-02	-2.891966e-05
1.320677720200402e-02	1.176813e-05
1.321677720200402e-02	-2.892284e-05
1.322677720200402e-02	1.176505e-05
1.323677720200402e-02	-2.892578e-05
1.324677720200402e-02	1.176220e-05
1.325677720200402e-02	-2.892849e-05
1.326677720200402e-02	1.175957e-05
1.327677720200402e-02	-2.893099e-05
1.328677720200402e-02	1.175714e-05
1.329677720200402e-02	-2.893329e-05
1.330677720200402e-02	1.175490e-05
1.331677720200402e-02	-2.893541e-05
1.332677720200402e-02	1.175284e-05
1.333677720200402e-02	-2.893736e-05
1.334677720200402e-02	1.175094e-05
1.335677720200402e-02	-2.893916e-05
1.336677720200402e-02	1.174919e-05
1.337677720200402e-02	-2.894080e-05
1.338677720200402e-02	1.174759e-05
1.339677720200402e-02	-2.894232e-05
1.340677720200402e-02	1.174611e-05
1.341677720200402e-02	-2.894370e-05
1.342677720200402e-02	1.174475e-05
1.343677720200402e-02	-2.894497e-05
1.344677720200402e-02	1.174351e-05
1.345677720200402e-02	-2.894614e-05
1.346677720200402e-02	1.174237e-05
1.347677720200402e-02	-2.894721e-05
1.348677720200402e-02	1.174132e-05
1.349677720200402e-02	-2.894818e-05
1.350677720200402e-02	1.174035e-05
1.351677720200402e-02	-2.894908e-05
1.352677720200402e-02	1.173947e-05
1.353677720200402e-02	-2.894990e-05
1.354677720200402e-02	1.173866e-05
1.355677720200401e-02	-2.895064e-05
1.356677720200402e-02	1.173792e-05
1.357677720200402e-02	-2.895133e-05
1.358677720200402e-02	1.173723e-05
1.359677720200402e-02	-2.895195e-05
1.360677720200402e-02	1.173661e-05
1.361677720200402e-02	-2.895252e-05
1.362677720200402e-02	1.173604e-05
1.363677720200402e-02	-2.895304e-05
1.364677720200402e-02	1.173551e-05
1.365677720200402e-02	-2.895351e-05
1.366677720200402e-02	1.173503e-05
1.367677720200402e-02	-2.895395e-05
1.368677720200402e-02	1.173459e-05
1.369677720200402e-02	-2.895434e-05
1.370677720200402e-02	1.173419e-05
1.371677720200402e-02	-2.895470e-05
1.372677720200401e-02	1.173382e-05
1.373677720200402e-02	-2.895503e-05
1.374677720200402e-02	1.173348e-05
1.375677720200402e-02	-2.895532e-05
1.376677720200402e-02	1.173316e-05
1.377677720200402e-02	-2.895560e-05
1.378677720200402e-02	1.173288e-05
1.379677720200402e-02	-2.895584e-05
1.380677720200402e-02	1.173262e-05
1.381677720200402e-02	-2.895606e-05
1.382677720200402e-02	1.173238e-05
1.383677720200402e-02	-2.895627e-05
1.384677720200402e-02	1.173216e-05
1.385677720200402e-02	-2.895645e-05
1.386677720200402e-02	1.173195e-05
1.387677720200402e-02	-2.895662e-05
1.388677720200402e-02	1.173177e-05
1.389677720200401e-02	-2.895677e-05
1.390677720200402e-02	1.173159e-05
1.391677720200402e-02	-2.895690e-05
1.392677720200402e-02	1.173144e-05
1.393677720200402e-02	-2.895703e-05
1.394677720200402e-02	1.173129e-05
1.395677720200402e-02	-2.895714e-05
1.396677720200402e-02	1.173116e-05
1.397677720200402e-02	-2.895724e-05
1.398677720200402e-02	1.173104e-05
1.399677720200402e-02	-2.895733e-05
1.400677720200402e-02	1.173092e-05
1.401677720200402e-02	-2.895741e-05
1.402677720200402e-02	1.173082e-05
1.403677720200402e-02	-2.895748e-05
1.404677720200402e-02	1.173072e-05
1.405677720200402e-02	-2.895755e-05
1.406677720200402e-02	1.173063e-05
1.407677720200402e-02	-2.895760e-05
1.408677720200402e-02	1.173055e-05
1.409677720200402e-02	-2.895765e-05
1.410677720200402e-02	1.173047e-05
1.411677720200402e-02	-2.895770e-05
1.412677720200402e-02	1.173040e-05
1.413677720200402e-02	-2.895774e-05
1.414677720200402e-02	1.173034e-05
1.415677720200402e-02	-2.895777e-05
1.416677720200402e-02	1.173028e-05
1.417677720200402e-02	-2.895781e-05
1.418677720200402e-02	1.173022e-05
1.419677720200401e-02	-2.895783e-05
1.420677720200402e-02	1.173017e-05
1.421677720200402e-02	-2.895785e-05
1.422677720200402e-02	1.173012e-05
1.423677720200402e-02	-2.895787e-05
1.424677720200402e-02	1.173007e-05
1.425677720200402e-02	-2.895789e-05
1.426677720200402e-02	1.173003e-05
1.427677720200402e-02	-2.895790e-05
1.428677720200402e-02	1.172999e-05
1.429677720200402e-02	-2.895792e-05
1.430677720200402e-02	1.172995e-05
1.431677720200402e-02	-2.895792e-05
1.432677720200402e-02	1.172991e-05
1.433677720200402e-02	-2.895793e-05
1.434677720200402e-02	1.172988e-05
1.435677720200402e-02	-2.895794e-05
1.436677720200401e-02	1.172985e-05
1.437677720200402e-02	-2.895794e-05
1.438677720200402e-02	1.172982e-05
1.439677720200402e-02	-2.895794e-05
1.440677720200402e-02	1.172979e-05
1.441677720200402e-02	-2.895794e-05
1.442677720200402e-02	1.172976e-05
1.443677720200402e-02	-2.895794e-05
1.444677720200402e-02	1.172974e-05
1.445677720200402e-02	-2.895794e-05
1.446677720200402e-02	1.172971e-05
1.447677720200402e-02	-2.895793e-05
1.448677720200402e-02	1.172969e-05
1.449677720200402e-02	-2.895793e-05
1.450677720200402e-02	1.172966e-05
1.451677720200402e-02	-2.895792e-05
1.452677720200402e-02	1.172964e-05
1.453677720200401e-02	-2.895791e-05
1.454677720200402e-02	1.172962e-05
1.455677720200402e-02	-2.895791e-05
1.456677720200402e-02	1.172960e-05
1.457677720200402e-02	-2.895790e-05
1.458677720200402e-02	1.172958e-05
1.459677720200402e-02	-2.895789e-05
1.460677720200402e-02	1.172956e-05
1.461677720200402e-02	-2.895788e-05
1.462677720200402e-02	1.172954e-05
1.463677720200402e-02	-2.895787e-05
1.464677720200402e-02	1.172952e-05
1.465677720200402e-02	-2.895786e-05
1.466677720200402e-02	1.172951e-05
1.467677720200402e-02	-2.895785e-05
1.468677720200402e-02	1.172949e-05
1.469677720200402e-02	-2.895784e-05
1.470677720200401e-02	1.172947e-05
1.471677720200402e-02	-2.895783e-05
1.472677720200402e-02	1.172946e-05
1.473677720200402e-02	-2.895782e-05
1.474677720200402e-02	1.172944e-05
1.475677720200402e-02	-2.895781e-05
1.476677720200402e-02	1.172942e-05
1.477677720200402e-02	-2.895779e-05
1.478677720200402e-02	1.172941e-05
1.479677720200402e-02	-2.895778e-05
1.480677720200402e-02	1.172939e-05
1.481677720200402e-02	-2.895777e-05
1.482677720200402e-02	1.172938e-05
1.483677720200401e-02	-2.895776e-05
1.484677720200402e-02	1.172936e-05
1.485677720200402e-02	-2.895774e-05
1.486677720200402e-02	1.172935e-05
1.487677720200401e-02	-2.895773e-05
1.488677720200402e-02	1.172933e-05
1.489677720200402e-02	-2.895772e-05
1.490677720200402e-02	1.172932e-05
1.491677720200402e-02	-2.895770e-05
1.492677720200402e-02	1.172930e-05
1.493677720200402e-02	-2.895769e-05
1.494677720200402e-02	1.172929e-05
1.495677720200402e-02	-2.895768e-05
1.496677720200402e-02	1.172927e-05
1.497677720200402e-02	-2.895766e-05
1.498677720200402e-02	1.172926e-05
1.499677720200402e-02	-2.895765e-05
1.500677720200401e-02	1.172925e-05
1.501677720200402e-02	-2.895763e-05
1.502677720200402e-02	1.172923e-05
1.503677720200402e-02	-2.895762e-05
1.504677720200401e-02	1.172922e-05
1.505677720200402e-02	-2.895761e-05
1.506677720200402e-02	1.172920e-05
1.507677720200402e-02	-2.895759e-05
1.508677720200402e-02	1.172919e-05
1.509677720200402e-02	-2.895758e-05
1.510677720200402e-02	1.172917e-05
1.511677720200402e-02	-2.895756e-05
1.512677720200402e-02	1.172916e-05
1.513677720200402e-02	-2.895755e-05
1.514677720200402e-02	1.172915e-05
1.515677720200402e-02	-2.895753e-05
1.516677720200402e-02	1.172913e-05
1.517677720200401e-02	-2.895752e-05
1.518677720200402e-02	1.172912e-05
1.519677720200402e-02	-2.895751e-05
1.520677720200402e-02	1.172911e-05
1.521677720200401e-02	-2.895749e-05
1.522677720200402e-02	1.172909e-05
1.523677720200402e-02	-2.895748e-05
1.524677720200402e-02	1.172908e-05
1.525677720200402e-02	-2.895746e-05
1.526677720200402e-02	1.172906e-05
1.527677720200402e-02	-2.895745e-05
1.528677720200402e-02	1.172905e-05
1.529677720200402e-02	-2.895743e-05
1.530677720200402e-02	1.172904e-05
1.531677720200402e-02	-2.895742e-05
1.532677720200402e-02	1.172902e-05
1.533677720200402e-02	-2.895741e-05
1.534677720200401e-02	1.172901e-05
1.535677720200402e-02	-2.895739e-05
1.536677720200402e-02	1.172900e-05
1.537677720200402e-02	-2.895738e-05
1.538677720200401e-02	1.172898e-05
1.539677720200402e-02	-2.895736e-05
1.540677720200402e-02	1.172897e-05
1.541677720200402e-02	-2.895735e-05
1.542677720200402e-02	1.172895e-05
1.543677720200402e-02	-2.895733e-05
1.544677720200402e-02	1.172894e-05
1.545677720200402e-02	-2.895732e-05
1.546677720200402e-02	1.172893e-05
1.547677720200401e-02	-2.895731e-05
1.548677720200402e-02	1.172891e-05
1.549677720200402e-02	-2.895729e-05
1.550677720200402e-02	1.172890e-05
1.551677720200401e-02	-2.895728e-05
1.552677720200402e-02	1.172889e-05
1.553677720200402e-02	-2.895726e-05
1.554677720200402e-02	1.172887e-05
1.555677720200402e-02	-2.895725e-05
1.556677720200402e-02	1.172886e-05
1.557677720200402e-02	-2.895723e-05
1.558677720200402e-02	1.172884e-05
1.559677720200402e-02	-2.895722e-05
1.560677720200402e-02	1.172883e-05
1.561677720200402e-02	-2.895720e-05
1.562677720200402e-02	1.172882e-05
1.563677720200402e-02	-2.895719e-05
1.564677720200401e-02	1.172880e-05
1.565677720200401e-02	-2.895718e-05
1.566677720200401e-02	1.172879e-05
1.567677720200402e-02	-2.895716e-05
1.568677720200402e-02	1.172878e-05
1.569677720200402e-02	-2.895715e-05
1.570677720200402e-02	1.172876e-05
1.571677720200402e-02	-2.895713e-05
1.572677720200402e-02	1.172875e-05
1.573677720200401e-02	-2.895712e-05
1.574677720200401e-02	1.172873e-05
1.575677720200402e-02	-2.895710e-05
1.576677720200402e-02	1.172872e-05
1.577677720200402e-02	-2.895709e-05
1.578677720200402e-02	1.172871e-05
1.579677720200402e-02	-2.895707e-05
1.580677720200402e-02	1.172869e-05
1.581677720200401e-02	-2.895706e-05
1.582677720200401e-02	1.172868e-05
1.583677720200401e-02	-2.895705e-05
1.584677720200402e-02	1.172867e-05
1.585677720200402e-02	-2.895703e-05
1.586677720200402e-02	1.172865e-05
1.587677720200402e-02	-2.895702e-05
1.588677720200402e-02	1.172864e-05
1.589677720200402e-02	-2.895700e-05
1.590677720200401e-02	1.172862e-05
1.591677720200401e-02	-2.895699e-05
1.592677720200402e-02	1.172861e-05
1.593677720200402e-02	-2.895697e-05
1.594677720200402e-02	1.172860e-05
1.595677720200402e-02	-2.895696e-05
1.596677720200402e-02	1.172858e-05
1.597677720200402e-02	-2.895695e-05
1.598677720200401e-02	1.172857e-05
1.599677720200401e-02	-2.895693e-05
1.600677720200401e-02	1.172855e-05
1.601677720200402e-02	-2.895692e-05
1.602677720200402e-02	1.172854e-05
1.603677720200402e-02	-2.895690e-05
1.604677720200402e-02	1.172853e-05
1.605677720200402e-02	-2.895689e-05
1.606677720200402e-02	1.172851e-05
1.607677720200401e-02	-2.895687e-05
1.608677720200401e-02	1.172850e-05
1.609677720200402e-02	-2.895686e-05
1.610677720200402e-02	1.172848e-05
1.611677720200402e-02	-2.895685e-05
1.612677720200402e-02	1.172847e-05
1.613677720200402e-02	-2.895683e-05
1.614677720200402e-02	1.172846e-05
1.615677720200401e-02	-2.895682e-05
1.616677720200401e-02	1.172844e-05
1.617677720200401e-02	-2.895680e-05
1.618677720200402e-02	1.172843e-05
1.619677720200402e-02	-2.895679e-05
1.620677720200402e-02	1.172842e-05
1.621677720200402e-02	-2.895677e-05
1.622677720200402e-02	1.172840e-05
1.623677720200402e-02	-2.895676e-05
1.624677720200401e-02	1.172839e-05
1.625677720200401e-02	-2.895675e-05
1.626677720200402e-02	1.172837e-05
1.627677720200402e-02	-2.895673e-05
1.628677720200402e-02	1.172836e-05
1.629677720200402e-02	-2.895672e-05
1.630677720200402e-02	1.172835e-05
1.631677720200402e-02	-2.895670e-05
1.632677720200401e-02	1.172833e-05
1.633677720200401e-02	-2.895669e-05
1.634677720200401e-02	1.172832e-05
1.635677720200402e-02	-2.895667e-05
1.636677720200402e-02	1.172830e-05
1.637677720200402e-02	-2.895666e-05
1.638677720200402e-02	1.172829e-05
1.639677720200402e-02	-2.895665e-05
1.640677720200402e-02	1.172828e-05
1.641677720200401e-02	-2.895663e-05
1.642677720200401e-02	1.172826e-05
1.643677720200401e-02	-2.895662e-05
1.644677720200402e-02	1.172825e-05
1.645677720200402e-02	-2.895660e-05
1.646677720200402e-02	1.172823e-05
1.647677720200402e-02	-2.895659e-05
1.648677720200402e-02	1.172822e-05
1.649677720200401e-02	-2.895658e-05
1.650677720200401e-02	1.172821e-05
1.651677720200401e-02	-2.895656e-05
1.652677720200402e-02	1.172819e-05
1.653677720200402e-02	-2.895655e-05
1.654677720200402e-02	1.172818e-05
1.655677720200402e-02	-2.895653e-05
1.656677720200402e-02	1.172816e-05
1.657677720200402e-02	-2.895652e-05
1.658677720200401e-02	1.172815e-05
1.659677720200401e-02	-2.895651e-05
1.660677720200401e-02	1.172814e-05
1.661677720200402e-02	-2.895649e-05
1.662677720200402e-02	1.172812e-05
1.663677720200402e-02	-2.895648e-05
1.664677720200402e-02	1.172811e-05
1.665677720200402e-02	-2.895646e-05
1.666677720200401e-02	1.172809e-05
1.667677720200401e-02	-2.895645e-05
1.668677720200401e-02	1.172808e-05
1.669677720200402e-02	-2.895643e-05
1.670677720200402e-02	1.172807e-05
1.671677720200402e-02	-2.895642e-05
1.672677720200402e-02	1.172805e-05
1.673677720200402e-02	-2.895641e-05
1.674677720200402e-02	1.172804e-05
1.675677720200401e-02	-2.895639e-05
1.676677720200401e-02	1.172802e-05
1.677677720200401e-02	-2.895638e-05
1.678677720200402e-02	1.172801e-05
1.679677720200402e-02	-2.895636e-05
1.680677720200402e-02	1.172800e-05
1.681677720200402e-02	-2.895635e-05
1.682677720200402e-02	1.172798e-05
1.683677720200401e-02	-2.895633e-05
1.684677720200401e-02	1.172797e-05
1.685677720200401e-02	-2.895632e-05
1.686677720200402e-02	1.172795e-05
1.687677720200402e-02	-2.895630e-05
1.688677720200402e-02	1.172794e-05
1.689677720200402e-02	-2.895629e-05
1.690677720200402e-02	1.172792e-05
1.691677720200402e-02	-2.895628e-05
1.692677720200401e-02	1.172791e-05
1.693677720200401e-02	-2.895626e-05
1.694677720200401e-02	1.172790e-05
1.695677720200402e-02	-2.895625e-05
1.696677720200402e-02	1.172788e-05
1.697677720200402e-02	-2.895623e-05
1.698677720200402e-02	1.172787e-05
1.699677720200402e-02	-2.895622e-05
1.700677720200401e-02	1.172785e-05
1.701677720200401e-02	-2.895621e-05
1.702677720200401e-02	1.172784e-05
1.703677720200402e-02	-2.895619e-05
1.704677720200402e-02	1.172783e-05
1.705677720200402e-02	-2.895618e-05
1.706677720200402e-02	1.172781e-05
1.707677720200402e-02	-2.895616e-05
1.708677720200402e-02	1.172780e-05
1.709677720200401e-02	-2.895615e-05
1.710677720200401e-02	1.172778e-05
1.711677720200401e-02	-2.895614e-05
1.712677720200402e-02	1.172777e-05
1.713677720200402e-02	-2.895612e-05
1.714677720200402e-02	1.172776e-05
1.715677720200402e-02	-2.895611e-05
1.716677720200402e-02	1.172774e-05
1.717677720200401e-02	-2.895609e-05
1.718677720200401e-02	1.172773e-05
1.719677720200401e-02	-2.895608e-05
1.720677720200402e-02	1.172771e-05
1.721677720200402e-02	-2.895606e-05
1.722677720200402e-02	1.172770e-05
1.723677720200402e-02	-2.895605e-05
1.724677720200402e-02	1.172768e-05
1.725677720200402e-02	-2.895604e-05
1.726677720200401e-02	1.172767e-05
1.727677720200401e-02	-2.895602e-05
1.728677720200401e-02	1.172766e-05
1.729677720200402e-02	-2.895601e-05
1.730677720200402e-02	1.172764e-05
1.731677720200402e-02	-2.895599e-05
1.732677720200402e-02	1.172763e-05
1.733677720200402e-02	-2.895598e-05
1.734677720200401e-02	1.172761e-05
1.735677720200401e-02	-2.895596e-05
1.736677720200401e-02	1.172760e-05
1.737677720200402e-02	-2.895595e-05
1.738677720200402e-02	1.172759e-05
1.739677720200402e-02	-2.895594e-05
1.740677720200402e-02	1.172757e-05
1.741677720200402e-02	-2.895592e-05
1.742677720200402e-02	1.172756e-05
1.743677720200401e-02	-2.895591e-05
1.744677720200401e-02	1.172754e-05
1.745677720200401e-02	-2.895589e-05
1.746677720200402e-02	1.172753e-05
1.747677720200402e-02	-2.895588e-05
1.748677720200402e-02	1.172751e-05
1.749677720200402e-02	-2.895586e-05
1.750677720200402e-02	1.172750e-05
1.751677720200401e-02	-2.895585e-05
1.752677720200401e-02	1.172749e-05
1.753677720200401e-02	-2.895584e-05
1.754677720200402e-02	1.172747e-05
1.755677720200402e-02	-2.895582e-05
1.756677720200402e-02	1.172746e-05
1.757677720200402e-02	-2.895581e-05
1.758677720200402e-02	1.172744e-05
1.759677720200402e-02	-2.895579e-05
1.760677720200401e-02	1.172743e-05
1.761677720200401e-02	-2.895578e-05
1.762677720200401e-02	1.172742e-05
1.763677720200402e-02	-2.895577e-05
1.764677720200402e-02	1.172740e-05
1.765677720200402e-02	-2.895575e-05
1.766677720200402e-02	1.172739e-05
1.767677720200402e-02	-2.895574e-05
1.768677720200401e-02	1.172737e-05
1.769677720200401e-02	-2.895572e-05
1.770677720200401e-02	1.172736e-05
1.771677720200401e-02	-2.895571e-05
1.772677720200402e-02	1.172735e-05
1.773677720200402e-02	-2.895570e-05
1.774677720200402e-02	1.172733e-05
1.775677720200402e-02	-2.895568e-05
1.776677720200402e-02	1.172732e-05
1.777677720200401e-02	-2.895567e-05
1.778677720200401e-02	1.172730e-05
1.779677720200401e-02	-2.895565e-05
1.780677720200402e-02	1.172729e-05
1.781677720200402e-02	-2.895564e-05
1.782677720200402e-02	1.172727e-05
1.783677720200402e-02	-2.895562e-05
1.784677720200402e-02	1.172726e-05
1.785677720200401e-02	-2.895561e-05
1.786677720200401e-02	1.172725e-05
1.787677720200401e-02	-2.895560e-05
1.788677720200401e-02	1.172723e-05
1.789677720200402e-02	-2.895558e-05
1.790677720200402e-02	1.172722e-05
1.791677720200402e-02	-2.895557e-05
1.792677720200402e-02	1.172720e-05
1.793677720200402e-02	-2.895555e-05
1.794677720200401e-02	1.172719e-05
1.795677720200401e-02	-2.895554e-05
1.796677720200401e-02	1.172718e-05
1.797677720200402e-02	-2.895552e-05
1.798677720200402e-02	1.172716e-05
1.799677720200402e-02	-2.895551e-05
1.800677720200402e-02	1.172715e-05
1.801677720200402e-02	-2.895550e-05
1.802677720200401e-02	1.172713e-05
1.803677720200401e-02	-2.895548e-05
1.804677720200401e-02	1.172712e-05
1.805677720200401e-02	-2.895547e-05
1.806677720200402e-02	1.172710e-05
1.807677720200402e-02	-2.895545e-05
1.808677720200402e-02	1.172709e-05
1.809677720200402e-02	-2.895544e-05
1.810677720200402e-02	1.172708e-05
1.811677720200401e-02	-2.895542e-05
1.812677720200401e-02	1.172706e-05
1.813677720200401e-02	-2.895541e-05
1.814677720200402e-02	1.172705e-05
1.815677720200402e-02	-2.895540e-05
1.816677720200402e-02	1.172703e-05
1.817677720200402e-02	-2.895538e-05
1.818677720200402e-02	1.172702e-05
1.819677720200401e-02	-2.895537e-05
1.820677720200401e-02	1.172700e-05
1.821677720200401e-02	-2.895535e-05
1.822677720200401e-02	1.172699e-05
1.823677720200402e-02	-2.895534e-05
1.824677720200402e-02	1.172698e-05
1.825677720200402e-02	-2.895533e-05
1.826677720200402e-02	1.172696e-05
1.827677720200402e-02	-2.895531e-05
1.828677720200401e-02	1.172695e-05
1.829677720200401e-02	-2.895530e-05
1.830677720200401e-02	1.172693e-05
1.831677720200402e-02	-2.895528e-05
1.832677720200402e-02	1.172692e-05
1.833677720200402e-02	-2.895527e-05
1.834677720200402e-02	1.172691e-05
1.835677720200402e-02	-2.895526e-05
1.836677720200402e-02	1.172689e-05
1.837677720200401e-02	-2.895524e-05
1.838677720200401e-02	1.172688e-05
1.839677720200401e-02	-2.895523e-05
1.840677720200402e-02	1.172686e-05
1.841677720200402e-02	-2.895521e-05
1.842677720200402e-02	1.172685e-05
1.843677720200402e-02	-2.895520e-05
1.844677720200402e-02	1.172683e-05
1.845677720200401e-02	-2.895518e-05
1.846677720200401e-02	1.172682e-05
1.847677720200401e-02	-2.895517e-05
1.848677720200402e-02	1.172681e-05
1.849677720200402e-02	-2.895516e-05
1.850677720200402e-02	1.172679e-05
1.851677720200402e-02	-2.895514e-05
1.852677720200402e-02	1.172678e-05
1.853677720200402e-02	-2.895513e-05
1.854677720200401e-02	1.172676e-05
1.855677720200401e-02	-2.895511e-05
1.856677720200401e-02	1.172675e-05
1.857677720200402e-02	-2.895510e-05
1.858677720200402e-02	1.172673e-05
1.859677720200402e-02	-2.895508e-05
1.860677720200402e-02	1.172672e-05
1.861677720200402e-02	-2.895507e-05
1.862677720200401e-02	1.172671e-05
1.863677720200401e-02	-2.895506e-05
1.864677720200401e-02	1.172669e-05
1.865677720200402e-02	-2.895504e-05
1.866677720200402e-02	1.172668e-05
1.867677720200402e-02	-2.895503e-05
1.868677720200402e-02	1.172666e-05
1.869677720200402e-02	-2.895501e-05
1.870677720200402e-02	1.172665e-05
1.871677720200401e-02	-2.895500e-05
1.872677720200401e-02	1.172664e-05
1.873677720200401e-02	-2.895498e-05
1.874677720200402e-02	1.172662e-05
1.875677720200402e-02	-2.895497e-05
1.876677720200402e-02	1.172661e-05
1.877677720200402e-02	-2.895496e-05
1.878677720200402e-02	1.172659e-05
1.879677720200401e-02	-2.895494e-05
1.880677720200401e-02	1.172658e-05
1.881677720200401e-02	-2.895493e-05
1.882677720200402e-02	1.172656e-05
1.883677720200402e-02	-2.895491e-05
1.884677720200402e-02	1.172655e-05
1.885677720200402e-02	-2.895490e-05
1.886677720200402e-02	1.172654e-05
1.887677720200402e-02	-2.895488e-05
1.888677720200401e-02	1.172652e-05
1.889677720200401e-02	-2.895487e-05
1.890677720200401e-02	1.172651e-05
1.891677720200402e-02	-2.895486e-05
1.892677720200402e-02	1.172649e-05
1.893677720200402e-02	-2.895484e-05
1.894677720200402e-02	1.172648e-05
1.895677720200402e-02	-2.895483e-05
1.896677720200401e-02	1.172646e-05
1.897677720200401e-02	-2.895481e-05
1.898677720200401e-02	1.172645e-05
1.899677720200401e-02	-2.895480e-05
1.900677720200402e-02	1.172644e-05
1.901677720200402e-02	-2.895478e-05
1.902677720200402e-02	1.172642e-05
1.903677720200402e-02	-2.895477e-05
1.904677720200402e-02	1.172641e-05
1.905677720200401e-02	-2.895476e-05
1.906677720200401e-02	1.172639e-05
1.907677720200401e-02	-2.895474e-05
1.908677720200402e-02	1.172638e-05
1.909677720200402e-02	-2.895473e-05
1.910677720200402e-02	1.172636e-05
1.911677720200402e-02	-2.895471e-05
1.912677720200402e-02	1.172635e-05
1.913677720200401e-02	-2.895470e-05
1.914677720200401e-02	1.172634e-05
1.915677720200401e-02	-2.895468e-05
1.916677720200401e-02	1.172632e-05
1.917677720200402e-02	-2.895467e-05
1.918677720200402e-02	1.172631e-05
1.919677720200402e-02	-2.895466e-05
1.920677720200402e-02	1.172629e-05
1.921677720200402e-02	-2.895464e-05
1.922677720200401e-02	1.172628e-05
1.923677720200401e-02	-2.895463e-05
1.924677720200401e-02	1.172627e-05
1.925677720200402e-02	-2.895461e-05
1.926677720200402e-02	1.172625e-05
1.927677720200402e-02	-2.895460e-05
1.928677720200402e-02	1.172624e-05
1.929677720200402e-02	-2.895458e-05
1.930677720200401e-02	1.172622e-05
1.931677720200401e-02	-2.895457e-05
1.932677720200401e-02	1.172621e-05
1.933677720200401e-02	-2.895456e-05
1.934677720200402e-02	1.172619e-05
1.935677720200402e-02	-2.895454e-05
1.936677720200402e-02	1.172618e-05
1.937677720200402e-02	-2.895453e-05
1.938677720200402e-02	1.172617e-05
1.939677720200401e-02	-2.895451e-05
1.940677720200401e-02	1.172615e-05
1.941677720200401e-02	-2.895450e-05
1.942677720200402e-02	1.172614e-05
1.943677720200402e-02	-2.895449e-05
1.944677720200402e-02	1.172612e-05
1.945677720200402e-02	-2.895447e-05
1.946677720200402e-02	1.172611e-05
1.947677720200401e-02	-2.895446e-05
1.948677720200401e-02	1.172609e-05
1.949677720200401e-02	-2.895444e-05
1.950677720200401e-02	1.172608e-05
1.951677720200402e-02	-2.895443e-05
1.952677720200402e-02	1.172607e-05
1.953677720200402e-02	-2.895441e-05
1.954677720200402e-02	1.172605e-05
1.955677720200402e-02	-2.895440e-05
1.956677720200401e-02	1.172604e-05
1.957677720200401e-02	-2.895439e-05
1.958677720200401e-02	1.172602e-05
1.959677720200402e-02	-2.895437e-05
1.960677720200402e-02	1.172601e-05
1.961677720200402e-02	-2.895436e-05
1.962677720200402e-02	1.172599e-05
1.963677720200402e-02	-2.895434e-05
1.964677720200401e-02	1.172598e-05
1.965677720200401e-02	-2.895433e-05
1.966677720200401e-02	1.172597e-05
1.967677720200401e-02	-2.895431e-05
1.968677720200402e-02	1.172595e-05
1.969677720200402e-02	-2.895430e-05
1.970677720200402e-02	1.172594e-05
1.971677720200402e-02	-2.895429e-05
1.972677720200402e-02	1.172592e-05
1.973677720200401e-02	-2.895427e-05
1.974677720200401e-02	1.172591e-05
1.975677720200401e-02	-2.895426e-05
1.976677720200402e-02	1.172589e-05
1.977677720200402e-02	-2.895424e-05
1.978677720200402e-02	1.172588e-05
1.979677720200402e-02	-2.895423e-05
1.980677720200402e-02	1.172587e-05
1.981677720200401e-02	-2.895421e-05
1.982677720200401e-02	1.172585e-05
1.983677720200401e-02	-2.895420e-05
1.984677720200401e-02	1.172584e-05
1.985677720200402e-02	-2.895419e-05
1.986677720200402e-02	1.172582e-05
1.987677720200402e-02	-2.895417e-05
1.988677720200402e-02	1.172581e-05
1.989677720200402e-02	-2.895416e-05
1.990677720200401e-02	1.172579e-05
1.991677720200401e-02	-2.895414e-05
1.992677720200401e-02	1.172578e-05
1.993677720200402e-02	-2.895413e-05
1.994677720200402e-02	1.172577e-05
1.995677720200402e-02	-2.895411e-05
1.996677720200402e-02	1.172575e-05
1.997677720200402e-02	-2.895410e-05
1.998677720200401e-02	1.172574e-05
1.999677720200401e-02	-2.895408e-05
2.000000000000000e-02	1.172571e-05
